1.000000000000000056e-01
1.100000000000000006e-01
1.199999999999999956e-01
1.300000000000000044e-01
1.399999999999999856e-01
1.499999999999999667e-01
1.599999999999999756e-01
1.699999999999999845e-01
1.799999999999999656e-01
1.899999999999999467e-01
1.999999999999999556e-01
2.099999999999999645e-01
2.199999999999999456e-01
2.299999999999999545e-01
2.399999999999999356e-01
2.499999999999999167e-01
2.599999999999998979e-01
2.699999999999999067e-01
2.799999999999999156e-01
2.899999999999999245e-01
2.999999999999999334e-01
3.099999999999999423e-01
3.199999999999998956e-01
3.299999999999998490e-01
3.399999999999998579e-01
3.499999999999998668e-01
3.599999999999998757e-01
3.699999999999998845e-01
3.799999999999998934e-01
3.899999999999999023e-01
3.999999999999998002e-01
4.099999999999998090e-01
4.199999999999998179e-01
4.299999999999998268e-01
4.399999999999998357e-01
4.499999999999998446e-01
4.599999999999998535e-01
4.699999999999998623e-01
4.799999999999997602e-01
4.899999999999997691e-01
4.999999999999997780e-01
5.099999999999997868e-01
5.199999999999997957e-01
5.299999999999998046e-01
5.399999999999998135e-01
5.499999999999998224e-01
5.599999999999997202e-01
5.699999999999997291e-01
5.799999999999997380e-01
5.899999999999997469e-01
5.999999999999997558e-01
6.099999999999997646e-01
6.199999999999997735e-01
6.299999999999996714e-01
6.399999999999996803e-01
6.499999999999996891e-01
6.599999999999996980e-01
6.699999999999997069e-01
6.799999999999997158e-01
6.899999999999997247e-01
6.999999999999996225e-01
7.099999999999996314e-01
7.199999999999996403e-01
7.299999999999996492e-01
7.399999999999996581e-01
7.499999999999996669e-01
7.599999999999996758e-01
7.699999999999996847e-01
7.799999999999996936e-01
7.899999999999995914e-01
7.999999999999996003e-01
8.099999999999996092e-01
8.199999999999996181e-01
8.299999999999996270e-01
8.399999999999996358e-01
8.499999999999996447e-01
8.599999999999995426e-01
8.699999999999995515e-01
8.799999999999995604e-01
8.899999999999995692e-01
8.999999999999995781e-01
9.099999999999995870e-01
9.199999999999995959e-01
9.299999999999996048e-01
9.399999999999996136e-01
9.499999999999995115e-01
9.599999999999995204e-01
9.699999999999995293e-01
9.799999999999995381e-01
9.899999999999995470e-01
