3.808401243792080493e+01
3.700499622807606670e+01
3.594177704680835461e+01
3.489449981205774520e+01
3.386331355010900523e+01
3.284835498057204006e+01
3.184973861473957157e+01
3.086755133839814036e+01
2.990185001721615876e+01
2.895266110442882024e+01
2.801998154819500186e+01
2.710378051768368834e+01
2.620400162027563695e+01
2.532056538839361792e+01
2.445337188828950659e+01
2.360230335477587360e+01
2.276722679228749513e+01
2.194799650850121253e+01
2.114445656529592199e+01
2.035644314538621202e+01
1.958378684316663509e+01
1.882631489636918332e+01
1.808385338199479264e+01
1.735622940637605183e+01
1.664327332581020258e+01
1.594482104157240521e+01
1.526071642191418398e+01
1.459081391457215915e+01
1.393498142720850730e+01
1.329310357114046148e+01
1.266508538705936360e+01
1.205085670197861880e+01
1.145037730674101084e+01
1.086364319614732388e+01
1.029069418317073570e+01
9.731623289948112543e+00
9.186588437681130870e+00
8.655827112665818390e+00
8.139674884008231359e+00
7.638588895450991068e+00
7.153177746246996982e+00
6.684239490325949440e+00
6.232809748121983517e+00
5.800221972019592442e+00
5.388181373051470935e+00
4.998852194008266636e+00
4.634953631283917908e+00
4.299850770715958781e+00
3.997611016361501068e+00
3.732972747679241365e+00
3.511147098285436030e+00
3.337366792981169006e+00
3.216147238553875631e+00
3.150365957678665563e+00
3.140452543982325651e+00
3.184055966926394809e+00
3.276379017330334875e+00
3.411030961221099389e+00
3.581026264364890910e+00
3.779598334136159643e+00
4.000691299465627182e+00
4.239159865999670096e+00
4.490775553508891349e+00
4.752133476616946517e+00
5.020523602810628816e+00
5.293801429489188415e+00
5.570273492557813455e+00
5.848602268328353837e+00
6.127729883209386053e+00
6.406818062645437628e+00
6.685201316244461900e+00
6.962350581829043428e+00
7.237844996466749947e+00
7.511349929622570087e+00
7.782599825935744065e+00
8.051384742289696916e+00
8.317539728761110140e+00
8.580936406681729522e+00
8.841476251766355432e+00
9.099085207129672170e+00
9.353709339133347456e+00
9.605311315481412038e+00
9.853867535244958731e+00
1.009936577863698126e+01
1.034180327340518524e+01
1.058118509695277609e+01
1.081752285039042683e+01
1.105083355394719469e+01
1.128113872343420532e+01
1.150846359547931108e+01
