2.392464753176732462e+00
2.153415372838744624e+00
1.916531488144544326e+00
1.681790519522274874e+00
1.449170884462039455e+00
1.218652687167435467e+00
9.902193400524984535e-01
7.638620118416380445e-01
5.395949984674293098e-01
3.175349055960559053e-01
9.903236791540794004e-02
1.244490627512126329e-01
3.395848655561051754e-01
5.539017320225817498e-01
7.665001997977348713e-01
9.772863223949168621e-01
1.186248449372550029e+00
1.393394380408236710e+00
1.598738356595755583e+00
1.802297165987773564e+00
2.004088693384662889e+00
2.204131294831293442e+00
2.402443497599983324e+00
2.793950806995403990e+00
