3.176235564095088559e+00
3.169936674764829210e+00
3.164200362286211821e+00
3.159026677294472840e+00
3.154415383897030356e+00
3.150365957678665563e+00
3.146877584459216060e+00
3.143949159817942096e+00
3.141579289388463980e+00
3.139766289926149589e+00
3.138508191145214177e+00
3.137802738314785511e+00
3.137647395606321332e+00
3.138039350168345010e+00
3.138975516913029562e+00
3.140452543982325651e+00
3.142466818871187062e+00
3.145014475167677848e+00
3.148091399877801955e+00
3.151693241293275438e+00
3.155815417362848319e+00
3.160453124519469803e+00
3.165601346920400960e+00
3.171254866053466070e+00
3.177408270659743295e+00
3.184055966926394809e+00
