5.550000000000000488e-01
5.600000000000000533e-01
5.650000000000000577e-01
5.700000000000000622e-01
5.750000000000000666e-01
5.800000000000000711e-01
5.850000000000000755e-01
5.900000000000000799e-01
5.950000000000000844e-01
6.000000000000000888e-01
6.050000000000000933e-01
6.100000000000000977e-01
6.150000000000001021e-01
6.200000000000001066e-01
6.250000000000001110e-01
6.300000000000001155e-01
6.350000000000001199e-01
6.400000000000001243e-01
6.450000000000001288e-01
6.500000000000001332e-01
6.550000000000001377e-01
6.600000000000001421e-01
6.650000000000001465e-01
