6.250000000000000000e-01
6.260000000000000009e-01
6.270000000000000018e-01
6.280000000000000027e-01
6.290000000000000036e-01
6.300000000000000044e-01
6.310000000000000053e-01
6.320000000000000062e-01
6.330000000000000071e-01
6.340000000000000080e-01
6.350000000000000089e-01
6.360000000000000098e-01
6.370000000000000107e-01
6.380000000000000115e-01
6.390000000000000124e-01
6.400000000000000133e-01
6.410000000000000142e-01
6.420000000000000151e-01
6.430000000000000160e-01
6.440000000000000169e-01
6.450000000000000178e-01
6.460000000000000187e-01
6.470000000000000195e-01
6.480000000000000204e-01
6.490000000000000213e-01
6.500000000000000222e-01
