5.388181373051403433e+00
4.998852194008192917e+00
4.634953631283917908e+00
4.299850770715874404e+00
3.997611016361501068e+00
3.732972747679045522e+00
3.511147098285332113e+00
3.337366792981277808e+00
3.216147238553875631e+00
3.150365957678665563e+00
3.140452543982209743e+00
3.184055966926394809e+00
3.276379017330334875e+00
3.411030961221206415e+00
3.581026264365094303e+00
3.779598334136159643e+00
4.000691299465536588e+00
4.239159865999756249e+00
4.490775553508891349e+00
4.752133476616946517e+00
5.293801429489120025e+00
