CF- 112a mag compass orientation (IGRF corrected)
   52.1 343.5  80.0               1.0
NRM    298.3  43.7 298.3  43.7 4.55E-04 002.6 139.3  38.7 1.349511 1.513240 0.291585 hargrave 2020-12-20 21:11:26 
TT 100 295.8  43.3 295.8  43.3 4.51E-04 001.9 139.9  40.5 0.939387 1.138800 0.245613 hargrave 2020-12-22 19:12:16 
TT 200 294.9  36.9 294.9  36.9 4.24E-04 001.8 132.6  44.0 0.990831 0.905739 0.207721 hargrave 2020-12-29 16:50:53 
TT 300 292.4  37.4 292.4  37.4 3.72E-04 003.2 134.5  45.6 1.505139 1.468597 0.197358 hargrave 2020-12-30 12:39:30 
TT 400 293.1  35.5 293.1  35.5 3.11E-04 000.7 131.7  45.9 0.269892 0.242866 0.166017 hargrave 2021-01-01 17:23:58 
TT 450 294.2  33.9 294.2  33.9 2.80E-04 001.9 129.2  45.8 0.887289 0.367041 0.538882 hargrave 2021-01-02 12:13:55 
TT 500 294.3  33.5 294.3  33.5 2.36E-04 004.0 128.5  45.9 1.268436 1.077500 0.169757 hargrave 2021-01-02 19:29:03 
TT 525 251.9  37.9 251.9  37.9 2.04E-04 001.0 182.7  62.0 0.249930 0.256991 0.118612 hargrave 2021-01-03 16:45:50 
TT 550 293.9  33.9 293.9  33.9 2.14E-04 000.7 129.2  46.0 0.171221 0.160641 0.145201 hargrave 2021-01-03 22:32:47 
TT 560 294.5  33.2 294.5  33.2 2.05E-04 001.6 128.0  45.8 0.448013 0.328616 0.148611 hargrave 2021-01-07 21:19:35 
TT 570 293.6  34.4 293.6  34.4 1.91E-04 001.8 130.0  46.0 0.516353 0.240083 0.187712 hargrave 2021-01-19 16:18:01 
TT 580 293.5  34.1 293.5  34.1 1.82E-04 001.5 129.8  46.2 0.393998 0.090375 0.285516 hargrave 2021-01-24 13:21:39 
TT 590 295.0  32.2 295.0  32.2 1.81E-04 000.8 126.5  45.8 0.170949 0.086951 0.187243 hargrave 2021-01-28 12:07:26 
TT 600 293.7  32.2 293.7  32.2 1.72E-04 000.4 127.1  46.8 0.094845 0.077336 0.069655 hargrave 2021-01-29 10:01:04 
TT 610 293.2  31.9 293.2  31.9 1.63E-04 000.7 127.0  47.3 0.140265 0.057145 0.154367 hargrave 2021-01-29 16:38:14 
TT 620 291.9  32.7 291.9  32.7 1.53E-04 001.2 128.7  48.0 0.198151 0.216377 0.181685 hargrave 2021-01-31 15:30:53 
TT 630 293.9  31.4 293.9  31.4 1.46E-04 002.5 125.9  46.9 0.485251 0.392058 0.122664 hargrave 2021-02-02 10:22:42 
TT 640 294.0  31.3 294.0  31.3 1.36E-04 000.9 125.8  46.9 0.133515 0.141172 0.100841 hargrave 2021-02-02 17:50:02 
TT 650 294.7  31.4 294.7  31.4 1.29E-04 000.7 125.6  46.3 0.125857 0.078355 0.094480 hargrave 2021-02-04 11:21:48 
TT 660 294.2  31.0 294.2  31.0 1.05E-04 000.8 125.1  46.8 0.121124 0.083511 0.082680 hargrave 2021-02-04 18:05:14 
TT 664 294.4  29.3 294.4  29.3 9.28E-05 002.3 122.8  47.2 0.301575 0.224351 0.063914 hargrave 2021-02-05 14:10:18 
TT 668 294.8  30.9 294.8  30.9 8.27E-05 001.7 124.8  46.4 0.203028 0.138621 0.057270 hargrave 2021-02-05 20:04:44 
TT 672 296.1  28.6 296.1  28.6 6.33E-05 001.6 121.1  46.0 0.162179 0.072792 0.049492 hargrave 2021-02-06 16:03:36 
TT 674 292.9  30.0 292.9  30.0 5.73E-05 001.3 124.4  48.3 0.090398 0.081905 0.062801 hargrave 2021-02-07 18:28:34 
TT 676 297.3  29.3 297.3  29.3 4.54E-05 002.0 121.7  44.8 0.113799 0.145797 0.045451 hargrave 2021-02-09 13:30:05 
TT 678 295.5  31.8 295.5  31.8 3.58E-05 001.5 125.7  45.5 0.070934 0.069203 0.032249 hargrave 2021-02-11 14:05:32 
TT 680 301.7  31.9 301.7  31.9 2.06E-05 001.7 123.7  40.5 0.051797 0.034869 0.020468 hargrave 2021-02-11 20:44:51 
TT 682 287.1  33.2 287.1  33.2 1.56E-05 001.8 132.1  51.4 0.037506 0.032871 0.011275 hargrave 2021-02-12 14:27:25 
TT 684 312.4  47.7 312.4  47.7 7.14E-06 001.7 139.2  28.1 0.015338 0.010858 0.016004 hargrave 2021-02-13 14:08:39 
TT 687 295.0  53.9 295.0  53.9 6.83E-06 001.7 151.5  35.1 0.014645 0.015856 0.009827 hargrave 2021-02-13 19:07:08 
