CF- 100a mag compass orientation (IGRF corrected)
     47  32.5  55.0               1.0
NRM    285.2  49.6 285.2  49.6 1.73E-04 001.2 215.7  70.7 0.317182 0.154589 0.085022 hargrave 2020-12-20 20:51:06 
TT 100 286.5  48.2 286.5  48.2 8.45E-05 071.7 217.0  72.2 2.205158 1.664833 8.605315 hargrave 2020-12-22 18:55:55 
TT 100 286.4  47.7 286.4  47.7 1.70E-04 001.1 218.6  72.5 0.208093 0.230145 0.037230 hargrave 2020-12-22 20:13:33 
TT 200 285.7  43.1 285.7  43.1 1.61E-04 002.0 232.9  74.7 0.492702 0.256884 0.061336 hargrave 2020-12-29 16:33:34 
TT 300 284.9  38.3 284.9  38.3 1.36E-04 001.5 251.7  75.5 0.348339 0.090829 0.041448 hargrave 2020-12-30 12:18:16 
TT 400 283.6  36.7 283.6  36.7 1.06E-04 001.5 258.2  74.6 0.243290 0.124079 0.037228 hargrave 2021-01-01 17:05:20 
TT 450 285.8  36.7 285.8  36.7 9.12E-05 001.9 258.1  76.4 0.297216 0.078400 0.038883 hargrave 2021-01-02 11:52:00 
TT 500 285.4  36.4 285.4  36.4 7.98E-05 001.2 259.3  76.0 0.147213 0.082173 0.037401 hargrave 2021-01-02 19:11:08 
TT 525 286.6  35.3 286.6  35.3 7.71E-05 003.7 264.1  77.0 0.499302 0.075041 0.035737 hargrave 2021-01-03 16:27:59 
TT 550 287.7  32.9 287.7  32.9 6.66E-05 001.2 275.6  77.5 0.125561 0.063711 0.018676 hargrave 2021-01-03 22:16:18 
TT 560 287.0  32.5 287.0  32.5 6.23E-05 000.9 276.7  76.9 0.090129 0.037900 0.034114 hargrave 2021-01-07 21:00:04 
TT 570 287.1  32.5 287.1  32.5 6.01E-05 001.3 276.9  77.0 0.126440 0.055559 0.033171 hargrave 2021-01-19 16:01:29 
TT 580 286.0  33.3 286.0  33.3 5.42E-05 002.4 272.4  76.3 0.218636 0.052052 0.026835 hargrave 2021-01-24 13:02:06 
TT 590 287.2  31.7 287.2  31.7 5.32E-05 000.9 280.1  76.8 0.065797 0.049941 0.020620 hargrave 2021-01-28 11:46:54 
TT 600 287.0  33.8 287.0  33.8 5.17E-05 001.5 270.7  77.2 0.085519 0.094983 0.033073 hargrave 2021-01-29 09:41:10 
TT 610 282.1  30.9 282.1  30.9 4.66E-05 001.1 277.8  72.4 0.075779 0.045546 0.025842 hargrave 2021-01-29 16:18:10 
TT 620 288.3  30.0 288.3  30.0 4.29E-05 001.9 288.7  77.1 0.131423 0.055213 0.024519 hargrave 2021-01-31 15:11:29 
TT 630 285.8  29.4 285.8  29.4 4.05E-05 001.1 286.9  74.8 0.052198 0.054574 0.030785 hargrave 2021-02-02 09:59:52 
TT 640 294.5  32.5 294.5  32.5 3.20E-05 001.1 288.5  82.9 0.046395 0.040038 0.015897 hargrave 2021-02-02 17:30:17 
TT 650 288.2  31.9 288.2  31.9 2.68E-05 001.1 280.7  77.7 0.034036 0.036452 0.005422 hargrave 2021-02-04 11:01:58 
TT 660 299.0  30.8 299.0  30.8 1.99E-05 000.7 323.9  84.9 0.021658 0.010055 0.005127 hargrave 2021-02-04 17:45:34 
TT 664 292.3  41.0 292.3  41.0 1.26E-05 000.4 230.4  80.0 0.005944 0.005458 0.002882 hargrave 2021-02-05 13:50:39 
TT 668 308.7  41.1 308.7  41.1 1.19E-05 001.0 143.1  82.2 0.019492 0.005712 0.005061 hargrave 2021-02-05 19:45:20 
TT 672 312.2  60.1 312.2  60.1 6.31E-06 002.8 168.9  64.1 0.012391 0.027981 0.002190 hargrave 2021-02-06 15:43:59 
TT 674 259.6  40.1 259.6  40.1 2.99E-06 004.5 248.4  55.9 0.023062 0.006522 0.006998 hargrave 2021-02-07 18:09:02 
TT 676 278.9  73.1 278.9  73.1 3.61E-06 002.8 190.4  50.1 0.006474 0.016801 0.001906 hargrave 2021-02-09 13:10:25 
TT 678 161.6  84.5 161.6  84.5 3.29E-06 005.4 184.1  30.6 0.007635 0.031051 0.002719 hargrave 2021-02-11 13:45:44 
TT 680 121.8  73.4 121.8  73.4 2.69E-06 004.1 179.8  18.4 0.005095 0.019499 0.001894 hargrave 2021-02-11 20:25:12 
