CF- 106a mag compass orientation (IGRF corrected)
   49.3  -2.5  85.0               1.0
NRM    294.5  58.4 294.5  58.4 2.06E-04 009.2 163.6  32.7 0.351384 3.203106 0.870860 hargrave 2020-12-20 20:59:33 
NRM    298.1  57.5 298.1  57.5 2.08E-04 004.0 161.1  32.3 0.223333 1.130247 0.871787 hargrave 2020-12-20 22:22:33 
TT 100 289.4  55.4 289.4  55.4 2.00E-04 002.6 164.7  36.6 0.570104 0.390888 0.611772 hargrave 2020-12-22 19:02:38 
TT 200 287.0  45.5 287.0  45.5 1.63E-04 001.9 160.3  46.0 0.333804 0.203734 0.366177 hargrave 2020-12-29 16:41:08 
TT 300 284.6  41.2 284.6  41.2 1.23E-04 002.8 159.6  50.7 0.247523 0.455144 0.311281 hargrave 2020-12-30 12:26:45 
TT 400 287.7  37.3 287.7  37.3 9.66E-05 003.5 153.0  52.8 0.165431 0.534776 0.196483 hargrave 2021-01-01 17:12:48 
TT 450 279.6  37.5 279.6  37.5 4.23E-05 058.0 162.8  55.7 2.433019 0.755206 3.733002 hargrave 2021-01-02 12:01:38 
TT 450 283.9  37.9 283.9  37.9 8.43E-05 002.6 157.9  53.9 0.214093 0.246814 0.213793 hargrave 2021-01-02 13:30:47 
TT 500 286.4  38.2 286.4  38.2 7.37E-05 002.5 155.2  52.7 0.176174 0.240317 0.158779 hargrave 2021-01-02 19:17:54 
TT 525 292.8  36.1 292.8  36.1 7.08E-05 005.4 146.7  51.2 0.087040 0.596736 0.286098 hargrave 2021-01-03 16:35:25 
TT 550 287.2  36.6 287.2  36.6 6.28E-05 002.5 152.8  53.6 0.228757 0.087837 0.132830 hargrave 2021-01-03 22:23:03 
TT 560 293.5  34.0 293.5  34.0 5.67E-05 004.3 143.5  52.2 0.051408 0.366926 0.206744 hargrave 2021-01-07 21:08:29 
TT 570 288.5  34.4 288.5  34.4 5.43E-05 003.4 149.2  54.7 0.135251 0.269325 0.127096 hargrave 2021-01-19 16:08:37 
TT 580 287.4  32.3 287.4  32.3 4.84E-05 003.0 148.2  57.0 0.146686 0.149870 0.152008 hargrave 2021-01-24 13:10:31 
TT 590 288.0  34.5 288.0  34.5 4.77E-05 002.0 149.9  54.9 0.125191 0.058307 0.104585 hargrave 2021-01-28 11:56:11 
TT 600 286.5  33.4 286.5  33.4 4.45E-05 001.8 150.5  56.5 0.115127 0.064217 0.070908 hargrave 2021-01-29 09:49:40 
TT 610 286.4  25.9 286.4  25.9 3.97E-05 001.9 141.2  62.3 0.106401 0.048316 0.069011 hargrave 2021-01-29 16:27:05 
TT 620 286.5  30.1 286.5  30.1 3.61E-05 002.0 146.7  59.2 0.071627 0.087318 0.066953 hargrave 2021-01-31 15:20:43 
TT 630 292.4  27.0 292.4  27.0 3.32E-05 001.9 135.5  57.6 0.057410 0.084036 0.058346 hargrave 2021-02-02 10:11:38 
TT 640 295.6  26.5 295.6  26.5 2.69E-05 003.5 131.6  55.6 0.082220 0.132032 0.058717 hargrave 2021-02-02 17:39:00 
TT 650 295.0  27.4 295.0  27.4 2.62E-05 003.6 133.6  55.5 0.137934 0.079947 0.052348 hargrave 2021-02-04 11:10:38 
TT 660 293.3  28.9 293.3  28.9 1.95E-05 001.4 137.2  55.8 0.039458 0.021794 0.028342 hargrave 2021-02-04 17:54:14 
TT 664 293.0  25.5 293.0  25.5 1.86E-05 004.8 132.6  58.1 0.102194 0.116828 0.024981 hargrave 2021-02-05 13:59:15 
TT 668 301.0  22.9 301.0  22.9 1.54E-05 001.9 122.2  53.1 0.042237 0.015875 0.031676 hargrave 2021-02-05 19:53:48 
TT 672 304.6  23.9 304.6  23.9 1.28E-05 002.7 121.7  49.6 0.051649 0.017423 0.034187 hargrave 2021-02-06 15:52:33 
TT 674 298.4  16.0 298.4  16.0 1.19E-05 001.2 112.2  57.8 0.017010 0.017342 0.010634 hargrave 2021-02-07 18:17:33 
TT 676 301.6  14.4 301.6  14.4 1.22E-05 002.1 108.1  55.2 0.042806 0.013195 0.011699 hargrave 2021-02-09 13:19:00 
TT 678 291.7  07.7 291.7  07.7 1.10E-05 001.0 097.6  65.8 0.012122 0.013415 0.008723 hargrave 2021-02-11 13:54:24 
TT 680 304.0  29.1 304.0  29.1 9.74E-06 001.9 129.1  47.9 0.016357 0.021755 0.018993 hargrave 2021-02-11 20:33:47 
TT 682 313.9  20.6 313.9  20.6 7.24E-06 002.9 113.5  42.3 0.029980 0.020253 0.009196 hargrave 2021-02-12 14:17:09 
TT 684 303.9  19.2 303.9  19.2 6.64E-06 001.4 115.0  51.8 0.010140 0.010272 0.007723 hargrave 2021-02-13 14:03:10 
TT 687 269.6  57.6 269.6  57.6 4.18E-06 004.6 178.6  37.3 0.009069 0.031277 0.011162 hargrave 2021-02-13 19:00:55 
