CF- 124a mag compass orientation (IGRF corrected)
   56.5 308.5  68.0               1.0
NRM    293.9  59.6 293.9  59.6 1.66E-04 009.0 146.9  26.2 1.510838 2.153416 0.221769 hargrave 2020-12-20 21:32:22 
NRM    301.5  51.3 301.5  51.3 1.67E-04 005.9 138.2  21.3 0.662605 0.162659 1.582058 hargrave 2020-12-20 22:24:06 
TT 100 292.7  60.8 292.7  60.8 1.56E-04 017.8 148.2  26.7 2.743379 4.199905 0.179468 hargrave 2020-12-22 19:28:35 
TT 100 295.2  52.9 295.2  52.9 1.62E-04 004.6 139.5  25.3 0.851311 0.975740 0.195191 hargrave 2020-12-22 20:14:53 
TT 200 293.3  52.0 293.3  52.0 1.48E-04 005.8 138.4  26.4 1.034921 1.089307 0.126020 hargrave 2020-12-29 17:08:02 
TT 300 296.1  49.2 296.1  49.2 1.27E-04 002.9 135.5  24.4 0.471589 0.432213 0.134907 hargrave 2020-12-30 13:00:26 
TT 400 295.8  43.9 295.8  43.9 5.34E-05 070.3 129.7  24.0 3.335557 4.012101 2.319892 hargrave 2021-01-01 17:49:40 
TT 400 298.5  41.3 298.5  41.3 5.38E-05 060.1 127.3  21.6 3.239666 4.257531 2.118954 hargrave 2021-01-01 19:11:29 
NRM400 297.1  47.3 297.1  47.3 1.07E-04 001.3 133.5  23.6 0.151468 0.208180 0.052632 hargrave 2021-01-01 19:49:22 
TT 450 295.7  45.4 295.7  45.4 9.79E-05 004.0 131.3  24.3 0.525969 0.425422 0.111756 hargrave 2021-01-02 12:35:39 
TT 500 296.3  52.9 296.3  52.9 8.62E-05 009.1 139.6  24.6 0.903393 1.054051 0.060948 hargrave 2021-01-02 19:47:27 
TT 525 296.7  53.0 296.7  53.0 8.41E-05 001.1 139.7  24.4 0.057402 0.175685 0.054186 hargrave 2021-01-03 17:02:48 
TT 550 295.2  42.8 295.2  42.8 7.84E-05 005.2 128.4  24.3 0.615700 0.372898 0.069130 hargrave 2021-01-03 22:49:49 
TT 560 293.9  47.2 293.9  47.2 7.37E-05 006.2 133.1  25.7 0.575301 0.563910 0.053309 hargrave 2021-01-07 21:39:42 
TT 570 294.3  45.1 294.3  45.1 7.02E-05 006.7 130.9  25.2 0.658955 0.490190 0.111602 hargrave 2021-01-19 16:34:54 
TT 580 261.3  36.3 261.3  36.3 5.81E-05 030.8 120.9  50.3 2.393147 1.371651 2.082392 hargrave 2021-01-24 13:41:47 
TT 580 262.3  33.7 262.3  33.7 5.85E-05 030.1 116.7  49.8 2.172487 1.573954 2.081008 hargrave 2021-01-24 14:25:33 
TT 580 292.5  33.5 292.5  33.5 3.33E-05 051.6 117.9  24.8 1.514915 2.856473 1.494325 hargrave 2021-01-24 14:58:59 
TT 580 295.6  40.1 295.6  40.1 6.64E-05 002.1 125.6  23.5 0.168616 0.103540 0.161815 hargrave 2021-01-24 15:17:55 
TT 590 296.2  46.2 296.2  46.2 6.59E-05 004.8 132.2  24.0 0.396128 0.383802 0.040529 hargrave 2021-01-28 12:27:44 
TT 600 292.5  40.9 292.5  40.9 6.16E-05 011.5 126.0  26.0 0.991597 0.764088 0.030907 hargrave 2021-01-29 10:21:27 
TT 600 023.8  64.7 023.8  64.7 2.73E-05 065.1 173.8 -02.6 0.404227 5.231446 3.006523 hargrave 2021-01-29 11:03:41 
TT 600 292.2  38.2 292.2  38.2 6.20E-05 008.6 123.1  25.9 0.766378 0.545352 0.031992 hargrave 2021-01-29 11:12:11 
TT 600 291.3  44.5 291.3  44.5 6.20E-05 007.5 129.9  27.3 0.645151 0.492446 0.096014 hargrave 2021-01-29 11:27:16 
TT 610 291.9  40.6 291.9  40.6 5.78E-05 006.6 125.6  26.4 0.554230 0.374517 0.072561 hargrave 2021-01-29 16:58:33 
TT 620 293.4  36.1 293.4  36.1 5.48E-05 012.3 120.9  24.5 1.056628 0.552118 0.086031 hargrave 2021-01-31 15:47:41 
TT 620 295.1  39.8 295.1  39.8 5.64E-05 001.9 125.2  23.9 0.162900 0.140010 0.079157 hargrave 2021-01-31 16:39:24 
TT 630 294.4  43.9 294.4  43.9 5.32E-05 001.5 129.5  25.0 0.114572 0.077120 0.047397 hargrave 2021-02-02 10:42:36 
TT 640 294.1  36.9 294.1  36.9 4.79E-05 007.7 121.9  24.1 0.549298 0.346852 0.047048 hargrave 2021-02-02 18:10:30 
TT 650 296.7  42.1 296.7  42.1 4.35E-05 005.7 127.9  23.1 0.352360 0.253009 0.025345 hargrave 2021-02-04 11:41:52 
TT 660 297.0  36.5 297.0  36.5 3.54E-05 004.3 121.9  21.8 0.218981 0.154197 0.032441 hargrave 2021-02-04 18:24:58 
TT 664 296.2  38.0 296.2  38.0 2.93E-05 002.9 123.4  22.7 0.120361 0.099454 0.024777 hargrave 2021-02-05 14:30:14 
TT 668 293.2  37.2 293.2  37.2 2.79E-05 001.4 122.1  24.9 0.051197 0.054406 0.032341 hargrave 2021-02-05 20:23:41 
TT 672 295.1  41.9 295.1  41.9 2.11E-05 002.6 127.5  24.2 0.080704 0.059433 0.017069 hargrave 2021-02-06 16:22:40 
TT 674 296.2  38.1 296.2  38.1 2.07E-05 001.6 123.5  22.8 0.051188 0.029598 0.030447 hargrave 2021-02-07 18:47:40 
TT 676 296.7  36.6 296.7  36.6 2.01E-05 008.0 122.1  22.0 0.243370 0.144396 0.035814 hargrave 2021-02-09 13:50:02 
TT 676 298.3  43.8 298.3  43.8 2.02E-05 005.3 129.8  22.2 0.151954 0.121581 0.029817 hargrave 2021-02-09 15:56:49 
TT 678 296.4  33.9 296.4  33.9 1.57E-05 005.2 119.1  21.7 0.124818 0.072705 0.013820 hargrave 2021-02-11 14:24:47 
TT 680 294.8  33.9 294.8  33.9 1.13E-05 006.6 118.8  23.0 0.116612 0.061668 0.011200 hargrave 2021-02-11 21:03:56 
TT 682 301.9  34.3 301.9  34.3 7.33E-06 012.2 120.6  17.4 0.135980 0.083254 0.008116 hargrave 2021-02-12 14:46:37 
TT 682 301.9  36.1 301.9  36.1 3.47E-06 061.2 122.6  17.9 0.190018 0.297462 0.114901 hargrave 2021-02-12 15:48:19 
TT 682 014.8 -04.6 014.8 -04.6 2.03E-09 063.8 123.7 -58.7 0.000497 0.000500 0.000505 hargrave 2021-02-13 09:54:25 
