CF- 109a mag compass orientation (IGRF corrected)
   50.8  25.5  86.0               1.0
NRM    308.9  62.0 308.9  62.0 6.27E-04 001.6 172.7  31.1 0.623597 1.423295 0.835665 hargrave 2020-12-20 21:06:58 
TT 100 299.5  57.8 299.5  57.8 5.63E-04 002.2 177.4  36.1 0.803960 1.761983 1.035697 hargrave 2020-12-22 19:08:41 
TT 200 292.7  46.7 292.7  46.7 4.11E-04 001.7 182.8  47.2 0.716166 0.727882 0.673166 hargrave 2020-12-29 16:46:34 
TT 300 287.8  40.4 287.8  40.4 3.08E-04 001.3 189.8  52.9 0.487561 0.335906 0.398825 hargrave 2020-12-30 12:34:12 
TT 400 285.2  37.0 285.2  37.0 2.36E-04 001.6 194.7  55.7 0.504427 0.183193 0.369426 hargrave 2021-01-01 17:19:36 
TT 450 286.0  37.5 286.0  37.5 2.11E-04 002.2 193.3  55.4 0.503241 0.599127 0.240418 hargrave 2021-01-02 12:09:16 
TT 500 283.8  34.0 283.8  34.0 1.88E-04 001.6 198.5  58.1 0.317661 0.321385 0.262036 hargrave 2021-01-02 19:24:45 
TT 525 284.0  34.6 284.0  34.6 1.74E-04 001.4 197.8  57.6 0.296712 0.209929 0.235019 hargrave 2021-01-03 16:41:33 
TT 550 284.3  32.5 284.3  32.5 1.51E-04 001.5 198.9  59.6 0.281839 0.164142 0.200834 hargrave 2021-01-03 22:28:29 
TT 560 284.1  33.4 284.1  33.4 1.41E-04 001.6 198.6  58.7 0.174378 0.327928 0.163696 hargrave 2021-01-07 21:15:06 
TT 570 282.8  31.1 282.8  31.1 1.30E-04 001.5 202.4  60.3 0.104539 0.309592 0.126214 hargrave 2021-01-19 16:14:16 
TT 580 283.3  31.6 283.3  31.6 1.20E-04 000.5 201.2  60.1 0.044441 0.085682 0.040002 hargrave 2021-01-24 13:17:10 
TT 590 283.4  30.2 283.4  30.2 1.13E-04 000.7 202.3  61.4 0.073075 0.088386 0.060694 hargrave 2021-01-28 12:02:54 
TT 600 281.8  30.5 281.8  30.5 1.02E-04 002.0 204.4  60.5 0.148901 0.331155 0.023013 hargrave 2021-01-29 09:56:25 
TT 610 286.1  27.4 286.1  27.4 9.19E-05 001.5 199.9  64.9 0.109242 0.218952 0.029432 hargrave 2021-01-29 16:33:19 
TT 620 277.1  26.0 277.1  26.0 8.47E-05 000.9 216.9  61.8 0.097350 0.100378 0.034866 hargrave 2021-01-31 15:26:00 
TT 630 287.6  22.5 287.6  22.5 7.15E-05 002.0 201.7  70.0 0.106864 0.219814 0.054141 hargrave 2021-02-02 10:18:26 
TT 640 280.3  29.1 280.3  29.1 6.79E-05 001.6 208.3  61.0 0.171736 0.042816 0.075895 hargrave 2021-02-02 17:45:35 
TT 650 278.5  26.2 278.5  26.2 6.31E-05 001.7 214.6  62.4 0.075202 0.153662 0.076083 hargrave 2021-02-04 11:17:30 
TT 660 287.6  24.1 287.6  24.1 5.04E-05 003.1 200.1  68.5 0.190222 0.184329 0.054935 hargrave 2021-02-04 18:00:59 
TT 664 283.1  26.1 283.1  26.1 4.66E-05 001.7 207.1  64.9 0.118542 0.046674 0.049693 hargrave 2021-02-05 14:06:02 
TT 668 275.7  27.3 275.7  27.3 3.94E-05 002.2 217.0  60.0 0.131537 0.038647 0.061387 hargrave 2021-02-05 20:00:31 
TT 672 291.1  18.5 291.1  18.5 3.04E-05 001.5 196.1  74.9 0.044346 0.062956 0.033213 hargrave 2021-02-06 15:59:21 
TT 674 276.1  27.4 276.1  27.4 2.65E-05 001.6 216.4  60.2 0.073196 0.020536 0.017042 hargrave 2021-02-07 18:24:19 
TT 676 285.0  34.7 285.0  34.7 2.17E-05 001.7 196.3  57.8 0.053735 0.020081 0.033660 hargrave 2021-02-09 13:25:48 
TT 678 266.4  17.8 266.4  17.8 1.62E-05 003.1 242.0  58.3 0.077219 0.041557 0.005851 hargrave 2021-02-11 14:01:15 
TT 680 273.8 -11.2 273.8 -11.2 1.01E-05 002.0 305.4  63.6 0.033177 0.011698 0.008527 hargrave 2021-02-11 20:40:35 
TT 682 324.4  51.5 324.4  51.5 8.86E-06 002.5 157.9  36.7 0.014719 0.040398 0.015624 hargrave 2021-02-12 14:21:57 
