CF- 138a sun compass orientation
   63.9  12.2  89.0               1.0
NRM    314.5  44.0 314.5  44.0 6.52E-04 002.1 150.6  38.4 1.737500 1.195430 1.151632 hargrave 2020-12-20 21:57:38 
TT 100 310.5  43.5 310.5  43.5 6.12E-04 001.2 153.0  40.6 0.838865 0.259461 0.914188 hargrave 2020-12-22 19:48:27 
TT 200 300.3  33.9 300.3  33.9 4.81E-04 001.4 154.7  53.0 0.976905 0.232552 0.617623 hargrave 2020-12-29 17:29:29 
TT 300 299.3  27.4 299.3  27.4 3.83E-04 001.4 149.6  59.0 0.183085 0.874123 0.312346 hargrave 2020-12-30 13:26:24 
TT 400 299.1  23.9 299.1  23.9 3.06E-04 000.9 145.7  61.9 0.174485 0.391286 0.285350 hargrave 2021-01-01 18:11:44 
TT 450 298.8  22.6 298.8  22.6 2.77E-04 001.9 144.4  63.0 0.142506 0.854948 0.308173 hargrave 2021-01-02 13:02:36 
TT 500 298.0  21.9 298.0  21.9 2.52E-04 001.3 144.8  64.0 0.447787 0.319868 0.225016 hargrave 2021-01-03 10:54:11 
TT 525 299.5  20.5 299.5  20.5 2.42E-04 001.8 140.2  64.1 0.167254 0.693476 0.277082 hargrave 2021-01-03 17:24:09 
TT 550 298.6  20.4 298.6  20.4 2.17E-04 001.6 141.5  64.8 0.532118 0.170543 0.247005 hargrave 2021-01-03 23:11:06 
TT 560 298.0  20.3 298.0  20.3 2.08E-04 001.4 142.3  65.3 0.361298 0.284904 0.248378 hargrave 2021-01-07 22:04:00 
TT 570 298.5  17.9 298.5  17.9 1.91E-04 002.1 137.5  66.7 0.646596 0.199911 0.210875 hargrave 2021-01-19 16:55:43 
TT 580 297.2  18.9 297.2  18.9 1.82E-04 002.0 141.6  66.8 0.547995 0.141280 0.288925 hargrave 2021-01-24 14:06:20 
TT 590 296.2  18.7 296.2  18.7 1.78E-04 001.3 143.0  67.5 0.253182 0.228688 0.206017 hargrave 2021-01-28 12:53:01 
TT 600 293.3  17.5 293.3  17.5 1.59E-04 001.2 147.0  70.2 0.316089 0.034435 0.136737 hargrave 2021-01-29 10:45:57 
TT 610 296.7  15.5 296.7  15.5 1.45E-04 001.2 136.0  69.7 0.175791 0.205769 0.145481 hargrave 2021-01-29 17:23:11 
TT 620 294.5  16.3 294.5  16.3 1.29E-04 002.2 142.2  70.5 0.468006 0.114882 0.152227 hargrave 2021-01-31 16:07:38 
TT 630 292.5  16.8 292.5  16.8 1.17E-04 001.3 147.8  71.2 0.193009 0.146026 0.141213 hargrave 2021-02-02 11:08:01 
TT 640 295.5  14.2 295.5  14.2 1.07E-04 001.2 135.7  71.4 0.059246 0.211257 0.087185 hargrave 2021-02-02 18:33:37 
TT 650 293.0  15.2 293.0  15.2 1.02E-04 000.9 143.7  72.2 0.102981 0.106743 0.094352 hargrave 2021-02-04 12:05:47 
TT 660 297.5  13.9 297.5  13.9 8.78E-05 001.1 131.3  70.1 0.125876 0.074750 0.078028 hargrave 2021-02-04 18:48:28 
TT 664 292.8  16.0 292.8  16.0 7.83E-05 001.1 145.7  71.7 0.116170 0.064798 0.073780 hargrave 2021-02-05 14:53:56 
TT 668 297.7  14.1 297.7  14.1 7.30E-05 001.5 131.3  69.8 0.168667 0.052713 0.067201 hargrave 2021-02-05 20:46:31 
TT 672 293.5  13.8 293.5  13.8 6.08E-05 002.3 139.2  73.0 0.207192 0.114945 0.064250 hargrave 2021-02-06 16:45:36 
TT 674 292.3  12.9 292.3  12.9 5.91E-05 001.7 140.6  74.5 0.159106 0.063712 0.063742 hargrave 2021-02-07 19:10:36 
TT 676 296.4  16.1 296.4  16.1 5.64E-05 002.2 137.9  69.4 0.181849 0.106820 0.067287 hargrave 2021-02-09 14:12:56 
TT 678 297.4  13.4 297.4  13.4 5.16E-05 002.3 130.3  70.5 0.200193 0.051796 0.046556 hargrave 2021-02-11 14:47:54 
TT 680 288.3  14.9 288.3  14.9 4.11E-05 001.8 156.9  74.9 0.121275 0.023764 0.047051 hargrave 2021-02-11 21:26:52 
TT 682 299.3  16.0 299.3  16.0 4.09E-05 002.9 132.6  67.4 0.184003 0.082055 0.048030 hargrave 2021-02-12 15:09:45 
TT 684 272.2  02.5 272.2  02.5 1.09E-05 002.2 261.3  79.9 0.038577 0.015173 0.003868 hargrave 2021-02-13 14:40:35 
TT 687 336.8  34.5 336.8  34.5 4.49E-06 001.7 129.7  29.2 0.007984 0.011774 0.014194 hargrave 2021-02-13 19:36:10 
