CF- 121a mag compass orientation (IGRF corrected)
   55.8  12.5  97.0               1.0
NRM    292.0  24.7 292.0  24.7 4.97E-04 001.1 164.0  57.0 0.568914 0.582789 0.464248 hargrave 2020-12-20 21:27:41 
TT 100 293.1  23.8 293.1  23.8 4.87E-04 001.3 161.8  57.5 0.887117 0.232574 0.555573 hargrave 2020-12-22 19:24:45 
TT 200 291.5  20.6 291.5  20.6 4.59E-04 004.0 162.4  61.1 1.851705 2.615019 0.535630 hargrave 2020-12-29 17:04:12 
TT 300 289.5  18.5 289.5  18.5 4.14E-04 002.0 165.0  63.6 0.840610 1.171334 0.287150 hargrave 2020-12-30 12:55:45 
TT 400 286.8  17.3 286.8  17.3 3.57E-04 002.0 170.1  65.4 1.062156 0.472024 0.486440 hargrave 2021-01-01 17:45:08 
TT 450 288.8  16.9 288.8  16.9 3.25E-04 003.3 165.4  65.3 0.998023 1.529200 0.269751 hargrave 2021-01-02 12:30:46 
TT 500 290.1  15.5 290.1  15.5 2.94E-04 002.3 161.7  66.2 0.825543 0.833724 0.206483 hargrave 2021-01-02 19:43:35 
TT 525 290.0  15.5 290.0  15.5 2.84E-04 001.1 161.9  66.3 0.464538 0.250549 0.144399 hargrave 2021-01-03 16:58:58 
TT 550 288.8  14.7 288.8  14.7 2.66E-04 002.3 163.9  67.4 0.678333 0.819335 0.176167 hargrave 2021-01-03 22:45:59 
TT 560 289.0  15.1 289.0  15.1 2.56E-04 002.4 163.7  67.0 0.625275 0.870408 0.147906 hargrave 2021-01-07 21:35:00 
TT 570 287.4  15.1 287.4  15.1 2.47E-04 002.5 167.6  67.4 0.448582 0.997457 0.106427 hargrave 2021-01-19 16:30:55 
TT 580 291.6  14.0 291.6  14.0 2.35E-04 002.2 156.8  67.1 0.520218 0.751906 0.055291 hargrave 2021-01-24 13:37:06 
TT 590 291.0  14.5 291.0  14.5 2.30E-04 002.7 158.7  66.9 0.721261 0.825156 0.117893 hargrave 2021-01-28 12:23:01 
TT 600 289.0  14.2 289.0  14.2 2.20E-04 000.9 163.0  67.9 0.166518 0.276315 0.090696 hargrave 2021-01-29 10:16:43 
TT 610 288.9  14.0 288.9  14.0 2.09E-04 001.3 163.3  68.1 0.258136 0.402703 0.044968 hargrave 2021-01-29 16:53:59 
TT 620 291.4  12.7 291.4  12.7 9.91E-05 055.1 155.8  68.4 3.558101 1.596016 9.857302 hargrave 2021-01-31 15:43:51 
TT 620 290.0  14.1 290.0  14.1 1.98E-04 002.6 160.6  67.7 0.568757 0.689044 0.099569 hargrave 2021-01-31 16:38:05 
TT 630 289.9  13.2 289.9  13.2 1.87E-04 002.5 160.0  68.6 0.533605 0.631508 0.076894 hargrave 2021-02-02 10:38:10 
TT 640 288.1  13.7 288.1  13.7 8.53E-05 032.2 165.0  68.6 3.213276 0.859010 8.482514 hargrave 2021-02-02 18:06:05 
TT 640 286.1  14.0 286.1  14.0 1.70E-04 002.6 170.2  68.7 0.682312 0.325079 0.187727 hargrave 2021-02-03 09:18:50 
TT 650 288.9  13.3 288.9  13.3 1.62E-04 003.4 162.6  68.8 0.644966 0.688318 0.138314 hargrave 2021-02-04 11:37:23 
TT 660 289.8  12.5 289.8  12.5 1.42E-04 003.4 159.7  69.2 0.520111 0.651424 0.079481 hargrave 2021-02-04 18:20:34 
TT 664 287.6  12.3 287.6  12.3 1.14E-04 003.3 165.4  70.0 0.432676 0.500663 0.078246 hargrave 2021-02-05 14:25:47 
TT 668 289.0  11.5 289.0  11.5 1.08E-04 004.1 160.6  70.4 0.445098 0.624362 0.054443 hargrave 2021-02-05 20:19:15 
TT 672 287.5  11.7 287.5  11.7 8.68E-05 001.3 165.0  70.7 0.137457 0.140459 0.043601 hargrave 2021-02-06 16:18:15 
TT 674 289.4  11.3 289.4  11.3 8.76E-05 001.7 159.3  70.4 0.202222 0.153272 0.026198 hargrave 2021-02-07 18:43:12 
TT 676 287.6  12.0 287.6  12.0 4.20E-05 071.4 165.0  70.3 1.463149 0.392339 4.226960 hargrave 2021-02-09 13:45:35 
TT 676 288.0  12.2 288.0  12.2 8.38E-05 003.2 164.1  70.0 0.415328 0.197368 0.099893 hargrave 2021-02-09 15:55:19 
TT 678 290.4  11.0 290.4  11.0 7.17E-05 002.9 156.2  70.4 0.249945 0.261584 0.016772 hargrave 2021-02-11 14:20:18 
TT 680 287.2  12.0 287.2  12.0 4.86E-05 002.2 166.2  70.5 0.121363 0.141941 0.016271 hargrave 2021-02-11 20:59:29 
TT 682 291.9  11.6 291.9  11.6 1.70E-05 071.3 153.1  69.2 0.577695 0.293163 1.703890 hargrave 2021-02-12 14:42:07 
TT 682 278.6  83.0 278.6  83.0 1.08E-05 071.5 180.5 -00.1 0.017331 0.586587 3.390981 hargrave 2021-02-12 15:47:03 
TT 682 292.5  10.3 292.5  10.3 3.38E-05 002.8 149.8  70.1 0.111221 0.120056 0.014760 hargrave 2021-02-13 09:52:33 
TT 684 286.2  14.2 286.2  14.2 1.59E-05 020.2 170.2  68.5 0.613551 0.108121 1.578530 hargrave 2021-02-13 14:22:39 
TT 684 287.1  14.5 287.1  14.5 3.17E-05 003.6 168.0  68.0 0.170093 0.107344 0.031870 hargrave 2021-02-13 15:02:41 
TT 687 296.6  10.8 296.6  10.8 1.79E-05 002.0 141.7  67.3 0.055580 0.025983 0.010252 hargrave 2021-02-13 19:18:07 
