CF- 140a sun compass orientation
   64.7 344.5  78.0               1.0
NRM    290.5  22.7 290.5  22.7 3.61E-04 001.7 112.2  54.1 0.916498 0.490746 0.367104 hargrave 2020-12-20 22:03:35 
TT 100 291.4  22.9 291.4  22.9 3.50E-04 004.6 112.4  53.2 2.291130 1.571027 0.441473 hargrave 2020-12-22 19:52:46 
TT 200 291.8  16.0 291.8  16.0 3.35E-04 003.1 100.7  53.6 1.552250 0.852534 0.331920 hargrave 2020-12-29 17:33:50 
TT 300 292.0  16.3 292.0  16.3 3.01E-04 001.1 101.3  53.5 0.318789 0.357591 0.276865 hargrave 2020-12-30 13:32:27 
TT 400 292.0  11.9 292.0  11.9 2.59E-04 004.9 094.0  53.3 2.151756 0.499132 0.237079 hargrave 2021-01-01 18:17:28 
TT 450 292.6  10.8 292.6  10.8 2.42E-04 002.2 092.1  52.7 0.834536 0.352059 0.207204 hargrave 2021-01-02 13:08:44 
TT 500 293.2  08.5 293.2  08.5 1.13E-04 063.8 088.6  51.8 0.226294 7.438516 9.452271 hargrave 2021-01-03 11:26:43 
TT 500 292.7  11.0 292.7  11.0 2.25E-04 002.8 092.5  52.6 1.027912 0.313080 0.192603 hargrave 2021-01-03 11:35:15 
TT 525 292.4  10.3 292.4  10.3 2.18E-04 003.2 091.3  52.8 1.162161 0.370289 0.203547 hargrave 2021-01-03 17:29:10 
TT 550 272.3 -78.8 272.3 -78.8 1.16E-05 084.1 003.4 -01.3 0.948285 13.52410 17.18987 hargrave 2021-01-03 23:15:27 
TT 550 292.6  11.0 292.6  11.0 2.04E-04 005.5 092.5  52.7 1.944104 0.321839 0.186945 hargrave 2021-01-04 10:05:17 
TT 560 292.5  09.3 292.5  09.3 1.99E-04 001.8 089.6  52.6 0.523997 0.283663 0.176942 hargrave 2021-01-07 22:09:11 
TT 570 291.5  13.9 291.5  13.9 1.89E-04 009.9 097.1  54.0 3.236856 0.647296 0.201569 hargrave 2021-01-19 17:00:18 
TT 570 292.5  11.1 292.5  11.1 1.91E-04 003.2 092.5  52.8 1.009108 0.304790 0.171847 hargrave 2021-01-19 17:41:09 
TT 580 292.5  07.1 292.5  07.1 1.85E-04 005.4 086.1  52.2 1.721311 0.135299 0.156044 hargrave 2021-01-24 14:11:34 
TT 590 292.4  06.5 292.4  06.5 1.82E-04 002.4 085.1  52.2 0.711746 0.251706 0.192046 hargrave 2021-01-28 12:58:15 
TT 600 291.0  09.6 291.0  09.6 1.76E-04 001.7 089.8  54.1 0.393611 0.311087 0.172660 hargrave 2021-01-29 10:51:11 
TT 610 291.2  09.1 291.2  09.1 1.69E-04 001.7 089.0  53.9 0.392266 0.280622 0.168836 hargrave 2021-01-29 17:28:30 
TT 620 291.7  08.2 291.7  08.2 1.63E-04 001.5 087.7  53.2 0.263694 0.285012 0.179807 hargrave 2021-01-31 16:11:51 
TT 630 293.9  10.1 293.9  10.1 1.56E-04 001.4 091.2  51.3 0.228186 0.262856 0.160281 hargrave 2021-02-02 11:13:12 
TT 640 293.6  12.0 293.6  12.0 1.50E-04 001.9 094.3  51.8 0.341771 0.301644 0.183172 hargrave 2021-02-02 18:38:45 
TT 650 294.3  08.8 294.3  08.8 1.43E-04 001.8 089.3  50.7 0.366890 0.231629 0.139915 hargrave 2021-02-04 12:11:00 
TT 660 294.4  08.7 294.4  08.7 1.31E-04 002.7 089.2  50.7 0.556354 0.220909 0.145880 hargrave 2021-02-04 18:53:34 
TT 664 294.1  08.6 294.1  08.6 1.20E-04 002.6 088.9  50.9 0.498228 0.185328 0.109478 hargrave 2021-02-05 14:59:05 
TT 668 294.6  07.8 294.6  07.8 1.09E-04 002.3 087.7  50.3 0.372271 0.187694 0.123269 hargrave 2021-02-05 20:51:40 
TT 672 295.0  06.3 295.0  06.3 9.85E-05 003.0 085.6  49.7 0.486317 0.135798 0.095396 hargrave 2021-02-06 16:50:46 
TT 674 294.3  04.8 294.3  04.8 9.21E-05 001.3 083.2  50.0 0.100276 0.164883 0.080207 hargrave 2021-02-07 19:15:45 
TT 676 295.2  05.3 295.2  05.3 8.73E-05 001.5 084.2  49.3 0.193054 0.109585 0.062427 hargrave 2021-02-09 14:18:05 
TT 678 295.0  07.0 295.0  07.0 8.16E-05 002.8 086.6  49.8 0.372562 0.146096 0.075351 hargrave 2021-02-11 14:53:07 
TT 680 294.5  04.9 294.5  04.9 7.43E-05 003.0 083.3  49.8 0.370219 0.097039 0.072387 hargrave 2021-02-11 21:32:01 
TT 682 296.3  04.8 296.3  04.8 6.52E-05 002.3 083.8  48.1 0.241308 0.085156 0.059751 hargrave 2021-02-12 15:12:53 
TT 684 296.1  07.5 296.1  07.5 3.40E-05 001.7 087.7  48.8 0.068409 0.073597 0.028047 hargrave 2021-02-13 14:43:39 
TT 687 291.5  09.4 291.5  09.4 1.89E-05 004.4 089.6  53.5 0.136234 0.048306 0.028456 hargrave 2021-02-13 19:39:11 
