CF- 133a mag compass orientation (IGRF corrected)
   61.1  24.5  96.0               1.0
NRM    306.7  57.5 306.7  57.5 1.44E-04 044.4 172.8  25.7 13.78471 1.743932 6.681512 hargrave 2020-12-20 21:49:17 
NRM    308.8  59.3 308.8  59.3 2.88E-04 004.0 172.1  23.7 0.704486 1.556632 1.059348 hargrave 2020-12-20 22:25:46 
TT 100 308.4  54.4 308.4  54.4 2.71E-04 002.1 170.9  28.5 0.420206 0.215118 0.869372 hargrave 2020-12-22 19:41:42 
TT 200 300.2  44.9 300.2  44.9 2.20E-04 002.0 174.8  38.9 0.445904 0.196392 0.610814 hargrave 2020-12-29 17:21:59 
TT 300 299.3  40.9 299.3  40.9 1.68E-04 003.4 175.0  42.9 0.511821 0.717477 0.481851 hargrave 2020-12-30 13:18:09 
TT 400 297.7  38.2 297.7  38.2 1.25E-04 002.4 176.4  45.7 0.364659 0.246290 0.308208 hargrave 2021-01-01 18:03:35 
TT 450 298.2  37.3 298.2  37.3 1.10E-04 002.1 175.7  46.6 0.286408 0.132808 0.239009 hargrave 2021-01-02 12:54:01 
TT 500 297.7  36.8 297.7  36.8 9.60E-05 004.5 176.3  47.1 0.246450 0.681179 0.227646 hargrave 2021-01-03 10:47:25 
TT 525 297.2  36.3 297.2  36.3 8.91E-05 002.6 176.7  47.6 0.236088 0.275883 0.198781 hargrave 2021-01-03 17:17:22 
TT 550 300.5  36.6 300.5  36.6 7.92E-05 002.6 172.9  47.1 0.167014 0.295213 0.153015 hargrave 2021-01-03 23:04:19 
TT 560 294.7  35.9 294.7  35.9 7.45E-05 002.7 179.7  48.1 0.176145 0.268649 0.149462 hargrave 2021-01-07 21:55:46 
TT 570 294.7  34.8 294.7  34.8 6.63E-05 002.5 179.8  49.2 0.136664 0.233821 0.118340 hargrave 2021-01-19 16:48:36 
TT 580 297.9  34.1 297.9  34.1 6.20E-05 002.6 175.6  49.7 0.109690 0.260649 0.059080 hargrave 2021-01-24 13:58:01 
TT 590 302.4  32.8 302.4  32.8 6.03E-05 002.7 169.6  50.4 0.220258 0.157997 0.107522 hargrave 2021-01-28 12:43:56 
TT 600 293.1  30.6 293.1  30.6 5.24E-05 003.1 182.0  53.3 0.155986 0.225917 0.082870 hargrave 2021-01-29 10:37:39 
TT 610 297.7  31.9 297.7  31.9 4.80E-05 002.0 175.6  52.0 0.126195 0.095962 0.070759 hargrave 2021-01-29 17:14:48 
TT 620 297.2  30.7 297.2  30.7 3.82E-05 002.0 176.1  53.2 0.101449 0.083738 0.048810 hargrave 2021-01-31 16:00:54 
TT 630 295.5  30.2 295.5  30.2 3.45E-05 002.2 178.6  53.8 0.118457 0.049288 0.050337 hargrave 2021-02-02 11:00:03 
TT 640 297.7  30.9 297.7  30.9 2.86E-05 002.3 175.4  53.0 0.106407 0.060607 0.038127 hargrave 2021-02-02 18:25:59 
TT 650 292.6  29.7 292.6  29.7 2.30E-05 002.6 182.8  54.3 0.093105 0.047479 0.040526 hargrave 2021-02-04 11:57:54 
TT 660 302.5  26.5 302.5  26.5 1.70E-05 003.6 166.9  56.6 0.092476 0.059359 0.023541 hargrave 2021-02-04 18:40:42 
TT 664 284.5  29.3 284.5  29.3 1.53E-05 002.8 194.7  53.4 0.072891 0.038551 0.019740 hargrave 2021-02-05 14:46:05 
TT 668 295.6  25.5 295.6  25.5 1.16E-05 004.6 178.0  58.5 0.063870 0.073990 0.011762 hargrave 2021-02-05 20:38:41 
TT 672 289.6  05.6 289.6  05.6 8.38E-06 003.3 202.9  77.4 0.041738 0.030230 0.017778 hargrave 2021-02-06 16:37:44 
TT 674 280.2  34.2 280.2  34.2 7.83E-06 002.4 197.6  47.6 0.018856 0.022987 0.015294 hargrave 2021-02-07 19:02:43 
TT 676 314.5  20.8 314.5  20.8 6.24E-06 002.4 144.3  56.8 0.018155 0.018162 0.008146 hargrave 2021-02-09 14:05:03 
TT 678 274.5  35.4 274.5  35.4 5.21E-06 001.9 203.0  44.5 0.009975 0.012461 0.009505 hargrave 2021-02-11 14:39:58 
TT 680 303.5 -21.9 303.5 -21.9 3.36E-06 002.8 027.8  71.9 0.011424 0.010568 0.007096 hargrave 2021-02-11 21:19:00 
TT 682 345.4 -57.2 345.4 -57.2 2.34E-06 005.4 027.7  25.3 0.011777 0.016841 0.009485 hargrave 2021-02-12 15:01:49 
