CF- 131a mag compass orientation (IGRF corrected)
   60.2 333.5  76.0               1.0
NRM    311.3  65.0 311.3  65.0 2.54E-04 002.6 155.0  22.0 0.120210 0.902878 0.720170 hargrave 2020-12-20 21:46:00 
TT 100 301.9  60.4 301.9  60.4 2.31E-04 003.3 151.7  27.5 0.229312 1.161007 0.634882 hargrave 2020-12-22 19:39:02 
TT 200 294.4  54.5 294.4  54.5 1.96E-04 002.1 147.2  33.5 0.230743 0.350841 0.583326 hargrave 2020-12-29 17:19:15 
TT 300 288.6  51.4 288.6  51.4 1.49E-04 001.7 145.9  38.1 0.170049 0.231922 0.330331 hargrave 2020-12-30 13:14:53 
TT 400 288.0  45.2 288.0  45.2 1.14E-04 003.2 139.0  41.3 0.105632 0.525262 0.364970 hargrave 2021-01-01 18:00:53 
TT 450 287.2  45.6 287.2  45.6 9.93E-05 002.8 139.8  41.6 0.083279 0.431959 0.207213 hargrave 2021-01-02 12:50:36 
TT 500 287.7  40.8 287.7  40.8 8.54E-05 002.3 133.6  43.2 0.282882 0.094221 0.190590 hargrave 2021-01-03 10:44:41 
TT 525 286.4  42.7 286.4  42.7 7.88E-05 002.0 136.6  43.3 0.081984 0.213672 0.174748 hargrave 2021-01-03 17:14:41 
TT 550 284.8  41.3 284.8  41.3 6.68E-05 002.3 135.5  45.0 0.071539 0.219526 0.140355 hargrave 2021-01-03 23:01:39 
TT 560 285.8  40.2 285.8  40.2 6.35E-05 002.2 133.6  44.7 0.059342 0.208283 0.127021 hargrave 2021-01-07 21:52:30 
TT 570 286.1  42.8 286.1  42.8 5.63E-05 006.5 136.8  43.5 0.735389 0.283168 0.089754 hargrave 2021-01-19 16:45:48 
TT 580 285.8  38.7 285.8  38.7 5.22E-05 001.8 131.6  45.4 0.056299 0.159029 0.053415 hargrave 2021-01-24 13:54:44 
TT 590 285.8  38.4 285.8  38.4 4.94E-05 003.1 131.3  45.5 0.072712 0.237881 0.099262 hargrave 2021-01-28 12:40:39 
TT 600 280.9  38.6 280.9  38.6 4.38E-05 002.5 133.8  48.8 0.117623 0.113457 0.109741 hargrave 2021-01-29 10:34:22 
TT 610 283.1  33.9 283.1  33.9 3.94E-05 003.8 126.1  49.0 0.118425 0.233018 0.054224 hargrave 2021-01-29 17:11:41 
TT 620 284.8  31.9 284.8  31.9 3.41E-05 002.0 122.6  48.3 0.065774 0.105625 0.042845 hargrave 2021-01-31 15:58:17 
TT 630 281.7  36.6 281.7  36.6 2.85E-05 004.4 130.6  49.2 0.116982 0.185408 0.037129 hargrave 2021-02-02 10:56:52 
TT 640 287.6  28.6 287.6  28.6 2.52E-05 002.3 117.0  46.7 0.077209 0.064890 0.042177 hargrave 2021-02-02 18:22:56 
TT 650 283.8  37.5 283.8  37.5 2.12E-05 002.5 130.9  47.3 0.049078 0.074317 0.039923 hargrave 2021-02-04 11:54:42 
TT 660 293.8  24.5 293.8  24.5 1.70E-05 001.8 110.4  41.7 0.027822 0.051497 0.021758 hargrave 2021-02-04 18:37:31 
TT 664 270.9  18.3 270.9  18.3 1.10E-05 002.0 102.9  63.4 0.027268 0.034341 0.010398 hargrave 2021-02-05 14:42:54 
TT 668 296.4  28.6 296.4  28.6 1.30E-05 002.3 115.7  39.0 0.024591 0.050460 0.016329 hargrave 2021-02-05 20:35:31 
TT 672 291.4  11.0 291.4  11.0 9.91E-06 002.2 092.0  43.2 0.033245 0.025527 0.009569 hargrave 2021-02-06 16:34:33 
TT 674 278.9  38.9 278.9  38.9 7.65E-06 002.3 135.3  50.1 0.035930 0.010370 0.010161 hargrave 2021-02-07 18:59:33 
TT 676 299.9  12.5 299.9  12.5 5.90E-06 002.0 095.6  35.2 0.017309 0.020725 0.011696 hargrave 2021-02-09 14:01:53 
TT 678 274.1  31.5 274.1  31.5 3.83E-06 002.4 127.2  57.0 0.012312 0.011997 0.003494 hargrave 2021-02-11 14:36:45 
TT 680 223.4  64.7 223.4  64.7 2.87E-06 003.7 190.6  37.5 0.008329 0.015968 0.005898 hargrave 2021-02-11 21:15:48 
TT 682 326.6  07.5 326.6  07.5 2.43E-06 002.0 095.7  08.5 0.005528 0.007786 0.005915 hargrave 2021-02-12 14:58:35 
