CF- 118a mag compass orientation (IGRF corrected)
   54.8 333.5  87.0               1.0
NRM    303.3  49.6 303.3  49.6 2.93E-04 001.3 143.0  21.4 0.125669 0.454104 0.453038 hargrave 2020-12-20 21:20:18 
TT 100 302.2  49.6 302.2  49.6 2.64E-04 004.0 143.3  22.1 0.939153 1.527737 0.371070 hargrave 2020-12-22 19:19:24 
TT 200 297.3  43.1 297.3  43.1 2.10E-04 001.1 138.3  27.8 0.249039 0.186846 0.245887 hargrave 2020-12-29 16:58:48 
TT 300 297.6  41.5 297.6  41.5 1.63E-04 001.1 136.5  28.3 0.254517 0.197573 0.098391 hargrave 2020-12-30 12:48:24 
TT 400 295.5  42.6 295.5  42.6 1.25E-04 001.4 138.4  29.2 0.206775 0.207328 0.150125 hargrave 2021-01-01 17:31:48 
TT 450 297.3  42.7 297.3  42.7 1.09E-04 000.8 137.8  28.0 0.087371 0.075026 0.114563 hargrave 2021-01-02 12:23:10 
TT 500 292.4  47.2 292.4  47.2 9.85E-05 001.1 144.2  29.0 0.106320 0.170766 0.112386 hargrave 2021-01-02 19:38:12 
TT 525 293.8  46.0 293.8  46.0 9.25E-05 001.7 142.5  28.7 0.114327 0.240421 0.099557 hargrave 2021-01-03 16:52:56 
TT 550 297.5  43.6 297.5  43.6 8.32E-05 002.0 138.7  27.4 0.192493 0.242416 0.080146 hargrave 2021-01-03 22:39:54 
TT 560 295.2  44.4 295.2  44.4 7.83E-05 004.3 140.3  28.6 0.345307 0.471508 0.064657 hargrave 2021-01-07 21:28:27 
TT 570 296.2  42.5 296.2  42.5 7.24E-05 004.7 138.0  28.8 0.368831 0.464951 0.044680 hargrave 2021-01-19 16:25:23 
TT 580 295.3  41.9 295.3  41.9 3.30E-05 067.2 137.7  29.6 2.270317 2.064737 1.745180 hargrave 2021-01-24 13:31:18 
TT 580 295.3  41.9 295.3  41.9 3.30E-05 043.7 137.7  29.6 2.270228 2.064608 1.745312 hargrave 2021-01-24 14:23:55 
TT 580 294.9  42.5 294.9  42.5 3.29E-05 051.3 138.5  29.7 2.290206 2.027377 1.742796 hargrave 2021-01-24 14:57:20 
TT 580 289.5  50.4 289.5  50.4 6.54E-05 008.2 148.5  28.8 0.490398 0.807123 0.036278 hargrave 2021-01-24 15:16:16 
TT 590 294.5  47.2 294.5  47.2 3.30E-05 022.8 143.4  27.7 2.506580 1.860015 1.639024 hargrave 2021-01-28 12:17:10 
TT 590 296.3  45.1 296.3  45.1 6.57E-05 000.9 140.6  27.6 0.078005 0.091235 0.034405 hargrave 2021-01-28 13:17:34 
TT 600 302.7  43.7 302.7  43.7 5.37E-05 002.3 137.2  24.0 0.154396 0.145535 0.048095 hargrave 2021-01-29 10:10:03 
TT 610 300.4  36.7 300.4  36.7 5.28E-05 002.2 130.5  27.9 0.161874 0.098014 0.076874 hargrave 2021-01-29 16:47:13 
TT 620 299.7  49.8 299.7  49.8 4.58E-05 001.2 144.2  23.5 0.063194 0.110480 0.029300 hargrave 2021-01-31 15:37:55 
TT 630 301.6  43.8 301.6  43.8 1.99E-05 008.0 137.6  24.6 1.427148 1.301070 0.885034 hargrave 2021-02-02 10:32:24 
TT 630 298.4  48.3 298.4  48.3 3.98E-05 002.3 143.1  24.9 0.098893 0.126446 0.029315 hargrave 2021-02-02 11:45:26 
TT 640 296.5  53.2 296.5  53.2 3.84E-05 000.9 148.5  23.7 0.052766 0.037772 0.030518 hargrave 2021-02-02 17:58:33 
TT 650 301.3  47.0 301.3  47.0 3.56E-05 000.7 141.0  23.6 0.048839 0.044079 0.017600 hargrave 2021-02-04 11:30:47 
TT 660 299.0  51.4 299.0  51.4 2.89E-05 001.8 146.0  23.2 0.084172 0.071185 0.015887 hargrave 2021-02-04 18:14:05 
TT 664 303.6  53.8 303.6  53.8 2.52E-05 003.3 147.1  19.7 0.097400 0.126228 0.014589 hargrave 2021-02-05 14:19:13 
TT 668 300.9  50.8 300.9  50.8 2.19E-05 002.7 144.9  22.4 0.078462 0.086187 0.015901 hargrave 2021-02-05 20:13:32 
TT 672 301.3  55.7 301.3  55.7 1.89E-05 006.4 149.5  20.1 0.124678 0.178788 0.012103 hargrave 2021-02-06 16:12:30 
TT 674 296.0  55.6 296.0  55.6 1.80E-05 005.9 150.9  22.7 0.091257 0.169112 0.015127 hargrave 2021-02-07 18:37:27 
TT 676 310.7  58.3 310.7  58.3 1.50E-05 005.4 150.0  14.4 0.079465 0.125882 0.012983 hargrave 2021-02-09 13:39:01 
TT 678 304.1  61.9 304.1  61.9 1.29E-05 003.8 154.7  16.1 0.050370 0.082298 0.014220 hargrave 2021-02-11 14:14:30 
TT 680 298.1  65.1 298.1  65.1 8.32E-06 001.8 158.9  16.9 0.015306 0.021248 0.018305 hargrave 2021-02-11 20:53:44 
TT 682 319.6  65.4 319.6  65.4 6.33E-06 004.3 155.9  08.5 0.020126 0.040055 0.020223 hargrave 2021-02-12 14:36:25 
TT 684 281.7  53.5 281.7  53.5 2.07E-06 047.7 154.7  30.6 0.172096 0.081577 0.112148 hargrave 2021-02-13 14:18:15 
TT 684 279.8  56.0 279.8  56.0 4.09E-06 004.6 157.6  29.6 0.009656 0.031667 0.005735 hargrave 2021-02-13 15:01:08 
