CF- 139a sun compass orientation
   64.2   9.7  89.0               1.0
NRM    302.5  34.4 302.5  34.4 5.99E-04 000.4 149.9  50.4 0.248442 0.311166 0.207731 hargrave 2020-12-20 22:02:00 
TT 100 300.5  32.5 300.5  32.5 5.73E-04 002.6 150.3  52.9 0.741053 2.434969 0.401541 hargrave 2020-12-22 19:51:26 
TT 200 294.5  26.6 294.5  26.6 5.13E-04 001.7 152.2  60.7 0.603472 1.264382 0.526810 hargrave 2020-12-29 17:32:30 
TT 300 294.4  23.0 294.4  23.0 4.43E-04 001.4 148.0  63.8 0.406502 0.983796 0.139312 hargrave 2020-12-30 13:30:49 
TT 400 294.5  20.6 294.5  20.6 3.70E-04 001.9 144.6  65.6 0.794472 0.868597 0.397319 hargrave 2021-01-01 18:15:27 
TT 450 293.9  20.9 293.9  20.9 3.39E-04 000.8 146.1  65.8 0.376193 0.233950 0.079744 hargrave 2021-01-02 13:07:04 
TT 500 294.2  19.9 294.2  19.9 3.11E-04 002.3 144.1  66.4 0.280411 1.191643 0.314846 hargrave 2021-01-03 11:24:01 
TT 500 293.8  21.0 293.8  21.0 3.11E-04 002.8 146.5  65.7 0.471110 1.439047 0.143603 hargrave 2021-01-03 11:33:39 
TT 525 295.1  18.5 295.1  18.5 3.00E-04 001.3 140.0  66.9 0.204991 0.618152 0.184860 hargrave 2021-01-03 17:27:49 
TT 550 293.0  18.8 293.0  18.8 2.76E-04 004.0 144.6  67.9 0.483508 1.876174 0.225366 hargrave 2021-01-03 23:14:07 
TT 560 291.2  20.2 291.2  20.2 1.34E-04 059.3 150.4  67.8 4.699734 2.667136 13.22235 hargrave 2021-01-07 22:07:35 
TT 560 294.0  18.3 294.0  18.3 2.67E-04 001.4 141.6  67.7 0.184584 0.623138 0.088568 hargrave 2021-01-08 09:02:35 
TT 570 291.8  18.5 291.8  18.5 2.50E-04 002.5 146.6  68.8 0.301012 1.037496 0.138383 hargrave 2021-01-19 16:58:54 
TT 580 294.7  18.0 294.7  18.0 2.41E-04 001.2 140.0  67.5 0.296182 0.413380 0.059816 hargrave 2021-01-24 14:09:57 
TT 590 294.3  17.2 294.3  17.2 2.35E-04 001.1 139.1  68.3 0.354652 0.270128 0.145172 hargrave 2021-01-28 12:56:38 
TT 600 292.4  16.4 292.4  16.4 2.20E-04 001.9 141.5  70.2 0.140301 0.707732 0.098790 hargrave 2021-01-29 10:49:34 
TT 610 292.3  16.0 292.3  16.0 2.04E-04 001.5 141.0  70.6 0.095799 0.511414 0.100831 hargrave 2021-01-29 17:26:57 
TT 620 292.0  15.9 292.0  15.9 1.89E-04 001.4 141.4  70.8 0.172304 0.440041 0.077072 hargrave 2021-01-31 16:10:37 
TT 630 292.8  15.5 292.8  15.5 1.78E-04 001.6 138.8  70.6 0.404058 0.237306 0.146691 hargrave 2021-02-02 11:11:39 
TT 640 294.4  14.1 294.4  14.1 1.69E-04 001.5 132.8  70.5 0.376126 0.221010 0.125238 hargrave 2021-02-02 18:37:13 
TT 650 293.2  14.9 293.2  14.9 1.61E-04 001.7 136.8  70.7 0.343882 0.278819 0.142575 hargrave 2021-02-04 12:09:26 
TT 660 290.6  15.7 290.6  15.7 1.46E-04 001.8 144.5  71.8 0.225304 0.400866 0.109368 hargrave 2021-02-04 18:52:02 
TT 664 291.6  13.5 291.6  13.5 1.35E-04 001.9 137.3  72.8 0.198004 0.396719 0.102268 hargrave 2021-02-05 14:57:32 
TT 668 293.2  13.9 293.2  13.9 1.25E-04 001.7 134.7  71.4 0.270475 0.215795 0.103792 hargrave 2021-02-05 20:50:07 
TT 672 291.3  12.9 291.3  12.9 1.08E-04 001.8 136.4  73.4 0.105609 0.308058 0.079479 hargrave 2021-02-06 16:49:13 
TT 674 291.7  14.1 291.7  14.1 1.03E-04 002.0 138.2  72.3 0.081858 0.341584 0.077503 hargrave 2021-02-07 19:14:12 
TT 676 293.4  12.8 293.4  12.8 9.60E-05 002.6 131.6  72.1 0.123764 0.412535 0.064338 hargrave 2021-02-09 14:16:32 
TT 678 291.8  13.3 291.8  13.3 8.99E-05 001.7 136.3  72.8 0.073806 0.248583 0.051747 hargrave 2021-02-11 14:51:33 
TT 680 291.7  13.2 291.7  13.2 7.82E-05 002.2 136.4  73.0 0.068431 0.295246 0.027561 hargrave 2021-02-11 21:30:28 
TT 682 291.0  13.7 291.0  13.7 6.97E-05 001.6 139.1  73.1 0.187259 0.060043 0.015679 hargrave 2021-02-12 15:11:19 
TT 684 284.2  13.2 284.2  13.2 2.63E-05 001.5 159.9  77.0 0.021062 0.065359 0.005635 hargrave 2021-02-13 14:42:09 
TT 687 289.3  26.7 289.3  26.7 1.37E-05 001.1 161.0  62.6 0.015149 0.023641 0.004802 hargrave 2021-02-13 19:37:42 
