CF- 101a sun compass orientation
   47.5   5.0  65.0               1.0
NRM    309.7  59.0 309.7  59.0 1.85E-04 001.5 153.9  48.2 0.396277 0.210778 0.167284 hargrave 2020-12-20 20:52:34 
TT 100 315.3  50.6 315.3  50.6 1.81E-04 007.1 140.4  49.9 1.486259 1.698469 0.116028 hargrave 2020-12-22 18:57:06 
TT 200 303.9  49.5 303.9  49.5 1.60E-04 002.0 145.1  56.8 0.501054 0.134228 0.199403 hargrave 2020-12-29 16:35:31 
TT 300 303.1  41.2 303.1  41.2 1.32E-04 002.0 131.7  61.7 0.104001 0.414684 0.170838 hargrave 2020-12-30 12:19:46 
TT 400 301.3  42.7 301.3  42.7 1.04E-04 001.7 135.9  62.1 0.108192 0.273065 0.095979 hargrave 2021-01-01 17:06:31 
TT 450 302.9  40.8 302.9  40.8 8.84E-05 004.0 131.2  61.9 0.462778 0.410165 0.038033 hargrave 2021-01-02 11:53:32 
TT 500 301.5 -03.4 301.5 -03.4 6.05E-05 039.1 045.9  51.7 4.383042 0.403574 2.191964 hargrave 2021-01-02 19:12:19 
TT 525 301.1  35.2 301.1  35.2 7.36E-05 006.5 120.6  65.3 0.794483 0.223746 0.116831 hargrave 2021-01-03 16:29:10 
TT 550 301.1  40.7 301.1  40.7 6.78E-05 003.1 132.2  63.2 0.051341 0.346376 0.100215 hargrave 2021-01-03 22:17:29 
TT 560 303.5  41.4 303.5  41.4 6.55E-05 002.1 131.9  61.2 0.174567 0.155650 0.042422 hargrave 2021-01-07 21:01:32 
TT 570 301.1  40.5 301.1  40.5 5.99E-05 002.2 131.9  63.3 0.210692 0.058108 0.073901 hargrave 2021-01-19 16:02:44 
TT 580 304.1  44.2 304.1  44.2 5.46E-05 001.4 136.4  59.6 0.053276 0.129321 0.015599 hargrave 2021-01-24 13:03:35 
TT 590 308.3  41.6 308.3  41.6 5.26E-05 003.8 129.5  57.9 0.310596 0.152489 0.020251 hargrave 2021-01-28 11:48:23 
TT 600 303.3  41.8 303.3  41.8 5.08E-05 003.3 132.8  61.2 0.281343 0.053375 0.061441 hargrave 2021-01-29 09:42:38 
TT 610 305.5  46.6 305.5  46.6 4.28E-05 002.6 139.5  57.5 0.051832 0.186921 0.048474 hargrave 2021-01-29 16:19:53 
TT 620 306.3  44.1 306.3  44.1 1.97E-05 050.4 134.9  58.2 0.788116 0.788374 1.789215 hargrave 2021-01-31 15:14:15 
TT 620 301.6  46.2 301.6  46.2 3.92E-05 001.5 141.7  59.9 0.039752 0.091759 0.020598 hargrave 2021-01-31 16:35:10 
TT 630 309.6  37.5 309.6  37.5 1.76E-05 026.6 121.4  58.1 0.517354 0.845864 1.596859 hargrave 2021-02-02 10:02:57 
TT 630 309.0  34.2 309.0  34.2 3.51E-05 002.7 115.4  59.2 0.151886 0.042365 0.046184 hargrave 2021-02-02 11:39:23 
TT 640 307.3  39.5 307.3  39.5 2.33E-05 005.2 126.1  59.3 0.190325 0.095685 0.011912 hargrave 2021-02-02 17:31:50 
TT 650 313.3  44.1 313.3  44.1 2.36E-05 002.2 131.4  53.6 0.084136 0.030417 0.026587 hargrave 2021-02-04 11:03:29 
TT 660 104.7  62.3 104.7  62.3 6.28E-06 063.6 184.5 -02.3 0.057549 0.515606 1.183762 hargrave 2021-02-04 17:47:03 
TT 660 300.4  53.0 300.4  53.0 1.34E-05 004.9 152.4  56.1 0.094176 0.062048 0.025442 hargrave 2021-02-04 19:14:36 
TT 664 294.3  31.4 294.3  31.4 4.09E-06 017.5 114.9  71.9 0.060198 0.122935 0.409034 hargrave 2021-02-05 13:52:09 
TT 664 293.1  29.9 293.1  29.9 8.14E-06 002.2 111.2  73.2 0.027268 0.013328 0.006390 hargrave 2021-02-05 15:11:21 
TT 668 297.8  52.7 297.8  52.7 9.11E-06 004.0 154.2  57.4 0.054155 0.029483 0.018023 hargrave 2021-02-05 19:46:49 
TT 672 316.1  18.2 316.1  18.2 5.80E-06 005.0 088.2  51.4 0.049945 0.007264 0.003052 hargrave 2021-02-06 15:45:28 
TT 674 293.5  65.3 293.5  65.3 4.71E-06 005.3 168.6  48.0 0.023176 0.037367 0.005276 hargrave 2021-02-07 18:10:32 
TT 676 284.4  18.1 284.4  18.1 3.84E-06 002.8 053.6  78.9 0.018304 0.003177 0.004034 hargrave 2021-02-09 13:11:55 
TT 678 264.5  56.3 264.5  56.3 3.72E-06 002.0 190.9  57.8 0.013043 0.003862 0.003398 hargrave 2021-02-11 13:47:15 
TT 680 337.3  10.7 337.3  10.7 1.90E-06 003.3 088.3  29.5 0.010562 0.004902 0.002296 hargrave 2021-02-11 20:26:42 
TT 682 178.5  30.6 178.5  30.6 2.71E-06 001.4 239.6  07.3 0.005782 0.003645 0.003754 hargrave 2021-02-12 14:11:27 
