CF- 125a mag compass orientation (IGRF corrected)
   56.7  19.5  86.0               1.0
NRM    316.4  49.4 316.4  49.4 2.85E-04 000.9 157.7  39.2 0.227282 0.347568 0.132595 hargrave 2020-12-20 21:33:57 
TT 100 315.7  49.8 315.7  49.8 2.69E-04 000.9 158.4  39.2 0.190612 0.368701 0.128476 hargrave 2020-12-22 19:29:53 
TT 200 308.5  42.3 308.5  42.3 2.06E-04 002.2 158.8  48.1 0.251284 0.742919 0.095118 hargrave 2020-12-29 17:09:20 
TT 300 298.2  41.6 298.2  41.6 1.57E-04 002.6 169.6  51.6 0.184139 0.685210 0.060755 hargrave 2020-12-30 13:02:01 
TT 400 302.6  37.9 302.6  37.9 1.18E-04 000.7 162.3  54.0 0.122783 0.056842 0.076420 hargrave 2021-01-01 17:50:57 
TT 450 302.5  39.4 302.5  39.4 1.05E-04 001.0 163.3  52.7 0.077065 0.166631 0.043752 hargrave 2021-01-02 12:37:19 
TT 500 298.5  39.5 298.5  39.5 9.07E-05 001.1 168.2  53.6 0.130991 0.116499 0.041442 hargrave 2021-01-03 10:34:48 
TT 525 306.8  36.2 306.8  36.2 8.45E-05 001.8 155.9  54.0 0.085197 0.248314 0.029027 hargrave 2021-01-03 17:04:05 
TT 550 301.9  37.8 301.9  37.8 7.40E-05 001.2 163.1  54.3 0.100200 0.129873 0.037536 hargrave 2021-01-03 22:51:07 
TT 560 302.1  37.0 302.1  37.0 6.96E-05 000.8 162.3  55.0 0.074872 0.060010 0.046079 hargrave 2021-01-07 21:41:17 
TT 570 302.5  36.6 302.5  36.6 6.37E-05 001.2 161.5  55.2 0.091088 0.102533 0.054906 hargrave 2021-01-19 16:36:12 
TT 580 301.6  36.3 301.6  36.3 5.96E-05 001.9 162.5  55.8 0.136894 0.136088 0.076230 hargrave 2021-01-24 13:43:23 
TT 590 302.5  35.9 302.5  35.9 5.67E-05 000.8 161.1  55.9 0.071197 0.044227 0.043873 hargrave 2021-01-28 12:29:20 
TT 600 298.0  34.6 298.0  34.6 5.10E-05 000.8 166.5  58.3 0.082059 0.027865 0.031352 hargrave 2021-01-29 10:23:02 
TT 610 303.5  36.6 303.5  36.6 4.78E-05 001.2 160.3  54.9 0.080910 0.063234 0.042716 hargrave 2021-01-29 17:00:10 
TT 620 299.5  31.8 299.5  31.8 3.92E-05 002.4 162.5  60.6 0.098971 0.131029 0.031864 hargrave 2021-01-31 15:48:51 
TT 630 303.5  31.3 303.5  31.3 3.57E-05 001.5 155.8  59.7 0.073861 0.068828 0.023925 hargrave 2021-02-02 10:44:03 
TT 640 312.9  29.8 312.9  29.8 3.08E-05 001.2 141.9  56.0 0.067097 0.037569 0.021929 hargrave 2021-02-02 18:12:00 
TT 650 298.3  34.7 298.3  34.7 2.73E-05 001.6 166.2  58.2 0.060510 0.061792 0.016101 hargrave 2021-02-04 11:43:21 
TT 660 314.6  36.1 314.6  36.1 2.37E-05 002.9 147.4  50.4 0.067735 0.103777 0.016820 hargrave 2021-02-04 18:26:25 
TT 664 300.3  37.4 300.3  37.4 1.95E-05 001.9 164.9  55.2 0.050241 0.045435 0.016942 hargrave 2021-02-05 14:31:40 
TT 668 317.6  27.1 317.6  27.1 1.70E-05 003.0 133.6  54.6 0.057040 0.070663 0.013840 hargrave 2021-02-05 20:25:08 
TT 672 299.1  39.5 299.1  39.5 1.26E-05 001.6 167.5  53.5 0.031659 0.021809 0.004857 hargrave 2021-02-06 16:24:07 
TT 674 288.5  20.8 288.5  20.8 1.23E-05 002.3 183.2  73.2 0.029326 0.039615 0.002375 hargrave 2021-02-07 18:49:07 
TT 676 301.2  41.7 301.2  41.7 6.77E-06 064.7 166.1  50.9 0.444248 0.111141 0.561500 hargrave 2021-02-09 13:51:29 
TT 676 301.4  41.7 301.4  41.7 1.33E-05 001.7 165.9  50.8 0.034253 0.024980 0.007712 hargrave 2021-02-09 15:58:18 
TT 678 308.0  25.5 308.0  25.5 1.02E-05 002.2 142.2  62.1 0.022032 0.032859 0.005105 hargrave 2021-02-11 14:26:15 
TT 680 298.7  33.5 298.7  33.5 8.57E-06 000.9 164.9  59.2 0.009304 0.010228 0.005892 hargrave 2021-02-11 21:05:23 
TT 682 322.7  29.5 322.7  29.5 6.16E-06 001.0 132.8  49.6 0.007776 0.008977 0.004734 hargrave 2021-02-12 14:48:05 
TT 684 280.7  18.2 280.7  18.2 4.82E-06 001.6 210.4  73.4 0.004074 0.012780 0.004117 hargrave 2021-02-13 14:27:07 
TT 687 309.4  47.0 309.4  47.0 2.89E-06 015.5 161.3  43.7 0.025320 0.043734 0.089695 hargrave 2021-02-13 19:22:56 
TT 687 337.8  48.5 337.8  48.5 2.37E-06 001.4 145.3  29.5 0.003891 0.004613 0.002175 hargrave 2021-02-13 20:04:36 
