CF- 142a sun compass orientation
   65.8 353.5  85.0               1.0
NRM    295.5  43.9 295.5  43.9 3.83E-04 002.0 149.2  42.0 1.001324 0.689422 0.599872 hargrave 2020-12-20 22:06:59 
TT 100 295.4  45.6 295.4  45.6 3.67E-04 004.1 150.7  40.8 1.498860 2.132663 0.454734 hargrave 2020-12-22 19:55:35 
TT 200 291.8  37.0 291.8  37.0 3.10E-04 003.2 144.8  48.9 1.126625 1.322401 0.276171 hargrave 2020-12-29 17:36:44 
TT 300 287.5  35.4 287.5  35.4 2.50E-04 004.5 147.1  52.4 1.355097 1.424723 0.295310 hargrave 2020-12-30 13:35:52 
TT 400 290.3  29.0 290.3  29.0 1.97E-04 001.1 136.4  55.1 0.287870 0.205030 0.165125 hargrave 2021-01-01 18:20:17 
TT 450 291.2  29.1 291.2  29.1 1.80E-04 001.6 135.7  54.4 0.441999 0.187327 0.167896 hargrave 2021-01-02 13:12:17 
TT 500 289.5  31.9 289.5  31.9 1.62E-04 002.2 141.0  53.8 0.414938 0.481320 0.129216 hargrave 2021-01-03 11:38:40 
TT 525 290.7  28.9 290.7  28.9 1.54E-04 001.1 135.8  54.9 0.155996 0.229283 0.124151 hargrave 2021-01-03 17:32:01 
TT 550 291.2  25.6 291.2  25.6 1.39E-04 002.4 130.7  56.4 0.528421 0.253824 0.098793 hargrave 2021-01-03 23:18:58 
TT 560 290.7  27.4 290.7  27.4 1.29E-04 001.0 133.9  55.7 0.201404 0.056060 0.122981 hargrave 2021-01-07 22:12:37 
TT 570 288.7  29.8 288.7  29.8 1.23E-04 004.2 139.1  55.6 0.671254 0.587353 0.157368 hargrave 2021-01-19 17:03:16 
TT 580 291.4  27.1 291.4  27.1 1.15E-04 003.2 132.8  55.5 0.566933 0.261761 0.195391 hargrave 2021-01-24 14:15:01 
TT 590 290.3  25.8 290.3  25.8 1.15E-04 001.6 131.9  57.0 0.273556 0.133049 0.109884 hargrave 2021-01-28 13:01:41 
TT 600 288.4  25.8 288.4  25.8 1.01E-04 001.4 133.8  58.4 0.210408 0.085471 0.105093 hargrave 2021-01-29 10:54:38 
TT 610 289.3  23.3 289.3  23.3 9.42E-05 001.5 128.7  59.1 0.213853 0.062292 0.108489 hargrave 2021-01-29 17:31:51 
TT 620 289.2  23.4 289.2  23.4 8.53E-05 002.3 129.1  59.1 0.324740 0.116050 0.088319 hargrave 2021-01-31 16:14:40 
TT 630 288.5  23.4 288.5  23.4 7.91E-05 000.7 129.9  59.7 0.066548 0.062832 0.057595 hargrave 2021-02-02 11:16:29 
TT 640 293.4  22.6 293.4  22.6 7.23E-05 000.6 124.2  56.2 0.054596 0.046113 0.048167 hargrave 2021-02-02 18:41:53 
TT 650 289.1  23.8 289.1  23.8 6.48E-05 001.1 129.8  59.0 0.100132 0.061396 0.044893 hargrave 2021-02-04 12:14:16 
TT 660 290.8  22.1 290.8  22.1 5.51E-05 001.4 125.5  58.6 0.093480 0.099343 0.028759 hargrave 2021-02-04 18:56:48 
TT 664 288.1  23.0 288.1  23.0 4.83E-05 001.0 129.4  60.2 0.065298 0.064306 0.041482 hargrave 2021-02-05 15:02:22 
TT 668 287.6  24.4 287.6  24.4 4.25E-05 002.3 132.4  59.8 0.126325 0.118796 0.041819 hargrave 2021-02-05 20:54:55 
TT 672 288.7  23.6 288.7  23.6 3.80E-05 002.1 129.9  59.4 0.120246 0.072849 0.029005 hargrave 2021-02-06 16:54:02 
TT 674 284.1  26.5 284.1  26.5 3.04E-05 001.2 139.6  60.9 0.055117 0.027086 0.043044 hargrave 2021-02-07 19:19:01 
TT 676 288.4  20.0 288.4  20.0 2.67E-05 003.4 123.9  61.6 0.130544 0.092160 0.032140 hargrave 2021-02-09 14:21:21 
TT 678 282.8  22.8 282.8  22.8 2.22E-05 003.5 135.5  64.2 0.106294 0.086092 0.038624 hargrave 2021-02-11 14:56:24 
TT 680 276.6  29.2 276.6  29.2 2.28E-05 002.6 154.3  62.8 0.076123 0.061370 0.051264 hargrave 2021-02-11 21:35:17 
TT 682 271.3  31.0 271.3  31.0 1.26E-05 002.4 165.2  63.0 0.034394 0.032166 0.039634 hargrave 2021-02-12 15:18:19 
TT 684 268.7  34.2 268.7  34.2 1.50E-05 002.4 171.3  60.4 0.040136 0.033783 0.044008 hargrave 2021-02-13 14:46:39 
TT 687 291.2  32.1 291.2  32.1 9.17E-06 003.7 139.7  52.5 0.041300 0.040971 0.012752 hargrave 2021-02-13 19:42:14 
