CF- 108a mag compass orientation (IGRF corrected)
   50.4 352.5  80.0               1.0
NRM    288.6  27.9 288.6  27.9 5.85E-04 003.2 129.8  59.6 2.832085 1.498906 0.478271 hargrave 2020-12-20 21:02:33 
TT 100 287.3  28.6 287.3  28.6 5.69E-04 000.6 132.2  60.2 0.513308 0.237703 0.270755 hargrave 2020-12-22 19:05:02 
TT 200 286.2  27.3 286.2  27.3 5.40E-04 001.0 130.9  61.8 0.748993 0.545016 0.159499 hargrave 2020-12-29 16:43:33 
TT 300 285.7  27.1 285.7  27.1 4.75E-04 001.0 131.2  62.3 0.772400 0.191511 0.243672 hargrave 2020-12-30 12:29:46 
TT 400 285.2  25.7 285.2  25.7 4.05E-04 002.1 129.1  63.4 1.135794 0.956749 0.119806 hargrave 2021-01-01 17:15:55 
TT 450 283.6  28.6 283.6  28.6 3.73E-04 001.3 136.1  62.8 0.784060 0.126584 0.283015 hargrave 2021-01-02 12:04:45 
TT 500 283.9  27.2 283.9  27.2 3.38E-04 000.8 133.3  63.5 0.406904 0.257725 0.095109 hargrave 2021-01-02 19:21:02 
TT 525 285.7  26.3 285.7  26.3 3.25E-04 001.0 129.7  62.7 0.515375 0.149248 0.160663 hargrave 2021-01-03 16:37:50 
TT 550 284.0  27.4 284.0  27.4 3.01E-04 001.4 133.6  63.3 0.242895 0.668474 0.130056 hargrave 2021-01-03 22:25:29 
TT 560 284.1  27.7 284.1  27.7 2.91E-04 002.2 134.0  63.1 0.976842 0.545107 0.197397 hargrave 2021-01-07 21:11:29 
TT 570 284.6  26.9 284.6  26.9 2.84E-04 002.1 132.0  63.1 0.971025 0.331766 0.184918 hargrave 2021-01-19 16:11:09 
TT 580 285.7  26.7 285.7  26.7 2.75E-04 002.1 130.3  62.4 0.909259 0.279208 0.273768 hargrave 2021-01-24 13:13:31 
TT 590 285.9  26.4 285.9  26.4 2.67E-04 000.6 129.7  62.5 0.091759 0.230180 0.151762 hargrave 2021-01-28 11:59:13 
TT 600 284.4  26.5 284.4  26.5 2.58E-04 003.6 131.5  63.6 1.094448 1.223734 0.100130 hargrave 2021-01-29 09:52:44 
TT 610 283.8  26.2 283.8  26.2 2.49E-04 001.7 131.6  64.1 0.621377 0.392981 0.088166 hargrave 2021-01-29 16:29:52 
TT 620 283.9  25.6 283.9  25.6 2.41E-04 001.4 130.2  64.4 0.557425 0.201536 0.092114 hargrave 2021-01-31 15:23:03 
TT 630 284.7  26.3 284.7  26.3 2.31E-04 002.3 130.9  63.4 0.578327 0.738474 0.073539 hargrave 2021-02-02 10:14:53 
TT 640 284.7  26.9 284.7  26.9 2.20E-04 002.0 131.9  63.1 0.652606 0.364431 0.134507 hargrave 2021-02-02 17:41:58 
TT 650 284.0  27.0 284.0  27.0 2.05E-04 001.5 132.9  63.5 0.492830 0.220901 0.077433 hargrave 2021-02-04 11:13:54 
TT 660 285.2  26.2 285.2  26.2 1.86E-04 000.6 130.0  63.1 0.146009 0.125014 0.070174 hargrave 2021-02-04 17:57:27 
TT 664 284.1  25.1 284.1  25.1 1.59E-04 000.6 129.2  64.5 0.133887 0.086463 0.046936 hargrave 2021-02-05 14:02:29 
TT 668 284.3  25.8 284.3  25.8 1.37E-04 001.6 130.3  64.0 0.164442 0.337839 0.058072 hargrave 2021-02-05 19:57:00 
TT 672 285.1  24.5 285.1  24.5 1.17E-04 000.7 126.9  64.1 0.113137 0.088011 0.030321 hargrave 2021-02-06 15:55:48 
TT 674 280.2  27.1 280.2  27.1 1.00E-04 001.0 138.2  66.1 0.067711 0.156100 0.019283 hargrave 2021-02-07 18:20:46 
TT 676 283.7  28.9 283.7  28.9 8.35E-05 001.8 136.6  62.6 0.159633 0.213540 0.024868 hargrave 2021-02-09 13:22:14 
TT 678 279.3  30.0 279.3  30.0 5.51E-05 001.8 144.3  64.6 0.145382 0.081607 0.058545 hargrave 2021-02-11 13:57:39 
TT 680 283.7  32.0 283.7  32.0 3.94E-05 003.3 141.5  60.6 0.164379 0.161536 0.019434 hargrave 2021-02-11 20:37:01 
TT 682 284.0  35.3 284.0  35.3 2.98E-05 003.3 145.7  58.0 0.119683 0.124443 0.034549 hargrave 2021-02-12 14:20:25 
TT 684 287.3  28.7 287.3  28.7 3.17E-05 001.3 132.2  60.2 0.056072 0.047490 0.018026 hargrave 2021-02-13 14:05:57 
TT 687 276.3  41.7 276.3  41.7 2.20E-05 015.2 161.3  56.0 0.174467 0.571721 0.010771 hargrave 2021-02-13 19:04:09 
TT 687 290.3  36.6 290.3  36.6 2.27E-05 003.8 141.1  53.4 0.095335 0.117544 0.011373 hargrave 2021-02-13 20:01:17 
