CF- 128a mag compass orientation (IGRF corrected)
   57.9 349.5  87.0               1.0
NRM    315.9  55.9 315.9  55.9 5.46E-04 004.4 150.0  20.7 1.072852 3.508760 1.970175 hargrave 2020-12-20 21:38:30 
TT 100 306.8  58.4 306.8  58.4 4.94E-04 006.2 155.2  23.5 1.436301 4.942112 1.517141 hargrave 2020-12-22 19:33:32 
TT 200 296.5  43.3 296.5  43.3 3.09E-04 003.9 146.2  38.1 0.618243 1.919804 0.704802 hargrave 2020-12-29 17:13:00 
TT 300 290.5  39.2 290.5  39.2 2.14E-04 003.6 146.2  44.2 0.198961 1.203510 0.567450 hargrave 2020-12-30 13:06:34 
TT 400 288.5  37.5 288.5  37.5 1.63E-04 002.0 146.1  46.5 0.160932 0.455069 0.298117 hargrave 2021-01-01 17:54:38 
TT 450 292.0  36.0 292.0  36.0 1.47E-04 002.1 141.7  45.5 0.244198 0.305808 0.380321 hargrave 2021-01-02 12:42:01 
TT 500 288.4  37.5 288.4  37.5 1.28E-04 002.0 146.1  46.5 0.349770 0.122735 0.251293 hargrave 2021-01-03 10:38:29 
TT 525 289.6  35.0 289.6  35.0 1.18E-04 003.2 142.5  47.5 0.105262 0.573892 0.294852 hargrave 2021-01-03 17:07:47 
TT 550 289.8  33.5 289.8  33.5 9.97E-05 002.1 140.7  48.4 0.269505 0.176621 0.196291 hargrave 2021-01-03 22:55:27 
TT 560 289.7  32.2 289.7  32.2 9.27E-05 002.6 139.2  49.3 0.072563 0.356500 0.207443 hargrave 2021-01-07 21:45:46 
TT 570 290.7  32.1 290.7  32.1 8.49E-05 002.7 138.4  48.7 0.157330 0.290840 0.223934 hargrave 2021-01-19 16:40:01 
TT 580 291.1  32.1 291.1  32.1 7.51E-05 002.4 138.0  48.5 0.157227 0.145944 0.247627 hargrave 2021-01-24 13:47:55 
TT 590 289.0  31.6 289.0  31.6 7.10E-05 002.1 139.1  50.2 0.059326 0.204560 0.160798 hargrave 2021-01-28 12:33:51 
TT 600 288.9  30.1 288.9  30.1 6.35E-05 001.2 137.5  51.2 0.077499 0.073539 0.096779 hargrave 2021-01-29 10:27:35 
TT 610 289.8  27.9 289.8  27.9 5.42E-05 002.8 133.7  51.9 0.084800 0.222989 0.121666 hargrave 2021-01-29 17:04:52 
TT 620 294.0  28.3 294.0  28.3 4.45E-05 002.4 131.1  48.6 0.079366 0.137717 0.105667 hargrave 2021-01-31 15:52:35 
TT 630 290.1  28.6 290.1  28.6 3.84E-05 002.1 134.5  51.2 0.114836 0.070498 0.059796 hargrave 2021-02-02 10:50:20 
TT 640 298.8  17.7 298.8  17.7 3.24E-05 003.5 113.7  48.8 0.158820 0.118040 0.063334 hargrave 2021-02-02 18:16:22 
TT 650 285.5  27.1 285.5  27.1 2.73E-05 001.8 136.6  55.4 0.070316 0.040197 0.050756 hargrave 2021-02-04 11:48:04 
TT 660 285.9  29.3 285.9  29.3 2.08E-05 002.0 139.1  53.6 0.063216 0.036469 0.036728 hargrave 2021-02-04 18:31:03 
TT 664 295.4  08.9 295.4  08.9 1.88E-05 001.1 101.0  53.8 0.031515 0.022776 0.018262 hargrave 2021-02-05 14:36:22 
TT 668 295.1  31.8 295.1  31.8 1.49E-05 001.8 134.8  45.9 0.033072 0.023410 0.041028 hargrave 2021-02-05 20:29:47 
TT 672 273.3  08.0 273.3  08.0 1.04E-05 000.9 110.4  75.4 0.012933 0.006470 0.024172 hargrave 2021-02-06 16:28:48 
TT 674 271.6  10.7 271.6  10.7 1.11E-05 001.7 123.3  75.8 0.029440 0.008660 0.032398 hargrave 2021-02-07 18:53:48 
TT 676 293.1 -05.3 293.1 -05.3 1.14E-05 001.7 076.1  55.5 0.032315 0.013849 0.004986 hargrave 2021-02-09 13:56:09 
TT 678 275.8  32.1 275.8  32.1 8.56E-06 003.1 154.1  57.1 0.020912 0.020002 0.045584 hargrave 2021-02-11 14:30:58 
TT 680 294.7 -04.0 294.7 -04.0 8.38E-06 001.4 079.0  54.2 0.021494 0.012271 0.021011 hargrave 2021-02-11 21:10:04 
TT 682 302.1  58.3 302.1  58.3 5.15E-06 002.8 156.8  25.6 0.010378 0.009307 0.023065 hargrave 2021-02-12 14:52:49 
