CF- 134a sun compass orientation
     62  15.9  79.0               1.0
NRM    302.0  43.1 302.0  43.1 5.36E-04 003.8 159.4  55.0 1.715109 3.102296 0.355918 hargrave 2020-12-20 21:51:00 
TT 100 099.0  78.9 099.0  78.9 2.47E-04 061.7 178.7  00.0 0.555474 11.01836 45.31552 hargrave 2020-12-22 19:43:08 
TT 100 303.4  40.1 303.4  40.1 5.02E-04 001.4 155.0  57.0 0.672230 0.953368 0.274559 hargrave 2020-12-22 20:16:16 
TT 200 293.6  28.3 293.6  28.3 3.98E-04 001.4 158.3  71.2 0.281784 0.928926 0.155187 hargrave 2020-12-29 17:24:06 
TT 300 289.8  22.9 289.8  22.9 3.13E-04 001.1 163.1  77.5 0.508735 0.258870 0.107800 hargrave 2020-12-30 13:19:53 
TT 400 289.1  19.8 289.1  19.8 2.48E-04 000.5 160.9  80.6 0.139793 0.181593 0.090054 hargrave 2021-01-01 18:05:42 
TT 450 287.5  19.2 287.5  19.2 2.22E-04 001.1 169.7  81.6 0.385511 0.164560 0.068656 hargrave 2021-01-02 12:55:48 
TT 500 287.2  17.1 287.2  17.1 1.99E-04 000.5 168.7  83.7 0.105545 0.131837 0.055789 hargrave 2021-01-03 10:48:51 
TT 525 286.5  17.4 286.5  17.4 1.90E-04 000.9 174.5  83.5 0.266819 0.136543 0.057740 hargrave 2021-01-03 17:18:47 
TT 550 285.4  16.7 285.4  16.7 1.71E-04 001.1 185.1  84.3 0.245055 0.198254 0.044348 hargrave 2021-01-03 23:05:44 
TT 560 284.0  16.1 284.0  16.1 1.60E-04 001.4 199.8  84.6 0.302593 0.260663 0.063347 hargrave 2021-01-07 21:57:29 
TT 570 283.4  14.5 283.4  14.5 1.46E-04 001.3 215.0  85.8 0.328581 0.091542 0.046955 hargrave 2021-01-19 16:50:06 
TT 580 283.4  14.9 283.4  14.9 1.37E-04 001.8 211.1  85.4 0.426436 0.061750 0.059929 hargrave 2021-01-24 13:59:45 
TT 590 283.0  13.4 283.0  13.4 1.31E-04 001.0 229.5  86.2 0.209696 0.071647 0.043278 hargrave 2021-01-28 12:45:39 
TT 600 279.7  11.1 279.7  11.1 1.16E-04 001.7 268.5  83.9 0.195592 0.271900 0.033772 hargrave 2021-01-29 10:39:22 
TT 610 280.2  09.4 280.2  09.4 1.03E-04 001.1 285.3  84.2 0.167638 0.092094 0.030823 hargrave 2021-01-29 17:16:25 
TT 620 279.2  07.4 279.2  07.4 8.85E-05 001.2 298.1  82.4 0.171257 0.065683 0.020432 hargrave 2021-01-31 16:02:15 
TT 630 276.8  06.1 276.8  06.1 8.12E-05 001.5 297.8  79.8 0.166571 0.127005 0.030458 hargrave 2021-02-02 11:01:39 
TT 640 275.0  03.1 275.0  03.1 7.28E-05 000.8 305.5  76.6 0.028470 0.095508 0.034929 hargrave 2021-02-02 18:27:35 
TT 650 276.3  02.6 276.3  02.6 6.71E-05 001.0 310.5  77.3 0.074122 0.092804 0.021253 hargrave 2021-02-04 11:59:29 
TT 660 279.9 -04.3 279.9 -04.3 5.59E-05 000.7 338.4  73.6 0.042478 0.055159 0.022433 hargrave 2021-02-04 18:42:16 
TT 664 278.7 -02.1 278.7 -02.1 4.71E-05 001.0 331.1  75.1 0.047907 0.064936 0.005466 hargrave 2021-02-05 14:47:39 
TT 668 271.0 -02.2 271.0 -02.2 4.30E-05 000.6 310.7  70.2 0.030341 0.028999 0.011124 hargrave 2021-02-05 20:40:16 
TT 672 277.8 -09.2 277.8 -09.2 3.44E-05 000.7 337.9  68.3 0.029545 0.029843 0.016139 hargrave 2021-02-06 16:39:19 
TT 674 271.5 -07.5 271.5 -07.5 3.23E-05 001.4 321.6  66.6 0.048742 0.062440 0.009015 hargrave 2021-02-07 19:04:18 
TT 676 278.3 -02.7 278.3 -02.7 2.49E-05 000.9 330.7  74.3 0.015893 0.036737 0.004845 hargrave 2021-02-09 14:06:38 
TT 678 266.8 -04.2 266.8 -04.2 1.94E-05 001.1 307.7  65.7 0.031193 0.018733 0.009690 hargrave 2021-02-11 14:41:34 
TT 680 272.9  00.1 272.9  00.1 1.13E-05 001.4 309.4  73.1 0.023676 0.016053 0.002353 hargrave 2021-02-11 21:20:35 
TT 682 273.8  05.0 273.8  05.0 8.10E-06 001.0 295.6  76.6 0.009126 0.010877 0.004307 hargrave 2021-02-12 15:03:25 
TT 684 294.0 -01.8 294.0 -01.8 7.42E-06 001.2 032.8  74.9 0.013854 0.007390 0.002853 hargrave 2021-02-13 14:34:24 
TT 687 322.8  69.3 322.8  69.3 3.61E-06 003.5 166.2  27.1 0.009853 0.019497 0.006294 hargrave 2021-02-13 19:30:03 
