CF- 113a mag compass orientation (IGRF corrected)
   52.2   4.5  92.0               1.0
NRM    290.8  56.7 290.8  56.7 1.83E-04 002.2 169.8  29.8 0.105236 0.672138 0.186762 hargrave 2020-12-20 21:12:53 
TT 100 288.8  51.9 288.8  51.9 1.79E-04 002.9 169.3  34.8 0.237338 0.867246 0.095402 hargrave 2020-12-22 19:13:25 
TT 200 292.5  44.9 292.5  44.9 1.59E-04 001.0 163.2  40.5 0.058120 0.251679 0.106069 hargrave 2020-12-29 16:52:07 
TT 300 290.4  42.4 290.4  42.4 1.24E-04 001.4 163.9  43.4 0.108218 0.270994 0.078560 hargrave 2020-12-30 12:40:57 
TT 400 294.9  37.5 294.9  37.5 9.31E-05 002.5 156.4  46.2 0.088342 0.408035 0.059527 hargrave 2021-01-01 17:25:09 
TT 450 294.8  36.2 294.8  36.2 8.21E-05 001.2 155.6  47.4 0.104648 0.133093 0.069816 hargrave 2021-01-02 12:15:26 
TT 500 294.2  35.1 294.2  35.1 7.27E-05 002.3 155.3  48.6 0.065928 0.282400 0.053811 hargrave 2021-01-02 19:30:13 
TT 525 309.7  26.6 309.7  26.6 2.27E-04 003.5 132.6  45.6 1.083777 0.845770 0.196879 hargrave 2021-01-03 16:46:59 
TT 550 299.9  34.3 299.9  34.3 6.21E-05 002.2 149.0  46.5 0.120821 0.207102 0.035075 hargrave 2021-01-03 22:33:57 
TT 560 289.6  38.6 289.6  38.6 5.83E-05 004.1 162.6  47.0 0.143978 0.394208 0.047536 hargrave 2021-01-07 21:21:02 
TT 570 285.7  37.3 285.7  37.3 5.03E-05 009.5 166.3  49.3 0.242379 0.806967 0.036322 hargrave 2021-01-19 16:19:15 
TT 570 294.4  35.5 294.4  35.5 5.11E-05 001.5 155.5  48.1 0.118960 0.082268 0.037244 hargrave 2021-01-19 17:36:41 
TT 580 300.2  34.5 300.2  34.5 2.32E-05 031.8 148.9  46.3 1.470894 0.887376 1.793793 hargrave 2021-01-24 13:23:06 
TT 580 302.1  33.4 302.1  33.4 2.33E-05 031.7 146.1  46.1 1.435854 0.966839 1.796016 hargrave 2021-01-24 14:21:31 
TT 580 298.1  35.9 298.1  35.9 2.34E-05 027.3 152.1  46.2 1.533329 0.812874 1.806014 hargrave 2021-01-24 14:54:55 
TT 580 298.2  33.3 298.2  33.3 4.67E-05 001.6 149.8  48.2 0.105314 0.085559 0.028923 hargrave 2021-01-24 15:14:39 
TT 590 296.2  33.3 296.2  33.3 2.24E-05 039.4 151.7  49.2 1.376297 0.739317 1.810118 hargrave 2021-01-28 12:08:53 
TT 590 295.9  33.3 295.9  33.3 2.24E-05 028.9 152.1  49.3 1.380725 0.730455 1.815101 hargrave 2021-01-28 13:15:57 
TT 590 298.2  31.9 298.2  31.9 4.49E-05 001.1 148.4  49.3 0.076524 0.062335 0.029813 hargrave 2021-01-28 13:28:47 
TT 600 295.5  32.6 295.5  32.6 2.15E-05 071.6 151.9  50.2 1.300953 0.694354 1.765106 hargrave 2021-01-29 10:02:32 
TT 600 129.7  19.5 129.7  19.5 2.16E-05 046.3 240.6 -51.4 0.706126 1.252630 1.802681 hargrave 2021-01-29 11:02:08 
TT 600 295.0  33.1 295.0  33.1 2.15E-05 071.5 152.9  49.9 1.321148 0.675656 1.762320 hargrave 2021-01-29 11:10:37 
TT 600 295.7  31.9 295.7  31.9 4.31E-05 001.0 151.1  50.6 0.081401 0.039855 0.029148 hargrave 2021-01-29 11:25:43 
TT 610 300.7  31.0 300.7  31.0 3.88E-05 002.0 145.0  48.7 0.116490 0.054527 0.065439 hargrave 2021-01-29 16:39:51 
TT 620 304.1  29.4 304.1  29.4 3.65E-05 001.7 140.2  47.7 0.090723 0.078222 0.047369 hargrave 2021-01-31 15:32:04 
TT 630 298.9  30.6 298.9  30.6 3.56E-05 001.8 146.4  50.0 0.091429 0.073909 0.040891 hargrave 2021-02-02 10:24:02 
TT 640 302.0  28.6 302.0  28.6 2.96E-05 001.4 141.3  49.6 0.062052 0.057460 0.032570 hargrave 2021-02-02 17:51:24 
TT 650 300.5  29.9 300.5  29.9 2.84E-05 002.1 144.1  49.6 0.094946 0.054815 0.033373 hargrave 2021-02-04 11:23:09 
TT 660 298.0  25.7 298.0  25.7 2.43E-05 001.8 142.1  54.1 0.064754 0.051361 0.031651 hargrave 2021-02-04 18:06:34 
TT 664 298.0  24.5 298.0  24.5 2.12E-05 002.3 140.7  55.0 0.063114 0.066793 0.022864 hargrave 2021-02-05 14:11:39 
TT 668 305.1  19.6 305.1  19.6 1.99E-05 001.9 127.1  53.0 0.056829 0.045834 0.022559 hargrave 2021-02-05 20:06:04 
TT 672 303.4  27.8 303.4  27.8 2.01E-05 003.2 139.1  49.3 0.096886 0.063831 0.033625 hargrave 2021-02-06 16:04:56 
TT 674 300.0  23.6 300.0  23.6 1.66E-05 002.1 137.4  54.4 0.051934 0.042876 0.025975 hargrave 2021-02-07 18:29:54 
TT 676 307.6  25.8 307.6  25.8 1.76E-05 002.1 133.2  47.6 0.051013 0.039362 0.036069 hargrave 2021-02-09 13:31:25 
TT 678 307.9  30.0 307.9  30.0 1.48E-05 002.1 137.8  44.9 0.047639 0.028570 0.032514 hargrave 2021-02-11 14:06:53 
TT 680 269.5  88.0 269.5  88.0 8.43E-06 051.6 180.2 -00.0 0.021901 0.663018 0.834551 hargrave 2021-02-11 20:46:12 
TT 680 144.1  34.2 144.1  34.2 1.28E-05 004.1 229.2 -33.7 0.063929 0.066818 0.010155 hargrave 2021-02-12 09:53:32 
TT 682 129.4  41.4 129.4  41.4 9.14E-06 004.4 213.9 -39.7 0.055010 0.041284 0.017129 hargrave 2021-02-12 14:28:46 
