CF- 120a mag compass orientation (IGRF corrected)
   55.5  13.5  83.0               1.0
NRM    288.6  46.0 288.6  46.0 4.60E-04 001.3 174.4  50.7 0.281903 0.949889 0.218878 hargrave 2020-12-20 21:26:13 
TT 100 292.2  45.5 292.2  45.5 4.44E-04 001.1 170.3  50.8 0.193652 0.786846 0.173338 hargrave 2020-12-22 19:23:33 
TT 200 288.5  38.6 288.5  38.6 3.73E-04 001.4 172.7  58.1 0.141319 0.870427 0.119865 hargrave 2020-12-29 17:02:59 
TT 300 287.6  33.5 287.6  33.5 3.05E-04 001.1 172.4  63.2 0.249518 0.537153 0.114731 hargrave 2020-12-30 12:54:17 
TT 400 287.4  31.3 287.4  31.3 2.39E-04 000.6 172.1  65.4 0.192283 0.174211 0.066485 hargrave 2021-01-01 17:36:44 
TT 450 290.0  29.1 290.0  29.1 2.10E-04 001.3 165.4  67.0 0.155612 0.438187 0.050183 hargrave 2021-01-02 12:29:13 
TT 500 289.0  29.3 289.0  29.3 1.82E-04 000.8 167.7  67.1 0.088732 0.237192 0.050619 hargrave 2021-01-02 19:42:23 
TT 525 289.2  29.0 289.2  29.0 1.75E-04 000.7 167.0  67.3 0.086365 0.182316 0.052371 hargrave 2021-01-03 16:57:46 
TT 550 288.4  28.1 288.4  28.1 1.59E-04 001.0 168.1  68.4 0.135681 0.250948 0.035012 hargrave 2021-01-03 22:44:44 
TT 560 288.8  28.0 288.8  28.0 1.53E-04 000.4 167.2  68.4 0.080507 0.071611 0.039516 hargrave 2021-01-07 21:33:33 
TT 570 289.7  28.5 289.7  28.5 1.44E-04 001.2 165.6  67.7 0.142570 0.267512 0.056087 hargrave 2021-01-19 16:29:43 
TT 580 290.1  29.2 290.1  29.2 1.30E-04 000.8 165.1  66.9 0.133813 0.073930 0.113274 hargrave 2021-01-24 13:35:37 
TT 590 288.4  29.1 288.4  29.1 1.24E-04 000.8 168.7  67.5 0.099035 0.146047 0.072302 hargrave 2021-01-28 12:21:31 
TT 600 288.1  26.2 288.1  26.2 1.24E-04 001.2 167.7  70.3 0.087637 0.238227 0.031051 hargrave 2021-01-29 10:15:14 
TT 610 287.4  25.5 287.4  25.5 1.04E-04 001.4 169.1  71.1 0.070285 0.246739 0.020866 hargrave 2021-01-29 16:52:10 
TT 620 290.7  25.8 290.7  25.8 9.71E-05 001.0 160.6  70.0 0.104512 0.128623 0.045023 hargrave 2021-01-31 15:42:18 
TT 630 290.5  24.0 290.5  24.0 8.66E-05 000.8 159.3  71.7 0.080805 0.092488 0.019028 hargrave 2021-02-02 10:36:43 
TT 640 294.2  22.9 294.2  22.9 7.29E-05 001.2 148.2  71.0 0.133913 0.078153 0.015225 hargrave 2021-02-02 18:03:47 
TT 650 287.3  22.3 287.3  22.3 6.58E-05 000.7 166.9  74.2 0.079707 0.038333 0.017535 hargrave 2021-02-04 11:35:56 
TT 660 291.8  23.2 291.8  23.2 5.29E-05 001.0 154.8  71.9 0.056364 0.081522 0.014863 hargrave 2021-02-04 18:19:08 
TT 664 287.0  22.6 287.0  22.6 3.90E-05 001.4 168.0  74.0 0.068313 0.067596 0.017611 hargrave 2021-02-05 14:24:21 
TT 668 293.0  22.9 293.0  22.9 3.55E-05 001.1 151.2  71.6 0.058617 0.035041 0.011726 hargrave 2021-02-05 20:17:50 
TT 672 287.2  24.2 287.2  24.2 2.83E-05 000.9 168.8  72.4 0.029563 0.041543 0.020579 hargrave 2021-02-06 16:16:48 
TT 674 284.3  19.1 284.3  19.1 2.68E-05 000.8 176.2  77.8 0.041412 0.014708 0.025901 hargrave 2021-02-07 18:41:46 
TT 676 290.6  25.6 290.6  25.6 2.64E-05 000.8 160.7  70.2 0.029213 0.032171 0.024500 hargrave 2021-02-09 13:43:20 
TT 678 288.6  25.0 288.6  25.0 2.35E-05 001.6 165.4  71.4 0.017082 0.065485 0.029987 hargrave 2021-02-11 14:18:51 
TT 680 284.6  32.9 284.6  32.9 1.31E-05 001.4 177.9  64.0 0.011515 0.029515 0.008280 hargrave 2021-02-11 20:58:03 
TT 682 287.9  36.7 287.9  36.7 8.40E-06 001.4 173.0  60.0 0.009440 0.018429 0.005619 hargrave 2021-02-12 14:39:29 
TT 684 273.5  42.5 273.5  42.5 7.59E-06 001.1 192.4  53.4 0.011100 0.010693 0.004103 hargrave 2021-02-13 14:21:13 
TT 687 312.8  54.8 312.8  54.8 5.20E-06 013.7 159.3  36.8 0.038105 0.121624 0.004465 hargrave 2021-02-13 19:16:36 
TT 687 326.0  50.2 326.0  50.2 5.20E-06 002.7 148.5  34.2 0.008246 0.012113 0.028171 hargrave 2021-02-13 20:02:59 
