CF- 117a mag compass orientation (IGRF corrected)
   54.2  23.5  96.0               1.0
NRM    298.3  33.8 298.3  33.8 4.25E-04 002.2 173.8  49.9 0.533327 1.470871 0.364995 hargrave 2020-12-20 21:18:49 
TT 100 298.0  32.5 298.0  32.5 4.04E-04 001.7 174.0  51.2 0.380073 1.123538 0.240571 hargrave 2020-12-22 19:18:12 
TT 200 292.9  27.5 292.9  27.5 3.65E-04 001.6 180.9  56.5 0.268110 0.953461 0.220590 hargrave 2020-12-29 16:56:53 
TT 300 291.8  24.8 291.8  24.8 3.15E-04 001.8 182.9  59.2 0.275306 0.903916 0.199913 hargrave 2020-12-30 12:46:54 
TT 400 293.1  23.0 293.1  23.0 2.63E-04 001.6 180.8  61.0 0.212488 0.685624 0.149821 hargrave 2021-01-01 17:30:35 
TT 450 292.3  22.6 292.3  22.6 2.37E-04 000.9 182.3  61.4 0.251437 0.226696 0.153365 hargrave 2021-01-02 12:21:37 
TT 500 296.3  21.7 296.3  21.7 2.12E-04 004.6 174.5  62.2 0.166906 1.707031 0.143949 hargrave 2021-01-02 19:36:17 
TT 525 295.8  26.9 295.8  26.9 8.88E-05 002.1 176.2  57.1 0.151623 0.265948 0.105934 hargrave 2021-01-03 16:51:44 
TT 550 292.9  21.6 292.9  21.6 1.86E-04 001.1 181.2  62.4 0.210111 0.278268 0.117973 hargrave 2021-01-03 22:38:42 
TT 560 293.1  21.3 293.1  21.3 1.82E-04 001.3 180.8  62.7 0.189327 0.332198 0.113875 hargrave 2021-01-07 21:26:57 
TT 570 292.8  20.7 292.8  20.7 1.69E-04 001.1 181.5  63.3 0.290140 0.075416 0.144152 hargrave 2021-01-19 16:24:11 
TT 580 293.5  20.4 293.5  20.4 1.63E-04 001.8 180.0  63.6 0.442651 0.103095 0.242407 hargrave 2021-01-24 13:29:01 
TT 590 294.7  20.1 294.7  20.1 1.60E-04 001.2 177.3  63.8 0.285809 0.124481 0.159742 hargrave 2021-01-28 12:14:51 
TT 600 292.8  20.9 292.8  20.9 1.51E-04 001.5 181.4  63.1 0.335176 0.174756 0.148744 hargrave 2021-01-29 10:08:33 
TT 610 292.9  20.0 292.9  20.0 1.42E-04 001.7 181.2  64.0 0.356623 0.121231 0.166059 hargrave 2021-01-29 16:45:45 
TT 620 291.2  18.9 291.2  18.9 1.32E-04 001.6 185.2  65.0 0.289961 0.156302 0.147343 hargrave 2021-01-31 15:36:43 
TT 630 292.8  18.5 292.8  18.5 1.25E-04 000.9 181.6  65.5 0.120606 0.139758 0.073368 hargrave 2021-02-02 10:29:50 
TT 640 293.0  17.6 293.0  17.6 1.16E-04 001.0 181.1  66.4 0.129318 0.134742 0.070976 hargrave 2021-02-02 17:57:02 
TT 650 294.3  18.0 294.3  18.0 1.09E-04 000.8 178.1  66.0 0.110265 0.103633 0.046981 hargrave 2021-02-04 11:29:00 
TT 660 294.1  17.1 294.1  17.1 9.90E-05 000.7 178.6  66.9 0.106500 0.045607 0.059508 hargrave 2021-02-04 18:12:19 
TT 664 295.4  17.3 295.4  17.3 8.91E-05 001.4 175.5  66.6 0.091047 0.195050 0.044587 hargrave 2021-02-05 14:17:26 
TT 668 294.4  16.0 294.4  16.0 8.16E-05 000.7 177.7  68.0 0.079589 0.042970 0.050773 hargrave 2021-02-05 20:11:46 
TT 672 293.5  16.3 293.5  16.3 6.95E-05 000.8 179.9  67.7 0.078287 0.056686 0.033883 hargrave 2021-02-06 16:10:43 
TT 674 293.0  15.9 293.0  15.9 6.45E-05 001.3 181.2  68.1 0.067545 0.121841 0.049763 hargrave 2021-02-07 18:35:41 
TT 676 294.6  14.9 294.6  14.9 6.02E-05 001.8 177.1  69.0 0.075170 0.165820 0.044824 hargrave 2021-02-09 13:37:12 
TT 678 294.2  13.2 294.2  13.2 5.52E-05 001.1 177.9  70.7 0.080208 0.063105 0.038517 hargrave 2021-02-11 14:12:42 
TT 680 295.4  13.6 295.4  13.6 4.87E-05 001.4 174.4  70.3 0.072348 0.089358 0.046740 hargrave 2021-02-11 20:51:58 
TT 682 295.3  16.3 295.3  16.3 4.10E-05 002.4 175.5  67.6 0.069439 0.150672 0.044171 hargrave 2021-02-12 14:34:37 
TT 684 299.7  13.8 299.7  13.8 2.45E-05 001.6 162.9  69.3 0.053218 0.035439 0.023410 hargrave 2021-02-13 14:15:55 
TT 687 212.4  59.0 212.4  59.0 4.60E-06 001.6 210.6 -00.6 0.010802 0.009132 0.007691 hargrave 2021-02-13 19:13:43 
