CF- 99a mag compass orientation (IGRF corrected)
   46.6 321.5  62.0               1.0
NRM    286.0  49.2 286.0  49.2 1.69E-04 004.6 132.7  43.7 0.796410 1.073039 0.223021 hargrave 2020-12-20 20:49:35 
TT 100 286.1  47.9 286.1  47.9 1.64E-04 003.7 130.8  43.7 0.878330 0.584911 0.135241 hargrave 2020-12-22 18:54:42 
TT 200 285.5  45.8 285.5  45.8 1.47E-04 002.4 128.0  44.3 0.364871 0.486910 0.117871 hargrave 2020-12-29 16:32:17 
TT 300 284.0  42.4 284.0  42.4 1.20E-04 001.1 123.3  45.5 0.224493 0.029542 0.089863 hargrave 2020-12-30 12:16:45 
TT 400 284.6  37.9 284.6  37.9 9.07E-05 001.2 116.9  45.0 0.180207 0.100913 0.048389 hargrave 2021-01-01 17:04:06 
TT 450 285.0  41.1 285.0  41.1 7.64E-05 001.0 121.4  44.8 0.119361 0.043838 0.050888 hargrave 2021-01-02 11:50:25 
TT 500 282.5  41.0 282.5  41.0 6.49E-05 001.4 121.3  46.7 0.149220 0.043816 0.035257 hargrave 2021-01-02 19:09:54 
TT 525 282.6  40.6 282.6  40.6 6.25E-05 002.5 120.7  46.6 0.259430 0.083489 0.045145 hargrave 2021-01-03 16:26:45 
TT 550 284.4  37.4 284.4  37.4 5.75E-05 001.6 116.1  45.1 0.154356 0.051865 0.049410 hargrave 2021-01-03 22:15:05 
TT 560 284.2  42.2 284.2  42.2 5.54E-05 003.1 123.0  45.4 0.268823 0.127583 0.047788 hargrave 2021-01-07 20:58:32 
TT 570 284.7  40.1 284.7  40.1 5.25E-05 003.1 120.0  45.0 0.268025 0.084375 0.054295 hargrave 2021-01-19 16:00:12 
TT 580 287.9  43.0 287.9  43.0 4.79E-05 001.9 124.1  42.7 0.140126 0.046621 0.072645 hargrave 2021-01-24 13:00:34 
TT 590 286.4  37.9 286.4  37.9 4.42E-05 001.3 117.0  43.5 0.067495 0.067074 0.041060 hargrave 2021-01-28 11:45:22 
TT 600 286.8  39.0 286.8  39.0 4.14E-05 001.8 118.6  43.3 0.114774 0.070735 0.020841 hargrave 2021-01-29 09:39:38 
TT 610 286.3  37.3 286.3  37.3 4.00E-05 002.7 116.2  43.6 0.166688 0.087684 0.033661 hargrave 2021-01-29 16:16:40 
TT 620 286.8  38.4 286.8  38.4 3.59E-05 001.1 117.8  43.3 0.041782 0.045862 0.042273 hargrave 2021-01-31 15:08:45 
TT 630 291.3  35.2 291.3  35.2 3.44E-05 001.3 114.2  39.4 0.057534 0.061019 0.034347 hargrave 2021-02-02 09:58:18 
TT 640 291.9  38.7 291.9  38.7 3.02E-05 002.2 118.7  39.3 0.097369 0.065097 0.018437 hargrave 2021-02-02 17:28:29 
TT 650 292.8  36.4 292.8  36.4 2.28E-05 001.4 115.9  38.3 0.050055 0.026947 0.016854 hargrave 2021-02-04 11:00:24 
TT 660 296.0  38.2 296.0  38.2 2.00E-05 001.2 118.6  36.0 0.033195 0.027947 0.017515 hargrave 2021-02-04 17:44:01 
TT 664 301.4  27.5 301.4  27.5 1.70E-05 001.5 107.6  29.1 0.041800 0.023136 0.015052 hargrave 2021-02-05 13:49:06 
TT 668 299.9  45.4 299.9  45.4 1.32E-05 001.5 127.8  34.2 0.030361 0.022051 0.008353 hargrave 2021-02-05 19:43:48 
TT 672 304.4  19.7 304.4  19.7 1.11E-05 001.2 100.6  23.8 0.022365 0.016622 0.008406 hargrave 2021-02-06 15:42:25 
TT 674 299.8  23.6 299.8  23.6 7.70E-06 010.6 102.8  29.1 0.138986 0.037304 0.005425 hargrave 2021-02-07 18:07:29 
TT 674 302.6  33.5 302.6  33.5 7.74E-06 002.3 114.5  29.8 0.028419 0.013670 0.008331 hargrave 2021-02-08 09:20:33 
TT 676 294.8  52.5 294.8  52.5 3.29E-06 002.2 136.5  37.9 0.009909 0.008978 0.001300 hargrave 2021-02-09 13:08:51 
TT 678 238.6  53.9 238.6  53.9 2.16E-06 001.2 170.6  63.6 0.002649 0.002763 0.004350 hargrave 2021-02-11 13:44:10 
TT 680 307.8  05.2 307.8  05.2 5.68E-06 003.8 088.2  14.5 0.037884 0.009379 0.006337 hargrave 2021-02-11 20:23:39 
TT 682 197.9  57.9 197.9  57.9 2.36E-06 001.4 208.5  52.1 0.003283 0.005235 0.001639 hargrave 2021-02-12 14:09:56 
