GH2- 6b sun compass orientation
      0  47.3  46.0   0.0   0.0   1.0
NRM    301.3  57.5 301.3  57.5 1.11E-02 000.4 210.8  73.2 4.351427 5.388805 1.759271 hargrave 2021-02-04 01:06:34 
AF  10 302.2  57.0 302.2  57.0 1.08E-02 000.4 210.7  73.9 4.501921 5.074950 1.826938 hargrave 2021-02-04 01:08:44 
AF  20 302.9  56.1 302.9  56.1 1.04E-02 000.4 211.9  74.8 4.520007 4.816256 1.729643 hargrave 2021-02-04 01:10:04 
AF  30 303.1  55.1 303.1  55.1 1.00E-02 000.4 214.6  75.6 4.255536 4.564357 1.562966 hargrave 2021-02-04 01:12:14 
AF  40 302.8  53.6 302.8  53.6 9.50E-03 000.4 219.4  76.5 4.191257 4.219478 1.421904 hargrave 2021-02-04 01:13:33 
AF  50 302.3  52.4 302.3  52.4 9.06E-03 000.4 224.4  77.0 4.033097 3.925908 1.350516 hargrave 2021-02-04 01:14:53 
AF  60 301.7  51.0 301.7  51.0 8.63E-03 000.4 230.9  77.4 3.931063 3.736213 1.277956 hargrave 2021-02-04 01:16:13 
AF  70 301.0  49.7 301.0  49.7 8.21E-03 000.4 237.3  77.5 3.776921 3.519109 1.213496 hargrave 2021-02-04 01:17:32 
AF  80 300.3  48.3 300.3  48.3 7.80E-03 000.4 244.0  77.5 3.677302 3.320994 1.193195 hargrave 2021-02-04 01:18:52 
AF  90 299.6  47.0 299.6  47.0 7.42E-03 000.4 250.2  77.3 3.537646 3.136837 1.183697 hargrave 2021-02-04 01:20:12 
AF 100 299.0  45.9 299.0  45.9 7.07E-03 000.4 255.3  76.9 3.378745 2.921078 1.220450 hargrave 2021-02-04 01:21:31 
AF 120 298.1  44.2 298.1  44.2 6.50E-03 000.4 262.4  76.2 3.154474 2.659303 1.239647 hargrave 2021-02-04 01:22:51 
AF 140 297.2  42.8 297.2  42.8 5.97E-03 000.4 267.6  75.4 2.950845 2.406515 1.150962 hargrave 2021-02-04 01:24:10 
AF 160 296.7  41.9 296.7  41.9 5.51E-03 000.4 270.6  74.8 2.678571 2.107188 1.108363 hargrave 2021-02-04 01:25:30 
AF 180 296.2  41.3 296.2  41.3 5.12E-03 000.4 272.5  74.3 2.530856 2.021083 1.052195 hargrave 2021-02-04 01:26:50 
AF 200 295.9  40.8 295.9  40.8 4.77E-03 000.4 273.9  73.9 2.342726 1.880566 1.034129 hargrave 2021-02-04 01:28:10 
AF 250 295.4  40.0 295.4  40.0 4.04E-03 000.4 276.4  73.3 1.983569 1.595988 0.914496 hargrave 2021-02-04 01:29:30 
AF 300 294.9  39.4 294.9  39.4 3.41E-03 000.4 277.7  72.7 1.669126 1.354707 0.803599 hargrave 2021-02-04 01:30:49 
AF 350 294.4  39.2 294.4  39.2 2.90E-03 000.4 277.8  72.3 1.390827 1.138566 0.691819 hargrave 2021-02-04 01:32:09 
AF 400 294.2  39.3 294.2  39.3 2.53E-03 000.4 277.4  72.2 1.196192 0.990095 0.618157 hargrave 2021-02-04 01:33:29 
AF 450 294.0  39.1 294.0  39.1 2.27E-03 000.4 277.8  71.9 1.069877 0.887220 0.568391 hargrave 2021-02-04 01:34:49 
AF 500 293.3  39.3 293.3  39.3 2.07E-03 000.4 276.4  71.5 0.961266 0.797484 0.530057 hargrave 2021-02-04 01:36:09 
AF 550 293.6  39.3 293.6  39.3 1.94E-03 000.4 276.7  71.7 0.908483 0.763554 0.497516 hargrave 2021-02-04 01:37:28 
AF 600 292.9  39.1 292.9  39.1 1.83E-03 000.4 276.5  71.2 0.865651 0.696453 0.497862 hargrave 2021-02-04 01:38:52 
AF 650 292.4  39.3 292.4  39.3 1.75E-03 000.4 275.7  70.9 0.835461 0.702940 0.464238 hargrave 2021-02-04 01:40:12 
AF 700 293.4  38.9 293.4  38.9 1.69E-03 000.4 277.6  71.4 0.754644 0.674975 0.444465 hargrave 2021-02-04 01:41:32 
AF 750 293.1  38.7 293.1  38.7 1.63E-03 000.4 277.9  71.2 0.707823 0.636689 0.448697 hargrave 2021-02-04 01:42:51 
AF 800 292.5  39.0 292.5  39.0 1.60E-03 000.4 276.4  70.9 0.736011 0.652197 0.445059 hargrave 2021-02-04 01:44:11 
AF 850 292.7  38.9 292.7  38.9 1.58E-03 000.4 277.0  71.0 0.669451 0.611999 0.444808 hargrave 2021-02-04 01:45:31 
AF 900 292.7  38.6 292.7  38.6 1.56E-03 000.4 277.8  70.8 0.665342 0.613096 0.436097 hargrave 2021-02-04 01:46:52 
AF 950 292.5  38.3 292.5  38.3 1.53E-03 000.4 278.3  70.6 0.677676 0.592740 0.441311 hargrave 2021-02-04 01:48:12 
AF1000 292.4  38.5 292.4  38.5 1.52E-03 000.4 277.7  70.6 0.659166 0.588015 0.432275 hargrave 2021-02-04 01:49:33 
AF1050 292.9  37.9 292.9  37.9 1.50E-03 000.4 279.9  70.7 0.630278 0.563679 0.436950 hargrave 2021-02-04 01:50:53 
AF1100 292.5  38.7 292.5  38.7 1.48E-03 000.4 277.3  70.8 0.627230 0.579080 0.424609 hargrave 2021-02-04 01:52:14 
AF1150 292.3  38.4 292.3  38.4 1.48E-03 000.4 278.1  70.4 0.614809 0.562625 0.426589 hargrave 2021-02-04 01:53:35 
AF1200 291.8  38.4 291.8  38.4 1.48E-03 000.4 277.5  70.1 0.643523 0.582427 0.433323 hargrave 2021-02-04 01:54:56 
AF1250 292.2  38.5 292.2  38.5 1.47E-03 000.4 277.7  70.4 0.637952 0.573301 0.430926 hargrave 2021-02-04 01:56:18 
AF1300 292.7  38.8 292.7  38.8 1.46E-03 000.4 277.1  70.9 0.627743 0.572472 0.424588 hargrave 2021-02-04 01:57:41 
