GH2- 7b sun compass orientation
      0  44.3  51.0   0.0   0.0   1.0
NRM    304.5  60.3 304.5  60.3 1.48E-02 000.3 192.9  67.8 4.488343 6.851768 2.642776 hargrave 2021-02-04 01:59:05 
AF  10 306.0  59.9 306.0  59.9 1.43E-02 000.3 191.3  68.4 4.638002 5.920481 2.740918 hargrave 2021-02-04 02:00:25 
AF  20 307.1  59.2 307.1  59.2 1.38E-02 000.3 190.6  69.3 4.376417 5.527871 2.519722 hargrave 2021-02-04 02:01:45 
AF  30 307.2  58.1 307.2  58.1 1.31E-02 000.3 191.1  70.3 4.222702 5.404086 2.267351 hargrave 2021-02-04 02:03:04 
AF  40 306.8  56.7 306.8  56.7 1.24E-02 000.3 193.0  71.6 3.904259 4.233692 1.950780 hargrave 2021-02-04 02:04:25 
AF  50 306.2  55.5 306.2  55.5 1.17E-02 000.3 195.5  72.6 3.818036 4.417214 1.709816 hargrave 2021-02-04 02:05:44 
AF  60 305.3  54.0 305.3  54.0 1.10E-02 000.3 199.3  73.8 3.673882 3.911165 1.431200 hargrave 2021-02-04 02:07:04 
AF  70 304.3  52.6 304.3  52.6 1.04E-02 000.3 203.8  74.8 3.573717 3.813697 1.192774 hargrave 2021-02-04 02:08:24 
AF  80 303.3  51.0 303.3  51.0 9.75E-03 000.3 209.1  75.7 3.437661 3.438802 1.008548 hargrave 2021-02-04 02:09:43 
AF  90 302.3  49.6 302.3  49.6 9.14E-03 000.3 214.9  76.4 3.296298 3.253599 0.883698 hargrave 2021-02-04 02:11:03 
AF 100 301.4  48.3 301.4  48.3 8.58E-03 000.3 220.6  76.9 3.190209 2.993611 0.801540 hargrave 2021-02-04 02:12:23 
AF 120 300.2  46.4 300.2  46.4 7.68E-03 000.3 229.9  77.3 2.877868 2.706737 0.739493 hargrave 2021-02-04 02:13:42 
AF 140 299.1  44.8 299.1  44.8 6.84E-03 000.3 237.8  77.3 2.422667 2.362107 0.726076 hargrave 2021-02-04 02:15:02 
AF 160 298.2  43.7 298.2  43.7 6.13E-03 000.3 243.5  77.1 2.373597 2.167943 0.699519 hargrave 2021-02-04 02:16:22 
AF 180 297.5  42.8 297.5  42.8 5.53E-03 000.3 248.0  76.7 2.114767 1.925032 0.687666 hargrave 2021-02-04 02:17:43 
AF 200 297.0  42.4 297.0  42.4 5.00E-03 000.3 249.9  76.5 1.935405 1.727175 0.634071 hargrave 2021-02-04 02:19:03 
AF 250 296.2  41.6 296.2  41.6 3.97E-03 000.3 253.7  76.0 1.452111 1.327346 0.578308 hargrave 2021-02-04 02:20:23 
AF 300 295.5  40.9 295.5  40.9 3.15E-03 000.3 256.3  75.5 1.194357 1.099763 0.501034 hargrave 2021-02-04 02:21:42 
AF 350 294.9  40.7 294.9  40.7 2.57E-03 000.3 257.4  75.1 0.997372 0.937630 0.435273 hargrave 2021-02-04 02:23:02 
AF 400 294.0  40.5 294.0  40.5 2.15E-03 000.3 258.0  74.4 0.842212 0.780160 0.377542 hargrave 2021-02-04 02:24:22 
AF 450 293.5  40.5 293.5  40.5 1.85E-03 000.3 258.1  74.0 0.724073 0.716504 0.341566 hargrave 2021-02-04 02:25:42 
AF 500 293.3  40.3 293.3  40.3 1.64E-03 000.3 258.6  73.8 0.628206 0.647713 0.323725 hargrave 2021-02-04 02:27:01 
AF 550 293.1  40.7 293.1  40.7 1.51E-03 000.3 257.4  73.7 0.607052 0.622779 0.290117 hargrave 2021-02-04 02:28:21 
AF 600 291.6  40.7 291.6  40.7 1.42E-03 000.3 257.3  72.6 0.574988 0.591450 0.299583 hargrave 2021-02-04 02:29:41 
AF 650 291.9  40.0 291.9  40.0 1.37E-03 000.4 259.4  72.7 0.566184 0.579008 0.282891 hargrave 2021-02-04 02:31:02 
AF 700 292.1  39.9 292.1  39.9 1.31E-03 000.4 259.8  72.9 0.530170 0.553580 0.268456 hargrave 2021-02-04 02:32:21 
AF 750 291.2  39.6 291.2  39.6 1.27E-03 000.4 260.7  72.2 0.510799 0.560812 0.278058 hargrave 2021-02-04 02:33:41 
AF 800 292.7  39.1 292.7  39.1 1.23E-03 000.4 262.8  73.3 0.488973 0.541686 0.265963 hargrave 2021-02-04 02:35:01 
AF 850 294.0  39.2 294.0  39.2 1.21E-03 000.4 262.9  74.3 0.481693 0.533519 0.248825 hargrave 2021-02-04 02:36:21 
AF 900 291.0  39.0 291.0  39.0 1.18E-03 000.4 262.6  72.0 0.477722 0.505265 0.284218 hargrave 2021-02-04 02:37:41 
AF 950 292.8  39.2 292.8  39.2 1.16E-03 000.4 262.7  73.4 0.485283 0.512012 0.255470 hargrave 2021-02-04 02:39:02 
AF1000 290.3  39.5 290.3  39.5 1.14E-03 000.4 260.8  71.5 0.474115 0.506870 0.267570 hargrave 2021-02-04 02:40:22 
AF1050 291.0  39.9 291.0  39.9 1.18E-03 000.4 259.6  72.0 0.491433 0.513280 0.259882 hargrave 2021-02-04 02:41:43 
AF1100 291.7  39.3 291.7  39.3 1.13E-03 000.4 261.8  72.5 0.469249 0.513817 0.250198 hargrave 2021-02-04 02:43:03 
AF1150 291.1  39.4 291.1  39.4 1.12E-03 000.4 261.4  72.0 0.458015 0.508623 0.258566 hargrave 2021-02-04 02:44:25 
AF1200 291.1  38.8 291.1  38.8 1.13E-03 000.4 263.3  72.0 0.467057 0.487171 0.244595 hargrave 2021-02-04 02:45:46 
AF1250 287.0  38.7 287.0  38.7 1.11E-03 000.4 262.1  68.8 0.498352 0.499098 0.281663 hargrave 2021-02-04 02:47:08 
AF1300 290.4  38.4 290.4  38.4 1.08E-03 000.4 264.2  71.4 0.496005 0.496997 0.257302 hargrave 2021-02-04 02:48:31 
