GH1- 1b sun compass orientation
      0  23.6  59.0   0.0   0.0   1.0
NRM    285.6  35.9 285.6  35.9 5.12E-03 000.3 231.7  81.7 1.805099 2.052864 0.793369 hargrave 2021-03-16 19:38:41 
AF  10 285.7  35.7 285.7  35.7 5.10E-03 000.3 232.6  81.9 1.778937 2.011539 0.782220 hargrave 2021-03-16 19:40:01 
AF  20 285.9  35.7 285.9  35.7 5.07E-03 000.3 231.8  82.1 1.773288 2.016593 0.761839 hargrave 2021-03-16 19:41:20 
AF  30 286.2  35.7 286.2  35.7 5.03E-03 000.3 230.7  82.2 1.251583 1.988920 0.742839 hargrave 2021-03-16 19:42:40 
AF  40 286.4  35.7 286.4  35.7 4.98E-03 000.3 230.4  82.4 1.764414 2.003460 0.733688 hargrave 2021-03-16 19:43:59 
AF  50 286.5  35.6 286.5  35.6 4.93E-03 000.3 230.2  82.4 1.720075 2.028801 0.702170 hargrave 2021-03-16 19:45:18 
AF  60 286.5  35.6 286.5  35.6 4.89E-03 000.3 230.5  82.5 1.687341 1.907317 0.682253 hargrave 2021-03-16 19:47:28 
AF  70 286.5  35.5 286.5  35.5 4.84E-03 000.3 231.0  82.6 1.712502 1.895765 0.700125 hargrave 2021-03-16 19:48:47 
AF  80 286.5  35.3 286.5  35.3 4.78E-03 000.3 231.8  82.7 1.669679 1.884728 0.679907 hargrave 2021-03-16 19:50:07 
AF  90 286.5  35.2 286.5  35.2 4.73E-03 000.3 232.8  82.8 1.636405 1.927173 0.673173 hargrave 2021-03-16 19:51:26 
AF 100 286.5  35.1 286.5  35.1 4.68E-03 000.3 233.9  82.8 1.635008 1.849884 0.693044 hargrave 2021-03-16 19:52:45 
AF 120 286.5  34.8 286.5  34.8 4.58E-03 000.3 235.7  82.9 1.626236 1.784239 0.674007 hargrave 2021-03-16 19:54:05 
AF 140 286.4  34.5 286.4  34.5 4.46E-03 000.3 237.8  83.0 1.574776 1.810256 0.669544 hargrave 2021-03-16 19:55:24 
AF 160 286.3  34.3 286.3  34.3 4.35E-03 000.3 239.5  83.0 1.522579 1.683772 0.659384 hargrave 2021-03-16 19:56:43 
AF 180 286.2  34.2 286.2  34.2 4.23E-03 000.3 241.1  83.0 1.483115 1.689503 0.648325 hargrave 2021-03-16 19:58:02 
AF 200 286.2  34.0 286.2  34.0 4.11E-03 000.3 242.1  83.1 1.467161 1.683793 0.632993 hargrave 2021-03-16 19:59:21 
AF 250 286.1  33.8 286.1  33.8 3.80E-03 000.3 244.6  83.1 1.324312 1.491364 0.569181 hargrave 2021-03-16 20:00:42 
AF 300 285.9  33.6 285.9  33.6 3.44E-03 000.3 246.5  83.0 1.225734 1.394397 0.543013 hargrave 2021-03-16 20:02:01 
AF 350 285.9  33.5 285.9  33.5 3.05E-03 000.3 247.0  83.0 1.101919 1.205919 0.482299 hargrave 2021-03-16 20:03:20 
AF 400 286.0  33.3 286.0  33.3 2.74E-03 000.3 248.2  83.2 0.991779 1.113166 0.426022 hargrave 2021-03-16 20:04:40 
AF 450 286.1  33.2 286.1  33.2 2.42E-03 000.3 248.5  83.3 0.911806 1.004345 0.375743 hargrave 2021-03-16 20:05:59 
AF 500 286.1  33.2 286.1  33.2 2.10E-03 000.3 249.0  83.2 0.827331 0.923482 0.327648 hargrave 2021-03-16 20:07:18 
AF 550 285.9  33.2 285.9  33.2 1.85E-03 000.3 249.3  83.2 0.736433 0.794238 0.291191 hargrave 2021-03-16 20:08:37 
AF 600 285.8  33.1 285.8  33.1 1.65E-03 000.4 250.5  83.0 0.673434 0.744854 0.264061 hargrave 2021-03-16 20:09:56 
AF 650 285.8  33.0 285.8  33.0 1.47E-03 000.3 251.0  83.1 0.559951 0.651194 0.233069 hargrave 2021-03-16 20:11:15 
AF 700 285.6  33.2 285.6  33.2 1.30E-03 000.3 250.0  82.8 0.521026 0.568024 0.207161 hargrave 2021-03-16 20:12:34 
AF 750 285.4  33.0 285.4  33.0 1.18E-03 000.4 251.8  82.7 0.478913 0.564257 0.192842 hargrave 2021-03-16 20:13:53 
AF 800 286.1  32.6 286.1  32.6 1.18E-03 000.3 253.9  83.5 0.488165 0.514933 0.183618 hargrave 2021-03-16 20:15:12 
AF 850 285.3  33.1 285.3  33.1 1.02E-03 000.4 251.5  82.7 0.406488 0.480888 0.167452 hargrave 2021-03-16 20:16:32 
AF 900 285.3  32.9 285.3  32.9 1.01E-03 000.4 252.7  82.7 0.400043 0.470094 0.163728 hargrave 2021-03-16 20:17:51 
AF 950 285.7  32.5 285.7  32.5 9.83E-04 000.4 255.0  83.1 0.403454 0.444251 0.154548 hargrave 2021-03-16 20:19:11 
AF1000 285.5  32.7 285.5  32.7 9.25E-04 000.4 254.0  82.9 0.384841 0.425249 0.147999 hargrave 2021-03-16 20:20:30 
AF1050 285.9  32.8 285.9  32.8 9.47E-04 000.4 252.5  83.2 0.406339 0.423443 0.145066 hargrave 2021-03-16 20:21:50 
AF1100 285.2  32.9 285.2  32.9 8.68E-04 000.4 252.8  82.6 0.381630 0.394601 0.140749 hargrave 2021-03-16 20:23:10 
AF1150 284.9  32.4 284.9  32.4 8.12E-04 000.4 256.9  82.5 0.318002 0.382720 0.132998 hargrave 2021-03-16 20:24:30 
AF1200 285.5  32.6 285.5  32.6 8.62E-04 000.4 255.1  83.0 0.338477 0.414406 0.132416 hargrave 2021-03-16 20:25:51 
AF1250 285.6  32.4 285.6  32.4 8.30E-04 000.4 256.2  83.0 0.339552 0.389810 0.126496 hargrave 2021-03-16 20:27:13 
AF1300 285.7  32.7 285.7  32.7 8.07E-04 000.4 254.1  83.1 0.324603 0.396894 0.121829 hargrave 2021-03-16 20:28:34 
