GH1- 5b sun compass orientation
      0  16.5  55.0   0.0   0.0   1.0
NRM    292.1  49.2 292.1  49.2 4.62E-03 000.3 165.5  75.2 1.499257 1.878793 0.813886 hargrave 2021-03-16 22:16:45 
AF  10 292.2  49.2 292.2  49.2 4.62E-03 000.4 165.4  75.2 1.492961 2.347077 0.839118 hargrave 2021-03-16 22:18:05 
AF  20 291.9  49.1 291.9  49.1 4.62E-03 000.3 166.0  75.3 1.467724 1.729540 0.832364 hargrave 2021-03-16 22:19:25 
AF  30 291.6  48.9 291.6  48.9 4.61E-03 000.3 166.3  75.6 1.469720 1.722513 0.819151 hargrave 2021-03-16 22:20:46 
AF  40 291.3  48.6 291.3  48.6 4.59E-03 000.3 166.7  75.9 1.515341 1.726944 0.794131 hargrave 2021-03-16 22:22:05 
AF  50 291.1  48.3 291.1  48.3 4.57E-03 000.3 167.1  76.3 1.480120 1.723662 0.767522 hargrave 2021-03-16 22:23:25 
AF  60 290.8  47.9 290.8  47.9 4.54E-03 000.3 167.4  76.7 1.459790 1.898343 0.727928 hargrave 2021-03-16 22:24:44 
AF  70 290.4  47.4 290.4  47.4 4.49E-03 000.3 168.0  77.2 1.466418 1.672853 0.688630 hargrave 2021-03-16 22:26:04 
AF  80 290.0  46.9 290.0  46.9 4.45E-03 000.3 168.5  77.8 1.451653 1.655887 0.649209 hargrave 2021-03-16 22:27:23 
AF  90 289.7  46.4 289.7  46.4 4.39E-03 000.3 169.0  78.4 1.453756 1.642278 0.608392 hargrave 2021-03-16 22:28:43 
AF 100 289.4  45.9 289.4  45.9 4.34E-03 000.3 169.5  78.9 1.450714 1.614783 0.566294 hargrave 2021-03-16 22:30:02 
AF 120 288.9  44.9 288.9  44.9 4.25E-03 000.3 170.3  79.9 1.423966 1.584548 0.493225 hargrave 2021-03-16 22:31:22 
AF 140 288.3  44.0 288.3  44.0 4.14E-03 000.3 171.6  80.8 1.387690 1.531353 0.430487 hargrave 2021-03-16 22:32:42 
AF 160 287.9  43.3 287.9  43.3 4.04E-03 000.3 172.9  81.6 1.363259 1.513788 0.373579 hargrave 2021-03-16 22:34:03 
AF 180 287.6  42.6 287.6  42.6 3.94E-03 000.3 174.1  82.4 1.344012 1.511048 0.320197 hargrave 2021-03-16 22:35:22 
AF 200 287.3  41.8 287.3  41.8 3.84E-03 000.3 175.1  83.1 1.289615 1.450855 0.269501 hargrave 2021-03-16 22:36:42 
AF 250 286.5  40.5 286.5  40.5 3.59E-03 000.3 179.8  84.5 1.236967 1.390298 0.177731 hargrave 2021-03-16 22:38:02 
AF 300 286.1  39.3 286.1  39.3 3.31E-03 000.3 184.2  85.7 1.151764 1.263737 0.113661 hargrave 2021-03-16 22:39:22 
AF 350 285.6  38.3 285.6  38.3 3.03E-03 000.3 191.5  86.6 1.067250 1.157156 0.065819 hargrave 2021-03-16 22:40:42 
AF 400 285.2  37.7 285.2  37.7 2.76E-03 000.3 200.7  87.2 0.952942 1.024984 0.042468 hargrave 2021-03-16 22:42:01 
AF 450 285.1  37.1 285.1  37.1 2.50E-03 000.3 208.2  87.6 0.878643 0.949790 0.035557 hargrave 2021-03-16 22:43:21 
AF 500 284.9  36.8 284.9  36.8 2.25E-03 000.3 215.3  87.8 0.803632 0.858946 0.034278 hargrave 2021-03-16 22:44:41 
AF 550 284.9  36.4 284.9  36.4 2.02E-03 000.3 222.9  88.1 0.724183 0.763554 0.038291 hargrave 2021-03-16 22:46:01 
AF 600 285.0  36.1 285.0  36.1 1.82E-03 000.3 228.8  88.3 0.624227 0.682557 0.038797 hargrave 2021-03-16 22:47:22 
AF 650 284.6  35.9 284.6  35.9 1.63E-03 000.3 239.0  88.2 0.567265 0.622767 0.040700 hargrave 2021-03-16 22:48:42 
AF 700 284.5  35.8 284.5  35.8 1.47E-03 000.3 244.4  88.2 0.516188 0.582971 0.038754 hargrave 2021-03-16 22:50:01 
AF 750 284.4  35.4 284.4  35.4 1.34E-03 000.3 256.9  88.2 0.446166 0.514695 0.043224 hargrave 2021-03-16 22:51:21 
AF 800 284.2  35.3 284.2  35.3 1.22E-03 000.3 259.4  88.1 0.399410 0.469914 0.040019 hargrave 2021-03-16 22:52:41 
AF 850 283.8  35.4 283.8  35.4 1.12E-03 000.3 259.5  87.7 0.386305 0.400577 0.036298 hargrave 2021-03-16 22:54:01 
AF 900 283.8  34.9 283.8  34.9 1.04E-03 000.3 270.5  87.8 0.339661 0.427780 0.039146 hargrave 2021-03-16 22:55:22 
AF 950 284.2  35.0 284.2  35.0 9.63E-04 000.3 268.3  88.1 0.326159 0.404922 0.032075 hargrave 2021-03-16 22:56:42 
AF1000 283.5  34.7 283.5  34.7 9.06E-04 000.3 275.5  87.6 0.285395 0.343955 0.038425 hargrave 2021-03-16 22:58:02 
AF1050 283.6  34.9 283.6  34.9 8.54E-04 000.3 270.7  87.6 0.285113 0.367673 0.035996 hargrave 2021-03-16 22:59:23 
AF1100 284.0  34.7 284.0  34.7 8.16E-04 000.3 276.7  87.9 0.268844 0.322861 0.034501 hargrave 2021-03-16 23:00:43 
AF1150 284.6  34.4 284.6  34.4 7.78E-04 000.3 288.9  88.3 0.265617 0.294651 0.032555 hargrave 2021-03-16 23:02:04 
AF1200 283.7  34.8 283.7  34.8 7.41E-04 000.3 275.1  87.7 0.236932 0.294911 0.028124 hargrave 2021-03-16 23:03:26 
AF1250 283.9  34.7 283.9  34.7 7.15E-04 000.3 278.5  87.9 0.235910 0.284292 0.027051 hargrave 2021-03-16 23:04:47 
AF1300 285.2  34.9 285.2  34.9 6.81E-04 000.3 276.0  88.9 0.224296 0.230071 0.023894 hargrave 2021-03-16 23:06:10 
