GH1- 7a sun compass orientation
      0 112.4  73.0   0.0   0.0   1.0
NRM    296.1  22.8 296.1  22.8 7.31E-03 000.5 249.0  09.8 2.997771 0.806220 5.230985 hargrave 2021-04-13 23:08:19 
AF  10 296.1  22.8 296.1  22.8 7.30E-03 000.5 249.0  09.7 3.314734 0.756330 5.310420 hargrave 2021-04-13 23:09:41 
AF  20 296.0  22.7 296.0  22.7 7.30E-03 000.5 249.0  09.7 3.294772 0.695369 5.289775 hargrave 2021-04-13 23:11:04 
AF  30 296.0  22.7 296.0  22.7 7.30E-03 000.5 249.1  09.7 3.417973 0.761221 5.335332 hargrave 2021-04-13 23:12:26 
AF  40 295.9  22.7 295.9  22.7 7.30E-03 000.5 249.1  09.6 3.630135 0.788371 5.312689 hargrave 2021-04-13 23:13:48 
AF  50 295.9  22.6 295.9  22.6 7.29E-03 000.5 249.1  09.6 3.649543 0.815870 5.322594 hargrave 2021-04-13 23:15:10 
AF  60 295.9  22.6 295.9  22.6 7.29E-03 000.5 249.1  09.5 3.500267 0.772948 5.328885 hargrave 2021-04-13 23:16:33 
AF  70 295.8  22.5 295.8  22.5 7.28E-03 000.5 249.2  09.5 3.416997 0.647792 5.278883 hargrave 2021-04-13 23:17:55 
AF  80 295.8  22.5 295.8  22.5 7.26E-03 000.5 249.2  09.4 3.461581 0.805238 5.325293 hargrave 2021-04-13 23:19:17 
AF  90 295.7  22.4 295.7  22.4 7.24E-03 000.5 249.3  09.4 3.408483 0.695527 5.277752 hargrave 2021-04-13 23:20:39 
AF 100 295.7  22.4 295.7  22.4 7.22E-03 000.5 249.3  09.3 3.545183 0.764593 5.258014 hargrave 2021-04-13 23:22:01 
AF 120 295.6  22.3 295.6  22.3 7.16E-03 000.5 249.4  09.2 3.551921 0.766090 5.218786 hargrave 2021-04-13 23:23:23 
AF 140 295.6  22.2 295.6  22.2 7.08E-03 000.5 249.5  09.2 3.486028 0.774541 5.165058 hargrave 2021-04-13 23:24:45 
AF 160 295.5  22.1 295.5  22.1 6.98E-03 000.5 249.5  09.1 3.301595 0.665308 5.063514 hargrave 2021-04-13 23:26:07 
AF 180 295.4  22.0 295.4  22.0 6.86E-03 000.5 249.6  09.0 3.399509 0.754199 5.031462 hargrave 2021-04-13 23:27:31 
AF 200 295.4  21.9 295.4  21.9 6.72E-03 000.5 249.7  08.9 3.411575 0.772506 4.943298 hargrave 2021-04-13 23:28:53 
AF 250 295.2  21.8 295.2  21.8 6.25E-03 000.5 249.8  08.8 3.054946 0.638361 4.588083 hargrave 2021-04-13 23:30:15 
AF 300 295.1  21.7 295.1  21.7 5.63E-03 000.5 249.9  08.6 2.767965 0.613735 4.131807 hargrave 2021-04-13 23:31:38 
AF 350 295.1  21.6 295.1  21.6 4.95E-03 000.5 249.9  08.6 2.486118 0.527071 3.636060 hargrave 2021-04-13 23:33:00 
AF 400 295.1  21.5 295.1  21.5 4.28E-03 000.5 250.0  08.6 2.198105 0.439118 3.127491 hargrave 2021-04-13 23:34:22 
AF 450 295.1  21.6 295.1  21.6 3.67E-03 000.5 249.9  08.6 1.810221 0.396774 2.665450 hargrave 2021-04-13 23:35:45 
AF 500 294.3  21.4 294.3  21.4 3.15E-03 000.5 250.0  07.9 1.515250 0.289738 2.307577 hargrave 2021-04-13 23:37:07 
AF 550 294.9  21.5 294.9  21.5 2.72E-03 000.5 250.0  08.4 1.321279 0.312288 1.978128 hargrave 2021-04-13 23:38:30 
AF 600 294.3  21.3 294.3  21.3 2.38E-03 000.5 250.0  07.8 1.240002 0.272668 1.763531 hargrave 2021-04-13 23:39:52 
AF 650 293.9  21.2 293.9  21.2 2.12E-03 000.5 250.1  07.4 1.001874 0.220758 1.556522 hargrave 2021-04-13 23:42:03 
AF 700 294.3  21.3 294.3  21.3 1.93E-03 000.5 250.1  07.8 0.928523 0.197947 1.424984 hargrave 2021-04-13 23:43:26 
AF 750 294.1  21.3 294.1  21.3 1.77E-03 000.5 250.0  07.6 0.862453 0.204448 1.307898 hargrave 2021-04-13 23:45:37 
AF 800 294.0  21.2 294.0  21.2 1.66E-03 000.5 250.0  07.5 0.799681 0.188943 1.220869 hargrave 2021-04-13 23:46:59 
AF 850 294.2  21.2 294.2  21.2 1.57E-03 000.5 250.1  07.7 0.745983 0.198350 1.166230 hargrave 2021-04-13 23:48:21 
AF 900 294.2  21.2 294.2  21.2 1.50E-03 000.5 250.1  07.7 0.730389 0.192913 1.115235 hargrave 2021-04-13 23:49:45 
AF 950 294.0  21.2 294.0  21.2 1.45E-03 000.5 250.0  07.5 0.728279 0.177452 1.080386 hargrave 2021-04-13 23:51:07 
AF1000 294.0  21.2 294.0  21.2 1.41E-03 000.5 250.1  07.5 0.720276 0.166507 1.049784 hargrave 2021-04-13 23:52:30 
AF1050 294.3  21.1 294.3  21.1 1.38E-03 000.5 250.2  07.7 0.705293 0.199876 1.014169 hargrave 2021-04-13 23:53:53 
AF1100 294.0  21.1 294.0  21.1 1.35E-03 000.5 250.1  07.5 0.643756 0.133358 1.009543 hargrave 2021-04-13 23:55:17 
AF1150 294.1  21.1 294.1  21.1 1.33E-03 000.5 250.1  07.5 0.659016 0.164776 0.994331 hargrave 2021-04-13 23:56:41 
AF1200 293.9  21.1 293.9  21.1 1.31E-03 000.5 250.1  07.4 0.623432 0.151943 0.969845 hargrave 2021-04-13 23:58:05 
AF1250 294.0  21.4 294.0  21.4 1.29E-03 000.5 249.8  07.6 0.623634 0.146628 0.956914 hargrave 2021-04-13 23:59:29 
AF1300 294.1  21.4 294.1  21.4 1.29E-03 000.5 249.9  07.6 0.632135 0.179067 0.948044 hargrave 2021-04-14 00:00:54 
