GH1- 6a sun compass orientation
      0  25.6  49.0   0.0   0.0   1.0
NRM    288.3  33.6 288.3  33.6 4.51E-03 000.3 319.9  80.6 1.555350 1.358693 0.471709 hargrave 2021-04-13 22:15:49 
AF  10 288.3  33.5 288.3  33.5 4.50E-03 000.3 320.2  80.5 1.617359 1.410747 0.468540 hargrave 2021-04-13 22:17:11 
AF  20 288.3  33.4 288.3  33.4 4.49E-03 000.3 320.4  80.5 1.615836 1.411560 0.482166 hargrave 2021-04-13 22:18:34 
AF  30 288.3  33.4 288.3  33.4 4.49E-03 000.3 320.5  80.4 1.642961 1.412202 0.480929 hargrave 2021-04-13 22:19:58 
AF  40 288.3  33.3 288.3  33.3 4.48E-03 000.3 320.5  80.4 1.608758 1.419041 0.481421 hargrave 2021-04-13 22:21:20 
AF  50 288.3  33.3 288.3  33.3 4.48E-03 000.3 320.7  80.3 1.623556 1.384852 0.479924 hargrave 2021-04-13 22:22:42 
AF  60 288.3  33.2 288.3  33.2 4.46E-03 000.3 320.8  80.3 1.598136 1.387315 0.493355 hargrave 2021-04-13 22:24:05 
AF  70 288.2  33.1 288.2  33.1 4.45E-03 000.3 321.0  80.2 1.596204 1.374999 0.486020 hargrave 2021-04-13 22:25:27 
AF  80 288.2  33.0 288.2  33.0 4.43E-03 000.3 321.1  80.1 1.582700 1.389026 0.493815 hargrave 2021-04-13 22:26:49 
AF  90 288.2  33.0 288.2  33.0 4.41E-03 000.3 321.3  80.0 1.584049 1.368946 0.495961 hargrave 2021-04-13 22:28:11 
AF 100 288.1  32.9 288.1  32.9 4.38E-03 000.3 321.4  79.9 1.593770 1.392920 0.492993 hargrave 2021-04-13 22:29:34 
AF 120 288.1  32.7 288.1  32.7 4.32E-03 000.3 321.8  79.8 1.578684 1.370645 0.488620 hargrave 2021-04-13 22:30:56 
AF 140 288.0  32.6 288.0  32.6 4.24E-03 000.3 322.0  79.6 1.538354 1.360321 0.484533 hargrave 2021-04-13 22:32:18 
AF 160 288.0  32.4 288.0  32.4 4.15E-03 000.3 322.1  79.5 1.535706 1.337273 0.484927 hargrave 2021-04-13 22:33:41 
AF 180 287.9  32.3 287.9  32.3 4.05E-03 000.3 322.4  79.4 1.444019 1.273993 0.472403 hargrave 2021-04-13 22:35:03 
AF 200 287.9  32.2 287.9  32.2 3.94E-03 000.3 322.5  79.2 1.414185 1.224375 0.466958 hargrave 2021-04-13 22:36:25 
AF 250 287.7  32.1 287.7  32.1 3.61E-03 000.3 322.2  79.1 1.275468 0.960998 0.432590 hargrave 2021-04-13 22:37:47 
AF 300 287.7  31.9 287.7  31.9 3.19E-03 000.3 322.5  78.9 1.119453 0.972907 0.394958 hargrave 2021-04-13 22:39:10 
AF 350 287.7  31.9 287.7  31.9 2.79E-03 000.3 322.7  78.9 1.004655 0.859581 0.343527 hargrave 2021-04-13 22:40:32 
AF 400 287.6  31.8 287.6  31.8 2.41E-03 000.3 322.4  78.8 0.845342 0.746958 0.302369 hargrave 2021-04-13 22:41:55 
AF 450 287.6  31.7 287.6  31.7 2.08E-03 000.3 323.1  78.7 0.742208 0.648262 0.263662 hargrave 2021-04-13 22:43:17 
AF 500 287.7  31.5 287.7  31.5 1.80E-03 000.3 323.7  78.6 0.627692 0.570649 0.225138 hargrave 2021-04-13 22:44:40 
AF 550 287.5  31.6 287.5  31.6 1.57E-03 000.3 322.7  78.5 0.556091 0.508899 0.203852 hargrave 2021-04-13 22:46:02 
AF 600 287.3  31.6 287.3  31.6 1.40E-03 000.3 322.0  78.5 0.476328 0.453772 0.182864 hargrave 2021-04-13 22:47:26 
AF 650 287.5  31.4 287.5  31.4 1.26E-03 000.3 323.1  78.4 0.436183 0.429726 0.160198 hargrave 2021-04-13 22:48:48 
AF 700 287.2  31.3 287.2  31.3 1.15E-03 000.3 322.4  78.2 0.390547 0.366533 0.153209 hargrave 2021-04-13 22:50:11 
AF 750 287.5  31.4 287.5  31.4 1.06E-03 000.3 323.2  78.4 0.352994 0.346443 0.135229 hargrave 2021-04-13 22:51:33 
AF 800 287.5  31.6 287.5  31.6 1.00E-03 000.3 323.0  78.5 0.364849 0.359538 0.128141 hargrave 2021-04-13 22:52:56 
AF 850 287.3  31.6 287.3  31.6 9.47E-04 000.3 322.2  78.4 0.329994 0.316436 0.116406 hargrave 2021-04-13 22:54:18 
AF 900 287.7  31.7 287.7  31.7 9.16E-04 000.3 323.2  78.7 0.315520 0.302432 0.109983 hargrave 2021-04-13 22:55:41 
AF 950 287.2  31.5 287.2  31.5 8.83E-04 000.3 321.8  78.4 0.297889 0.282718 0.114771 hargrave 2021-04-13 22:57:04 
AF1000 287.6  31.8 287.6  31.8 8.55E-04 000.3 322.6  78.8 0.288444 0.299973 0.104703 hargrave 2021-04-13 22:58:27 
AF1050 287.3  31.5 287.3  31.5 8.32E-04 000.3 322.2  78.4 0.284144 0.291416 0.104084 hargrave 2021-04-13 22:59:50 
AF1100 287.7  31.5 287.7  31.5 8.18E-04 000.3 323.8  78.5 0.282691 0.282760 0.102242 hargrave 2021-04-13 23:01:14 
AF1150 287.5  31.7 287.5  31.7 8.04E-04 000.3 322.6  78.7 0.278336 0.276233 0.098533 hargrave 2021-04-13 23:02:38 
AF1200 287.9  31.8 287.9  31.8 7.93E-04 000.3 323.5  78.9 0.305432 0.277348 0.088799 hargrave 2021-04-13 23:04:02 
AF1250 287.5  31.5 287.5  31.5 7.78E-04 000.3 322.9  78.5 0.266739 0.271477 0.093632 hargrave 2021-04-13 23:05:27 
AF1300 287.8  31.6 287.8  31.6 7.69E-04 000.3 324.0  78.7 0.267507 0.254595 0.091602 hargrave 2021-04-13 23:06:52 
