GH2- 1b sun compass orientation
      0  49.6  60.0   0.0   0.0   1.0
NRM    306.9  57.4 306.9  57.4 1.61E-02 000.5 194.3  61.2 6.497281 11.46109 4.666684 hargrave 2021-02-03 16:44:24 
AF  10 306.4  56.6 306.4  56.6 1.56E-02 000.5 195.4  61.8 6.549421 10.29401 4.546283 hargrave 2021-02-03 16:45:45 
AF  20 306.2  55.8 306.2  55.8 1.51E-02 000.5 196.4  62.5 6.294499 9.748313 4.301964 hargrave 2021-02-03 16:47:55 
AF  30 305.7  54.9 305.7  54.9 1.46E-02 000.5 197.9  63.2 6.412879 9.455301 4.138072 hargrave 2021-02-03 16:49:15 
AF  40 304.8  53.7 304.8  53.7 1.40E-02 000.5 200.2  63.9 6.268299 9.056453 3.848734 hargrave 2021-02-03 16:50:36 
AF  50 303.9  52.8 303.9  52.8 1.35E-02 000.5 202.3  64.5 6.093551 8.487081 3.649907 hargrave 2021-02-03 16:51:56 
AF  60 303.0  51.6 303.0  51.6 1.29E-02 000.5 205.1  65.2 6.070095 8.045804 3.431715 hargrave 2021-02-03 16:53:16 
AF  70 302.0  50.5 302.0  50.5 1.24E-02 000.5 207.8  65.7 5.675691 7.499391 3.198188 hargrave 2021-02-03 16:55:27 
AF  80 301.1  49.3 301.1  49.3 1.18E-02 000.5 210.8  66.1 5.694343 7.065576 3.045485 hargrave 2021-02-03 16:56:47 
AF  90 300.2  48.2 300.2  48.2 1.13E-02 000.5 213.7  66.5 5.568354 6.631040 2.896014 hargrave 2021-02-03 16:58:07 
AF 100 299.5  47.3 299.5  47.3 1.08E-02 000.5 216.4  66.8 5.416441 6.312299 2.753324 hargrave 2021-02-03 16:59:27 
AF 120 298.5  45.6 298.5  45.6 9.99E-03 000.5 220.7  67.3 5.068659 5.555881 2.543089 hargrave 2021-02-03 17:00:48 
AF 140 297.6  44.5 297.6  44.5 9.20E-03 000.5 224.1  67.4 4.795446 5.061130 2.337564 hargrave 2021-02-03 17:02:08 
AF 160 297.0  43.6 297.0  43.6 8.48E-03 000.5 226.7  67.5 4.530675 4.867506 2.149977 hargrave 2021-02-03 17:03:29 
AF 180 296.5  42.9 296.5  42.9 7.86E-03 000.5 228.6  67.5 4.180986 4.299452 1.990059 hargrave 2021-02-03 17:04:49 
AF 200 296.2  42.4 296.2  42.4 7.31E-03 000.5 230.0  67.5 3.940835 4.033582 1.870410 hargrave 2021-02-03 17:06:09 
AF 250 295.8  41.7 295.8  41.7 6.07E-03 000.5 232.1  67.5 3.299024 3.312851 1.559127 hargrave 2021-02-03 17:07:29 
AF 300 295.6  41.2 295.6  41.2 4.99E-03 000.5 233.3  67.6 2.774429 2.729149 1.271275 hargrave 2021-02-03 17:08:49 
AF 350 295.5  41.1 295.5  41.1 4.01E-03 000.5 233.8  67.6 2.237453 2.227235 1.011619 hargrave 2021-02-03 17:10:09 
AF 400 295.5  40.7 295.5  40.7 3.28E-03 000.5 234.8  67.7 1.840159 1.816101 0.838803 hargrave 2021-02-03 17:11:29 
AF 450 295.5  40.7 295.5  40.7 2.71E-03 000.5 234.7  67.7 1.470211 1.467901 0.680155 hargrave 2021-02-03 17:12:49 
AF 500 295.9  40.8 295.9  40.8 2.25E-03 000.4 234.1  68.0 1.187613 1.188081 0.570699 hargrave 2021-02-03 17:14:09 
AF 550 294.5  40.9 294.5  40.9 1.91E-03 000.5 234.9  66.9 1.022889 1.005779 0.493541 hargrave 2021-02-03 17:15:29 
AF 600 294.6  40.5 294.6  40.5 1.67E-03 000.5 235.9  67.1 0.889028 0.920472 0.444111 hargrave 2021-02-03 17:16:49 
AF 650 295.1  40.3 295.1  40.3 1.48E-03 000.4 236.0  67.6 0.775748 0.773825 0.395206 hargrave 2021-02-03 17:18:09 
AF 700 295.1  40.7 295.1  40.7 1.32E-03 000.5 235.2  67.4 0.676263 0.722875 0.345892 hargrave 2021-02-03 17:19:29 
AF 750 294.6  40.2 294.6  40.2 1.23E-03 000.4 236.5  67.2 0.624447 0.655632 0.327476 hargrave 2021-02-03 17:20:50 
AF 800 295.1  40.0 295.1  40.0 1.17E-03 000.4 236.7  67.7 0.587184 0.635107 0.302716 hargrave 2021-02-03 17:22:10 
AF 850 291.9  39.4 291.9  39.4 1.04E-03 000.5 240.0  65.5 0.532765 0.562057 0.297221 hargrave 2021-02-03 17:23:30 
AF 900 293.2  39.7 293.2  39.7 9.90E-04 000.5 238.6  66.4 0.498018 0.564168 0.279574 hargrave 2021-02-03 17:24:50 
AF 950 294.3  39.5 294.3  39.5 1.05E-03 000.4 238.4  67.3 0.525937 0.555760 0.274615 hargrave 2021-02-03 17:26:10 
AF1000 293.3  40.9 293.3  40.9 9.81E-04 000.4 235.7  66.1 0.479485 0.527139 0.279939 hargrave 2021-02-03 17:27:30 
AF1050 295.0  39.9 295.0  39.9 9.80E-04 000.4 237.0  67.6 0.482196 0.521962 0.266181 hargrave 2021-02-03 17:28:51 
AF1100 291.7  39.4 291.7  39.4 8.59E-04 000.5 240.1  65.4 0.440754 0.488790 0.253856 hargrave 2021-02-03 17:30:11 
AF1150 291.6  38.5 291.6  38.5 8.70E-04 000.4 242.3  65.5 0.418140 0.449929 0.260959 hargrave 2021-02-03 17:31:32 
AF1200 292.9  40.2 292.9  40.2 8.44E-04 000.5 237.6  66.0 0.422434 0.476938 0.248115 hargrave 2021-02-03 17:32:54 
AF1250 293.2  38.6 293.2  38.6 8.52E-04 000.5 241.4  66.7 0.443045 0.478423 0.239605 hargrave 2021-02-03 17:34:16 
AF1300 291.1  40.0 291.1  40.0 8.09E-04 000.5 239.0  64.8 0.414045 0.458877 0.234555 hargrave 2021-02-03 17:35:39 
