GH2- 8b sun compass orientation
      0  51.4  47.0   0.0   0.0   1.0
NRM    296.8  54.7 296.8  54.7 1.24E-02 000.3 225.3  70.2 4.075328 5.108920 2.336307 hargrave 2021-02-04 02:49:58 
AF  10 297.8  53.9 297.8  53.9 1.20E-02 000.3 226.7  71.1 4.881560 4.704050 2.360668 hargrave 2021-02-04 02:51:17 
AF  20 298.6  52.6 298.6  52.6 1.15E-02 000.3 229.7  72.0 4.809675 4.531269 2.284287 hargrave 2021-02-04 02:52:37 
AF  30 298.8  51.3 298.8  51.3 1.10E-02 000.3 233.7  72.6 4.736580 4.273037 2.093633 hargrave 2021-02-04 02:53:57 
AF  40 298.6  49.6 298.6  49.6 1.04E-02 000.3 239.1  73.0 4.738630 3.935669 2.180641 hargrave 2021-02-04 02:55:17 
AF  50 298.2  48.3 298.2  48.3 9.95E-03 000.3 243.8  73.0 4.454597 3.772879 1.944189 hargrave 2021-02-04 02:56:37 
AF  60 297.8  46.8 297.8  46.8 9.47E-03 000.4 248.9  72.9 4.404934 3.534980 1.928703 hargrave 2021-02-04 02:57:56 
AF  70 297.3  45.4 297.3  45.4 8.96E-03 000.3 253.7  72.6 4.193651 3.203545 1.924193 hargrave 2021-02-04 02:59:15 
AF  80 296.8  44.1 296.8  44.1 8.45E-03 000.3 258.1  72.2 3.978600 2.980768 1.900848 hargrave 2021-02-04 03:00:35 
AF  90 296.3  42.9 296.3  42.9 7.96E-03 000.4 261.7  71.7 3.886783 2.771269 2.450564 hargrave 2021-02-04 03:01:55 
AF 100 295.8  41.9 295.8  41.9 7.49E-03 000.3 264.7  71.2 3.455911 2.534999 1.811155 hargrave 2021-02-04 03:03:14 
AF 120 295.3  40.4 295.3  40.4 6.69E-03 000.3 268.7  70.4 2.851189 2.205160 1.695848 hargrave 2021-02-04 03:05:24 
AF 140 294.6  39.3 294.6  39.3 5.92E-03 000.3 271.3  69.6 2.778787 1.939287 1.584946 hargrave 2021-02-04 03:06:44 
AF 160 294.2  38.6 294.2  38.6 5.25E-03 000.4 272.9  69.0 2.516594 1.721203 1.462051 hargrave 2021-02-04 03:08:03 
AF 180 293.9  38.1 293.9  38.1 4.67E-03 000.4 273.8  68.6 2.185536 1.508855 1.321696 hargrave 2021-02-04 03:09:24 
AF 200 293.9  37.9 293.9  37.9 4.17E-03 000.3 274.4  68.5 1.908022 1.351206 1.219600 hargrave 2021-02-04 03:10:43 
AF 250 293.4  37.5 293.4  37.5 3.18E-03 000.4 275.1  68.1 1.444399 1.058717 0.918886 hargrave 2021-02-04 03:12:03 
AF 300 293.9  36.9 293.9  36.9 2.38E-03 000.4 277.0  68.1 1.080896 0.808332 0.702220 hargrave 2021-02-04 03:13:23 
AF 350 293.5  37.4 293.5  37.4 1.82E-03 000.4 275.2  68.1 0.806568 0.617934 0.527148 hargrave 2021-02-04 03:14:42 
AF 400 291.8  37.0 291.8  37.0 1.44E-03 000.4 274.8  66.7 0.705854 0.552811 0.444964 hargrave 2021-02-04 03:16:02 
AF 450 291.8  36.7 291.8  36.7 1.19E-03 000.4 275.6  66.6 0.580659 0.492884 0.370227 hargrave 2021-02-04 03:17:21 
AF 500 292.2  36.7 292.2  36.7 9.97E-04 000.4 275.8  66.8 0.426724 0.434400 0.309108 hargrave 2021-02-04 03:19:30 
AF 550 290.4  37.3 290.4  37.3 8.68E-04 000.4 273.0  65.8 0.418362 0.426448 0.278877 hargrave 2021-02-04 03:20:49 
AF 600 289.9  38.6 289.9  38.6 7.96E-04 000.4 269.7  65.9 0.404813 0.405738 0.247883 hargrave 2021-02-04 03:22:09 
AF 650 291.3  37.9 291.3  37.9 7.38E-04 000.5 272.4  66.6 0.393519 0.368719 0.228129 hargrave 2021-02-04 03:23:29 
AF 700 289.6  36.3 289.6  36.3 6.92E-04 000.5 274.6  64.8 0.376369 0.366354 0.232490 hargrave 2021-02-04 03:24:49 
AF 750 290.0  35.9 290.0  35.9 6.52E-04 000.5 275.7  64.9 0.351253 0.373970 0.222496 hargrave 2021-02-04 03:26:08 
AF 800 286.3  35.1 286.3  35.1 6.24E-04 000.5 274.4  61.9 0.365602 0.354248 0.225980 hargrave 2021-02-04 03:27:28 
AF 850 288.4  35.4 288.4  35.4 6.12E-04 000.5 275.5  63.5 0.338988 0.354671 0.213346 hargrave 2021-02-04 03:28:47 
AF 900 288.9  36.0 288.9  36.0 5.99E-04 000.5 274.7  64.2 0.336755 0.338408 0.215237 hargrave 2021-02-04 03:30:07 
AF 950 288.8  34.2 288.8  34.2 5.91E-04 000.5 278.3  63.3 0.359997 0.351123 0.212454 hargrave 2021-02-04 03:31:27 
AF1000 287.3  34.6 287.3  34.6 5.95E-04 000.5 276.1  62.4 0.346001 0.339109 0.212807 hargrave 2021-02-04 03:32:47 
AF1050 289.1  34.5 289.1  34.5 5.59E-04 000.5 277.9  63.6 0.332987 0.297084 0.194664 hargrave 2021-02-04 03:34:07 
AF1100 286.8  34.7 286.8  34.7 5.56E-04 000.5 275.6  62.0 0.310471 0.323672 0.208498 hargrave 2021-02-04 03:35:27 
AF1150 287.4  35.2 287.4  35.2 5.51E-04 000.5 275.0  62.7 0.325010 0.347484 0.205487 hargrave 2021-02-04 03:36:48 
AF1200 289.2  35.2 289.2  35.2 5.53E-04 000.5 276.6  64.0 0.321239 0.355701 0.194212 hargrave 2021-02-04 03:38:09 
AF1250 284.5  35.4 284.5  35.4 5.35E-04 000.5 272.5  60.7 0.294110 0.315699 0.214218 hargrave 2021-02-04 03:39:31 
AF1300 286.4  36.0 286.4  36.0 5.06E-04 000.5 272.8  62.3 0.295842 0.285120 0.187948 hargrave 2021-02-04 03:40:54 
