GH2- 8a sun compass orientation
      0  51.4  47.0   0.0   0.0   1.0
NRM    296.9  41.4 296.9  41.4 7.69E-03 000.3 266.7  71.9 3.282991 1.824530 1.977849 hargrave 2021-04-14 06:19:07 
AF  10 297.2  42.2 297.2  42.2 7.30E-03 000.3 264.4  72.3 3.297443 1.752771 1.890742 hargrave 2021-04-14 06:20:29 
AF  20 297.4  42.7 297.4  42.7 7.02E-03 000.3 262.9  72.4 3.064231 1.695875 1.785559 hargrave 2021-04-14 06:21:50 
AF  30 297.4  42.8 297.4  42.8 6.82E-03 000.3 262.3  72.5 3.081085 1.632103 1.738812 hargrave 2021-04-14 06:23:11 
AF  40 297.4  42.9 297.4  42.9 6.62E-03 000.3 262.2  72.5 2.985668 1.575610 1.737207 hargrave 2021-04-14 06:24:32 
AF  50 297.3  42.8 297.3  42.8 6.45E-03 000.3 262.4  72.4 2.940914 1.554832 1.684940 hargrave 2021-04-14 06:25:53 
AF  60 297.2  42.7 297.2  42.7 6.28E-03 000.3 262.8  72.3 2.796470 1.496599 1.637449 hargrave 2021-04-14 06:27:15 
AF  70 297.0  42.4 297.0  42.4 6.08E-03 000.3 263.5  72.1 2.744569 1.441554 1.608186 hargrave 2021-04-14 06:28:36 
AF  80 296.8  42.1 296.8  42.1 5.86E-03 000.3 264.4  71.9 2.633742 1.411740 1.508474 hargrave 2021-04-14 06:29:57 
AF  90 296.5  41.8 296.5  41.8 5.62E-03 000.3 265.2  71.7 2.550630 1.330580 1.483022 hargrave 2021-04-14 06:31:18 
AF 100 296.2  41.5 296.2  41.5 5.39E-03 000.3 265.9  71.3 2.481934 1.247020 1.423082 hargrave 2021-04-14 06:33:28 
AF 120 296.1  41.0 296.1  41.0 4.95E-03 000.3 267.5  71.1 2.217615 1.164120 1.329780 hargrave 2021-04-14 06:34:49 
AF 140 295.4  40.5 295.4  40.5 4.48E-03 000.3 268.5  70.5 2.043085 1.050860 1.218147 hargrave 2021-04-14 06:36:11 
AF 160 295.1  40.1 295.1  40.1 4.03E-03 000.3 269.4  70.1 1.815610 0.932697 1.117661 hargrave 2021-04-14 06:37:33 
AF 180 294.7  40.0 294.7  40.0 3.64E-03 000.3 269.4  69.9 1.636788 0.847928 1.003179 hargrave 2021-04-14 06:38:54 
AF 200 294.2  39.6 294.2  39.6 3.30E-03 000.3 270.2  69.4 1.532660 0.791991 0.925801 hargrave 2021-04-14 06:40:15 
AF 250 294.0  39.3 294.0  39.3 2.57E-03 000.3 270.8  69.2 1.198466 0.614612 0.729751 hargrave 2021-04-14 06:41:37 
AF 300 293.1  38.9 293.1  38.9 1.98E-03 000.3 271.2  68.3 0.936242 0.495801 0.570175 hargrave 2021-04-14 06:42:58 
AF 350 293.8  38.9 293.8  38.9 1.53E-03 000.3 271.8  68.9 0.740374 0.435951 0.443265 hargrave 2021-04-14 06:44:19 
AF 400 292.2  38.8 292.2  38.8 1.25E-03 000.3 271.0  67.6 0.589625 0.345628 0.366818 hargrave 2021-04-14 06:45:42 
AF 450 292.7  36.9 292.7  36.9 1.02E-03 000.4 275.8  67.3 0.546835 0.336921 0.306455 hargrave 2021-04-14 06:47:04 
AF 500 291.9  37.9 291.9  37.9 8.60E-04 000.4 272.8  67.1 0.428990 0.312530 0.250577 hargrave 2021-04-14 06:48:25 
AF 550 293.4  36.5 293.4  36.5 7.52E-04 000.4 277.3  67.6 0.416881 0.304032 0.201887 hargrave 2021-04-14 06:50:34 
AF 600 291.1  35.4 291.1  35.4 6.79E-04 000.4 277.7  65.5 0.390877 0.267120 0.195198 hargrave 2021-04-14 06:52:44 
AF 650 289.2  36.1 289.2  36.1 6.13E-04 000.5 274.6  64.4 0.363174 0.289768 0.185417 hargrave 2021-04-14 06:54:05 
AF 700 289.8  35.0 289.8  35.0 5.41E-04 000.5 277.5  64.4 0.329669 0.247376 0.165425 hargrave 2021-04-14 06:55:27 
AF 750 290.5  35.2 290.5  35.2 5.27E-04 000.4 277.8  64.9 0.305161 0.250256 0.163150 hargrave 2021-04-14 06:56:49 
AF 800 287.4  35.8 287.4  35.8 5.20E-04 000.5 273.9  63.0 0.344089 0.244365 0.177290 hargrave 2021-04-14 06:58:11 
AF 850 288.7  34.6 288.7  34.6 4.77E-04 000.5 277.2  63.4 0.310326 0.252103 0.148606 hargrave 2021-04-14 06:59:33 
AF 900 288.5  36.9 288.5  36.9 4.62E-04 000.5 272.4  64.2 0.280948 0.245695 0.150748 hargrave 2021-04-14 07:00:55 
AF 950 285.7  34.7 285.7  34.7 4.49E-04 000.5 274.6  61.2 0.311068 0.254815 0.159492 hargrave 2021-04-14 07:02:17 
AF1000 288.9  34.7 288.9  34.7 4.47E-04 000.5 277.3  63.6 0.283762 0.250855 0.137089 hargrave 2021-04-14 07:03:39 
AF1050 288.6  31.3 288.6  31.3 4.31E-04 000.5 283.3  61.6 0.284563 0.235330 0.138245 hargrave 2021-04-14 07:05:01 
AF1100 286.0  37.4 286.0  37.4 4.18E-04 000.5 269.6  62.6 0.281635 0.261588 0.144230 hargrave 2021-04-14 07:06:24 
AF1150 285.7  35.2 285.7  35.2 4.13E-04 000.5 273.6  61.5 0.271172 0.250023 0.147825 hargrave 2021-04-14 07:07:47 
AF1200 288.4  34.6 288.4  34.6 3.94E-04 000.6 277.0  63.1 0.264137 0.282367 0.128002 hargrave 2021-04-14 07:09:12 
AF1250 289.0  31.8 289.0  31.8 4.09E-04 000.5 282.9  62.1 0.289392 0.249740 0.131639 hargrave 2021-04-14 07:10:35 
AF1300 283.4  36.4 283.4  36.4 4.01E-04 000.6 269.8  60.3 0.292782 0.273975 0.144583 hargrave 2021-04-14 07:12:00 
