GH2- 2a sun compass orientation
      0  54.1  55.0   0.0   0.0   1.0
NRM    305.1  50.6 305.1  50.6 9.63E-03 000.4 215.5  69.2 4.266909 3.749293 2.704643 hargrave 2021-04-14 01:53:19 
AF  10 303.7  49.5 303.7  49.5 9.10E-03 000.4 219.5  69.2 4.238797 3.375586 2.549352 hargrave 2021-04-14 01:54:42 
AF  20 302.9  48.8 302.9  48.8 8.75E-03 000.4 222.1  69.1 4.133986 3.300450 2.505184 hargrave 2021-04-14 01:56:06 
AF  30 302.3  48.3 302.3  48.3 8.51E-03 000.4 223.8  69.1 4.020171 3.224319 2.424944 hargrave 2021-04-14 01:57:29 
AF  40 301.8  47.8 301.8  47.8 8.27E-03 000.4 225.6  69.1 3.950668 3.077925 2.377028 hargrave 2021-04-14 01:58:52 
AF  50 301.2  47.4 301.2  47.4 8.07E-03 000.4 227.0  68.9 3.848520 2.957975 2.317233 hargrave 2021-04-14 02:00:15 
AF  60 300.9  47.0 300.9  47.0 7.85E-03 000.4 228.3  68.9 3.704153 2.860362 2.250859 hargrave 2021-04-14 02:01:38 
AF  70 300.5  46.5 300.5  46.5 7.60E-03 000.4 229.8  68.8 3.638429 2.795096 2.179828 hargrave 2021-04-14 02:03:01 
AF  80 300.1  46.0 300.1  46.0 7.33E-03 000.4 231.4  68.8 3.515996 2.672153 2.083216 hargrave 2021-04-14 02:04:24 
AF  90 299.6  45.6 299.6  45.6 7.04E-03 000.4 232.9  68.7 3.370797 2.508663 2.005669 hargrave 2021-04-14 02:05:47 
AF 100 299.2  45.1 299.2  45.1 6.74E-03 000.4 234.3  68.6 3.233146 2.393593 1.921563 hargrave 2021-04-14 02:07:10 
AF 120 298.7  44.3 298.7  44.3 6.19E-03 000.4 236.6  68.5 2.991544 2.176379 1.758784 hargrave 2021-04-14 02:08:34 
AF 140 298.2  43.6 298.2  43.6 5.61E-03 000.4 238.8  68.3 2.730406 1.961301 1.585123 hargrave 2021-04-14 02:09:58 
AF 160 297.7  42.9 297.7  42.9 5.09E-03 000.4 240.8  68.1 2.485646 1.763976 1.428400 hargrave 2021-04-14 02:11:21 
AF 180 297.2  42.4 297.2  42.4 4.63E-03 000.4 242.5  67.9 2.269790 1.564124 1.287907 hargrave 2021-04-14 02:12:44 
AF 200 297.1  42.2 297.1  42.2 4.21E-03 000.4 243.1  67.8 2.094617 1.461887 1.172449 hargrave 2021-04-14 02:14:08 
AF 250 296.8  41.3 296.8  41.3 3.38E-03 000.4 245.4  67.7 1.683327 1.153429 0.909226 hargrave 2021-04-14 02:15:31 
AF 300 296.8  40.8 296.8  40.8 2.73E-03 000.3 246.8  67.8 1.116304 0.932031 0.730001 hargrave 2021-04-14 02:16:55 
AF 350 296.6  40.0 296.6  40.0 2.16E-03 000.4 248.9  67.7 1.102036 0.780409 0.557052 hargrave 2021-04-14 02:18:18 
AF 400 295.8  40.1 295.8  40.1 1.81E-03 000.4 248.6  67.1 0.952805 0.672633 0.464079 hargrave 2021-04-14 02:19:41 
AF 450 295.7  39.4 295.7  39.4 1.59E-03 000.4 250.6  67.0 0.847120 0.611195 0.388337 hargrave 2021-04-14 02:21:04 
AF 500 294.9  39.7 294.9  39.7 1.36E-03 000.4 249.9  66.5 0.756166 0.564645 0.336121 hargrave 2021-04-14 02:22:27 
AF 550 295.8  39.1 295.8  39.1 1.22E-03 000.4 251.3  67.1 0.670844 0.482232 0.285237 hargrave 2021-04-14 02:23:52 
AF 600 293.5  40.0 293.5  40.0 1.13E-03 000.4 249.2  65.3 0.631201 0.466817 0.277633 hargrave 2021-04-14 02:25:15 
AF 650 295.1  37.9 295.1  37.9 1.04E-03 000.4 254.2  66.6 0.596005 0.453849 0.245600 hargrave 2021-04-14 02:26:39 
AF 700 294.4  38.4 294.4  38.4 9.79E-04 000.4 253.1  66.0 0.563866 0.455689 0.225124 hargrave 2021-04-14 02:28:02 
AF 750 294.7  39.4 294.7  39.4 9.32E-04 000.4 250.5  66.3 0.531738 0.420696 0.211033 hargrave 2021-04-14 02:29:25 
AF 800 293.0  40.0 293.0  40.0 9.07E-04 000.5 249.2  65.0 0.529805 0.454240 0.215154 hargrave 2021-04-14 02:30:48 
AF 850 292.4  39.2 292.4  39.2 8.85E-04 000.4 251.0  64.5 0.509877 0.415015 0.217271 hargrave 2021-04-14 02:32:12 
AF 900 293.7  37.6 293.7  37.6 8.72E-04 000.5 255.0  65.4 0.519403 0.402729 0.222338 hargrave 2021-04-14 02:33:36 
AF 950 294.4  39.6 294.4  39.6 8.39E-04 000.5 250.2  66.0 0.493253 0.410936 0.199382 hargrave 2021-04-14 02:34:59 
AF1000 293.0  38.4 293.0  38.4 8.44E-04 000.4 253.1  64.9 0.473906 0.387835 0.203739 hargrave 2021-04-14 02:36:23 
AF1050 293.0  38.3 293.0  38.3 8.39E-04 000.5 253.1  64.9 0.492237 0.402657 0.210969 hargrave 2021-04-14 02:37:48 
AF1100 294.7  38.7 294.7  38.7 8.08E-04 000.5 252.3  66.3 0.496273 0.385781 0.174159 hargrave 2021-04-14 02:39:13 
AF1150 294.7  38.9 294.7  38.9 7.98E-04 000.5 251.8  66.3 0.485765 0.400350 0.180291 hargrave 2021-04-14 02:40:38 
AF1200 293.7  40.3 293.7  40.3 7.85E-04 000.5 248.4  65.5 0.473858 0.384010 0.177824 hargrave 2021-04-14 02:42:03 
AF1250 294.0  40.1 294.0  40.1 7.68E-04 000.5 248.9  65.7 0.497457 0.406098 0.185570 hargrave 2021-04-14 02:43:28 
AF1300 294.0  39.1 294.0  39.1 7.79E-04 000.4 251.3  65.8 0.467099 0.347686 0.185396 hargrave 2021-04-14 02:44:55 
