GH2- 5a sun compass orientation
      0  45.2  50.0   0.0   0.0   1.0
NRM    295.6  40.0 295.6  40.0 6.00E-03 000.3 263.7  75.0 2.412765 1.655594 1.324754 hargrave 2021-04-14 03:40:53 
AF  10 296.3  41.0 296.3  41.0 5.67E-03 000.3 259.7  75.7 2.390892 1.600258 1.267954 hargrave 2021-04-14 03:42:17 
AF  20 296.8  41.7 296.8  41.7 5.44E-03 000.3 257.1  76.0 2.297183 1.567759 1.253534 hargrave 2021-04-14 03:43:40 
AF  30 297.0  42.0 297.0  42.0 5.28E-03 000.3 255.7  76.1 2.224712 1.529684 1.222210 hargrave 2021-04-14 03:45:03 
AF  40 297.1  42.2 297.1  42.2 5.13E-03 000.3 255.1  76.2 2.169488 1.495353 1.188037 hargrave 2021-04-14 03:46:27 
AF  50 297.1  42.2 297.1  42.2 5.00E-03 000.3 255.0  76.2 2.135742 1.412570 1.156534 hargrave 2021-04-14 03:48:40 
AF  60 297.1  42.0 297.1  42.0 4.86E-03 000.3 255.6  76.2 2.023593 1.384263 1.123900 hargrave 2021-04-14 03:50:03 
AF  70 296.9  41.9 296.9  41.9 4.69E-03 000.3 256.3  76.1 1.970240 1.351432 1.096347 hargrave 2021-04-14 03:51:26 
AF  80 296.8  41.7 296.8  41.7 4.51E-03 000.3 257.2  76.0 1.941144 1.285150 1.058620 hargrave 2021-04-14 03:52:49 
AF  90 296.8  41.5 296.8  41.5 4.32E-03 000.3 258.0  76.0 1.833486 1.225759 1.007623 hargrave 2021-04-14 03:54:13 
AF 100 296.5  41.3 296.5  41.3 4.12E-03 000.3 258.8  75.8 1.770137 1.138022 0.965640 hargrave 2021-04-14 03:55:36 
AF 120 296.3  40.9 296.3  40.9 3.76E-03 000.3 260.5  75.6 1.635304 1.073805 0.882728 hargrave 2021-04-14 03:56:59 
AF 140 295.8  40.7 295.8  40.7 3.37E-03 000.3 260.9  75.3 1.479785 0.935407 0.801904 hargrave 2021-04-14 03:58:23 
AF 160 295.4  40.1 295.4  40.1 3.04E-03 000.3 263.1  74.9 1.335549 0.836622 0.730163 hargrave 2021-04-14 03:59:47 
AF 180 295.5  39.9 295.5  39.9 2.72E-03 000.3 264.0  74.9 1.173658 0.738482 0.649461 hargrave 2021-04-14 04:01:10 
AF 200 295.3  39.8 295.3  39.8 2.42E-03 000.3 264.1  74.8 1.036607 0.675862 0.586372 hargrave 2021-04-14 04:02:33 
AF 250 294.8  39.2 294.8  39.2 1.85E-03 000.3 266.5  74.3 0.829574 0.519746 0.457346 hargrave 2021-04-14 04:03:56 
AF 300 294.5  39.0 294.5  39.0 1.39E-03 000.3 266.8  74.1 0.601651 0.444304 0.344809 hargrave 2021-04-14 04:05:19 
AF 350 294.5  38.9 294.5  38.9 1.06E-03 000.3 267.2  74.0 0.447575 0.345735 0.261548 hargrave 2021-04-14 04:06:43 
AF 400 293.4  38.1 293.4  38.1 8.51E-04 000.4 269.3  73.0 0.433150 0.329938 0.202405 hargrave 2021-04-14 04:08:06 
AF 450 292.1  37.7 292.1  37.7 7.07E-04 000.4 270.0  71.9 0.340474 0.303888 0.179791 hargrave 2021-04-14 04:09:30 
AF 500 293.5  35.1 293.5  35.1 5.89E-04 000.4 279.0  72.2 0.278489 0.242114 0.124730 hargrave 2021-04-14 04:10:53 
AF 550 293.6  36.8 293.6  36.8 5.26E-04 000.4 273.7  72.8 0.259409 0.231349 0.109999 hargrave 2021-04-14 04:12:16 
AF 600 293.2  34.5 293.2  34.5 4.61E-04 000.4 280.4  71.7 0.264508 0.220240 0.095377 hargrave 2021-04-14 04:13:39 
AF 650 291.1  35.6 291.1  35.6 4.14E-04 000.5 275.2  70.5 0.273166 0.214668 0.088406 hargrave 2021-04-14 04:15:02 
AF 700 293.2  37.1 293.2  37.1 3.80E-04 000.5 272.4  72.6 0.240974 0.236112 0.070329 hargrave 2021-04-14 04:16:26 
AF 750 292.7  35.9 292.7  35.9 3.71E-04 000.5 275.8  71.9 0.268406 0.209241 0.068228 hargrave 2021-04-14 04:17:49 
AF 800 290.2  34.0 290.2  34.0 3.31E-04 000.5 278.7  69.2 0.251043 0.204723 0.070838 hargrave 2021-04-14 04:19:13 
AF 850 290.4  37.5 290.4  37.5 3.23E-04 000.6 269.4  70.6 0.222584 0.245366 0.078579 hargrave 2021-04-14 04:20:36 
AF 900 286.5  30.6 286.5  30.6 3.16E-04 000.5 283.1  64.9 0.198133 0.190907 0.075470 hargrave 2021-04-14 04:22:00 
AF 950 290.0  32.1 290.0  32.1 2.64E-04 000.7 283.3  68.2 0.220768 0.230910 0.049825 hargrave 2021-04-14 04:23:23 
AF1000 296.1  32.5 296.1  32.5 2.90E-04 000.5 290.0  72.9 0.195596 0.189147 0.045983 hargrave 2021-04-14 04:24:47 
AF1050 294.6  32.8 294.6  32.8 2.81E-04 000.5 287.0  71.9 0.179162 0.191515 0.044188 hargrave 2021-04-14 04:26:11 
AF1100 295.2  31.9 295.2  31.9 2.78E-04 000.5 290.5  71.9 0.187972 0.183203 0.027769 hargrave 2021-04-14 04:27:35 
AF1150 287.7  33.3 287.7  33.3 2.82E-04 000.5 278.2  67.0 0.175413 0.213750 0.072031 hargrave 2021-04-14 04:29:00 
AF1200 290.5  29.0 290.5  29.0 2.62E-04 000.6 291.0  67.0 0.219208 0.201508 0.051002 hargrave 2021-04-14 04:30:25 
AF1250 294.7  32.3 294.7  32.3 2.59E-04 000.6 288.5  71.8 0.181382 0.195650 0.035491 hargrave 2021-04-14 04:31:50 
AF1300 292.1  34.1 292.1  34.1 2.59E-04 000.6 280.6  70.7 0.168077 0.200917 0.044164 hargrave 2021-04-14 04:33:16 
