GH2- 3b sun compass orientation
      0  51.1  53.0   0.0   0.0   1.0
NRM    304.3  58.8 304.3  58.8 1.18E-02 000.4 201.4  65.6 4.131876 6.466377 2.375583 hargrave 2021-02-03 22:27:22 
AF  10 305.3  58.4 305.3  58.4 1.15E-02 000.4 200.8  66.3 4.300496 5.923938 2.449932 hargrave 2021-02-03 22:28:41 
AF  20 305.9  57.7 305.9  57.7 1.11E-02 000.4 201.0  67.0 4.229129 5.825906 2.282270 hargrave 2021-02-03 22:30:00 
AF  30 305.9  56.8 305.9  56.8 1.07E-02 000.4 202.3  67.7 4.127690 5.441857 2.156335 hargrave 2021-02-03 22:31:19 
AF  40 305.3  55.7 305.3  55.7 1.01E-02 000.4 204.7  68.5 3.881528 5.182929 1.976403 hargrave 2021-02-03 22:33:27 
AF  50 304.6  54.8 304.6  54.8 9.68E-03 000.4 207.2  69.0 3.952439 4.960145 1.909396 hargrave 2021-02-03 22:34:46 
AF  60 303.7  53.5 303.7  53.5 9.23E-03 000.4 210.6  69.5 3.657585 4.593199 1.781002 hargrave 2021-02-03 22:36:54 
AF  70 302.6  52.4 302.6  52.4 8.77E-03 000.4 214.2  69.9 3.665908 4.374122 1.748623 hargrave 2021-02-03 22:38:14 
AF  80 301.6  51.2 301.6  51.2 8.33E-03 000.4 218.1  70.2 3.472899 4.195226 1.667542 hargrave 2021-02-03 22:40:23 
AF  90 300.6  50.0 300.6  50.0 7.91E-03 000.4 222.0  70.3 3.410773 3.820131 1.638547 hargrave 2021-02-03 22:41:42 
AF 100 299.6  49.0 299.6  49.0 7.53E-03 000.4 225.6  70.4 3.349178 3.614639 1.616450 hargrave 2021-02-03 22:43:01 
AF 120 298.3  47.3 298.3  47.3 6.91E-03 000.4 231.2  70.3 3.151029 3.332141 1.551092 hargrave 2021-02-03 22:44:20 
AF 140 297.2  46.0 297.2  46.0 6.33E-03 000.4 235.6  70.0 2.933819 3.026944 1.484857 hargrave 2021-02-03 22:45:40 
AF 160 296.2  45.1 296.2  45.1 5.85E-03 000.4 238.8  69.7 2.719364 2.778607 1.462050 hargrave 2021-02-03 22:46:59 
AF 180 295.7  44.3 295.7  44.3 5.44E-03 000.4 241.2  69.5 2.535099 2.561712 1.373277 hargrave 2021-02-03 22:48:19 
AF 200 295.2  43.8 295.2  43.8 5.07E-03 000.4 242.8  69.2 2.396784 2.394912 1.292361 hargrave 2021-02-03 22:49:39 
AF 250 294.4  43.0 294.4  43.0 4.33E-03 000.4 245.1  68.8 2.070325 2.053816 1.162135 hargrave 2021-02-03 22:50:59 
AF 300 293.9  42.7 293.9  42.7 3.71E-03 000.4 246.1  68.4 1.718793 1.735994 1.027178 hargrave 2021-02-03 22:52:18 
AF 350 293.4  42.4 293.4  42.4 3.24E-03 000.4 247.0  68.1 1.521283 1.550870 0.913487 hargrave 2021-02-03 22:53:38 
AF 400 293.1  42.6 293.1  42.6 2.89E-03 000.4 246.6  67.9 1.317695 1.356658 0.825228 hargrave 2021-02-03 22:54:58 
AF 450 292.8  42.5 292.8  42.5 2.66E-03 000.4 247.0  67.7 1.212112 1.281453 0.770386 hargrave 2021-02-03 22:56:18 
AF 500 292.9  42.7 292.9  42.7 2.46E-03 000.4 246.4  67.7 1.161086 1.208929 0.689466 hargrave 2021-02-03 22:57:38 
AF 550 291.7  42.1 291.7  42.1 2.34E-03 000.4 248.1  66.9 1.103233 1.135432 0.678773 hargrave 2021-02-03 22:58:57 
AF 600 292.5  42.2 292.5  42.2 2.24E-03 000.4 247.7  67.5 1.085267 1.133320 0.637037 hargrave 2021-02-03 23:00:17 
AF 650 292.6  42.2 292.6  42.2 2.17E-03 000.4 247.7  67.6 1.005726 1.106894 0.624615 hargrave 2021-02-03 23:02:27 
AF 700 292.5  41.9 292.5  41.9 2.14E-03 000.4 248.6  67.5 0.976730 1.110016 0.623077 hargrave 2021-02-03 23:04:36 
AF 750 292.9  42.5 292.9  42.5 2.08E-03 000.4 246.9  67.8 0.973153 1.041188 0.604588 hargrave 2021-02-03 23:05:56 
AF 800 291.1  41.9 291.1  41.9 2.05E-03 000.4 248.5  66.4 0.990488 1.051769 0.631012 hargrave 2021-02-03 23:07:16 
AF 850 291.3  41.7 291.3  41.7 2.04E-03 000.4 249.2  66.6 0.995310 1.012257 0.603732 hargrave 2021-02-03 23:08:36 
AF 900 291.5  41.7 291.5  41.7 2.01E-03 000.4 249.3  66.8 0.965903 1.025112 0.613790 hargrave 2021-02-03 23:09:56 
AF 950 291.4  41.6 291.4  41.6 1.98E-03 000.4 249.3  66.7 0.977444 1.009920 0.606249 hargrave 2021-02-03 23:11:16 
AF1000 291.5  41.9 291.5  41.9 1.97E-03 000.4 248.7  66.8 0.961757 1.049691 0.617290 hargrave 2021-02-03 23:12:36 
AF1050 292.0  41.8 292.0  41.8 1.96E-03 000.4 248.7  67.1 0.956184 0.985208 0.597054 hargrave 2021-02-03 23:13:58 
AF1100 291.3  41.9 291.3  41.9 1.93E-03 000.4 248.7  66.6 0.953213 1.010235 0.597208 hargrave 2021-02-03 23:15:19 
AF1150 291.1  41.8 291.1  41.8 1.93E-03 000.4 248.9  66.5 0.948107 1.012875 0.608842 hargrave 2021-02-03 23:16:40 
AF1200 291.1  42.2 291.1  42.2 1.91E-03 000.5 247.9  66.4 0.910862 1.211859 0.589065 hargrave 2021-02-03 23:18:01 
AF1250 291.4  42.2 291.4  42.2 1.91E-03 000.4 247.9  66.6 0.879798 0.968306 0.609915 hargrave 2021-02-03 23:19:23 
AF1300 291.0  41.8 291.0  41.8 1.90E-03 000.4 249.0  66.3 0.916738 0.955792 0.598656 hargrave 2021-02-03 23:20:45 
