GH2- 4b sun compass orientation
      0  50.2  44.0   0.0   0.0   1.0
NRM    302.1  63.3 302.1  63.3 1.22E-02 000.4 204.0  69.9 4.667623 6.541211 2.346266 hargrave 2021-02-03 23:22:12 
AF  10 303.7  62.7 303.7  62.7 1.18E-02 000.4 203.3  70.8 4.693219 6.003119 2.329538 hargrave 2021-02-03 23:23:32 
AF  20 304.8  61.8 304.8  61.8 1.12E-02 000.4 203.9  71.9 4.552150 5.672407 2.126677 hargrave 2021-02-03 23:24:51 
AF  30 305.1  60.6 305.1  60.6 1.06E-02 000.4 205.9  72.9 4.311074 5.282543 1.888327 hargrave 2021-02-03 23:26:11 
AF  40 304.8  59.0 304.8  59.0 9.81E-03 000.4 209.8  74.1 4.038007 4.823358 1.652641 hargrave 2021-02-03 23:27:31 
AF  50 304.2  57.6 304.2  57.6 9.14E-03 000.4 214.3  74.8 3.814323 4.445285 1.519634 hargrave 2021-02-03 23:28:50 
AF  60 303.5  55.9 303.5  55.9 8.51E-03 000.4 220.3  75.6 3.617276 4.107897 1.371400 hargrave 2021-02-03 23:30:10 
AF  70 302.7  54.3 302.7  54.3 7.89E-03 000.4 227.0  76.1 3.389808 3.684554 1.308460 hargrave 2021-02-03 23:31:29 
AF  80 301.9  52.5 301.9  52.5 7.29E-03 000.4 234.5  76.5 3.184391 3.357771 1.221253 hargrave 2021-02-03 23:32:48 
AF  90 301.1  50.9 301.1  50.9 6.73E-03 000.4 241.9  76.5 2.933138 3.037653 1.159858 hargrave 2021-02-03 23:34:58 
AF 100 300.4  49.4 300.4  49.4 6.21E-03 000.4 248.7  76.3 2.841353 2.750680 1.122061 hargrave 2021-02-03 23:36:17 
AF 120 299.4  46.9 299.4  46.9 5.39E-03 000.4 258.7  75.7 2.471640 2.310545 1.049897 hargrave 2021-02-03 23:37:37 
AF 140 298.5  45.0 298.5  45.0 4.65E-03 000.4 266.0  74.8 2.135839 1.914336 0.983738 hargrave 2021-02-03 23:38:57 
AF 160 297.8  43.4 297.8  43.4 4.03E-03 000.4 271.3  73.9 1.887757 1.644467 0.893387 hargrave 2021-02-03 23:40:18 
AF 180 297.3  42.4 297.3  42.4 3.53E-03 000.4 274.1  73.2 1.676955 1.424888 0.817378 hargrave 2021-02-03 23:41:37 
AF 200 297.2  41.5 297.2  41.5 3.11E-03 000.4 276.9  72.8 1.462349 1.253145 0.709515 hargrave 2021-02-03 23:42:57 
AF 250 296.5  40.5 296.5  40.5 2.33E-03 000.4 279.2  72.0 1.073591 0.911604 0.561456 hargrave 2021-02-03 23:44:17 
AF 300 297.0  39.7 297.0  39.7 1.74E-03 000.4 282.1  72.0 0.809490 0.689566 0.408061 hargrave 2021-02-03 23:45:37 
AF 350 297.0  39.7 297.0  39.7 1.35E-03 000.4 282.2  71.9 0.640286 0.566345 0.297096 hargrave 2021-02-03 23:46:56 
AF 400 296.7  39.1 296.7  39.1 1.10E-03 000.4 283.5  71.4 0.523974 0.479197 0.257528 hargrave 2021-02-03 23:48:16 
AF 450 297.0  39.0 297.0  39.0 9.34E-04 000.4 284.2  71.6 0.429019 0.425014 0.203796 hargrave 2021-02-03 23:49:35 
AF 500 294.8  37.9 294.8  37.9 7.95E-04 000.4 284.3  69.6 0.413415 0.402000 0.192525 hargrave 2021-02-03 23:50:55 
AF 550 294.0  37.1 294.0  37.1 7.14E-04 000.4 285.3  68.6 0.364288 0.357210 0.185186 hargrave 2021-02-03 23:52:15 
AF 600 295.6  37.5 295.6  37.5 6.45E-04 000.4 286.0  69.9 0.335821 0.357401 0.154323 hargrave 2021-02-03 23:53:35 
AF 650 296.8  35.8 296.8  35.8 5.94E-04 000.4 291.9  69.6 0.286645 0.286637 0.137296 hargrave 2021-02-03 23:54:55 
AF 700 294.5  35.9 294.5  35.9 5.69E-04 000.5 288.6  68.3 0.302579 0.343755 0.143871 hargrave 2021-02-03 23:56:15 
AF 750 294.1  35.5 294.1  35.5 5.53E-04 000.4 288.9  67.7 0.275411 0.296532 0.138741 hargrave 2021-02-03 23:57:34 
AF 800 293.8  33.9 293.8  33.9 5.42E-04 000.5 291.7  66.6 0.285911 0.301311 0.143926 hargrave 2021-02-03 23:58:54 
AF 850 296.8  34.0 296.8  34.0 5.15E-04 000.4 295.8  68.5 0.250309 0.260847 0.121768 hargrave 2021-02-04 00:00:14 
AF 900 294.1  34.4 294.1  34.4 5.07E-04 000.4 291.3  67.1 0.256595 0.276770 0.126328 hargrave 2021-02-04 00:01:34 
AF 950 293.3  33.6 293.3  33.6 5.01E-04 000.5 291.7  66.1 0.257987 0.292705 0.134028 hargrave 2021-02-04 00:02:55 
AF1000 294.4  34.2 294.4  34.2 4.80E-04 000.5 292.0  67.1 0.252107 0.262689 0.123334 hargrave 2021-02-04 00:04:15 
AF1050 294.0  33.3 294.0  33.3 4.84E-04 000.5 293.2  66.4 0.265618 0.265523 0.140913 hargrave 2021-02-04 00:05:36 
AF1100 295.2  31.9 295.2  31.9 4.65E-04 000.4 297.5  66.2 0.233947 0.246603 0.120093 hargrave 2021-02-04 00:06:57 
AF1150 292.4  31.8 292.4  31.8 4.85E-04 000.5 293.9  64.3 0.253919 0.275234 0.146322 hargrave 2021-02-04 00:08:18 
AF1200 292.1  34.0 292.1  34.0 4.61E-04 000.5 289.3  65.6 0.268700 0.276747 0.120709 hargrave 2021-02-04 00:09:40 
AF1250 296.0  33.4 296.0  33.4 4.45E-04 000.5 295.8  67.7 0.252199 0.302192 0.103844 hargrave 2021-02-04 00:11:02 
AF1300 291.5  34.2 291.5  34.2 4.50E-04 000.5 288.4  65.2 0.258497 0.254267 0.132405 hargrave 2021-02-04 00:12:25 
