TP1- 9b mag compass orientation (IGRF corrected)
      0 315.5  78.0   0.0   0.0   1.0
NRM    300.2  43.2 300.2  43.2 3.96E-03 000.5 131.8  19.3 1.723602 1.864071 2.908476 hargrave 2021-03-26 00:19:04 
AF  10 300.5  43.0 300.5  43.0 3.94E-03 000.5 131.7  19.1 1.608691 1.282360 2.882852 hargrave 2021-03-26 00:20:25 
AF  20 300.7  42.8 300.7  42.8 3.91E-03 000.5 131.4  18.9 1.690951 1.403005 2.880852 hargrave 2021-03-26 00:21:45 
AF  30 300.9  42.5 300.9  42.5 3.88E-03 000.5 131.1  18.8 1.581916 1.225486 2.826793 hargrave 2021-03-26 00:23:05 
AF  40 301.0  42.2 301.0  42.2 3.84E-03 000.5 130.8  18.7 1.529074 0.602476 2.796498 hargrave 2021-03-26 00:24:25 
AF  50 301.0  42.0 301.0  42.0 3.80E-03 000.5 130.5  18.7 1.668441 1.208844 2.766899 hargrave 2021-03-26 00:25:45 
AF  60 301.0  41.8 301.0  41.8 3.75E-03 000.5 130.4  18.7 1.650183 1.181364 2.753723 hargrave 2021-03-26 00:27:05 
AF  70 301.0  41.6 301.0  41.6 3.70E-03 000.5 130.2  18.7 1.539056 1.132655 2.709781 hargrave 2021-03-26 00:28:26 
AF  80 301.0  41.5 301.0  41.5 3.65E-03 000.5 130.0  18.7 1.558949 1.150834 2.678768 hargrave 2021-03-26 00:30:36 
AF  90 301.0  41.3 301.0  41.3 3.58E-03 000.5 129.8  18.8 1.424548 1.058118 2.602594 hargrave 2021-03-26 00:31:56 
AF 100 300.9  41.2 300.9  41.2 3.51E-03 000.5 129.7  18.8 1.370527 0.971828 2.580396 hargrave 2021-03-26 00:34:06 
AF 120 300.8  41.0 300.8  41.0 3.38E-03 000.5 129.5  18.9 1.463205 0.994566 2.477454 hargrave 2021-03-26 00:35:26 
AF 140 300.8  40.8 300.8  40.8 3.23E-03 000.5 129.3  18.9 1.479817 0.903292 2.362311 hargrave 2021-03-26 00:36:47 
AF 160 300.7  40.7 300.7  40.7 3.08E-03 000.5 129.2  19.0 1.314000 0.892478 2.252439 hargrave 2021-03-26 00:38:07 
AF 180 300.7  40.6 300.7  40.6 2.94E-03 000.5 129.1  19.0 1.231337 0.846783 2.134939 hargrave 2021-03-26 00:39:27 
AF 200 300.6  40.5 300.6  40.5 2.80E-03 000.5 129.0  19.0 1.173788 0.809655 2.039957 hargrave 2021-03-26 00:40:47 
AF 250 300.6  40.3 300.6  40.3 2.49E-03 000.5 128.8  19.0 0.969816 0.577476 1.852942 hargrave 2021-03-26 00:42:07 
AF 300 300.7  40.2 300.7  40.2 2.17E-03 000.5 128.6  19.0 0.929318 0.545397 1.597208 hargrave 2021-03-26 00:43:27 
AF 350 300.6  40.1 300.6  40.1 1.89E-03 000.5 128.6  19.1 0.798615 0.460521 1.369635 hargrave 2021-03-26 00:44:47 
AF 400 300.9  40.0 300.9  40.0 1.66E-03 000.5 128.5  18.8 0.773283 0.438312 1.215990 hargrave 2021-03-26 00:46:07 
AF 450 300.8  39.9 300.8  39.9 1.49E-03 000.5 128.4  18.9 0.610428 0.402142 1.088189 hargrave 2021-03-26 00:48:17 
AF 500 301.2  39.5 301.2  39.5 1.37E-03 000.5 127.9  18.6 0.576376 0.335888 0.999630 hargrave 2021-03-26 00:49:37 
AF 550 300.8  39.5 300.8  39.5 1.28E-03 000.5 128.0  18.9 0.548637 0.344517 0.936883 hargrave 2021-03-26 00:50:58 
AF 600 301.0  39.5 301.0  39.5 1.21E-03 000.5 127.9  18.7 0.484776 0.292450 0.884805 hargrave 2021-03-26 00:52:18 
AF 650 300.8  39.8 300.8  39.8 1.15E-03 000.5 128.3  18.9 0.475443 0.284755 0.838605 hargrave 2021-03-26 00:53:38 
AF 700 300.9  39.9 300.9  39.9 1.11E-03 000.5 128.3  18.8 0.493979 0.287824 0.808926 hargrave 2021-03-26 00:54:58 
AF 750 300.6  39.4 300.6  39.4 1.07E-03 000.5 127.8  19.1 0.418306 0.251391 0.798760 hargrave 2021-03-26 00:56:18 
AF 800 300.3  39.9 300.3  39.9 1.05E-03 000.5 128.3  19.3 0.482375 0.245977 0.761479 hargrave 2021-03-26 00:57:38 
AF 850 301.2  39.7 301.2  39.7 1.02E-03 000.5 128.1  18.6 0.399870 0.259917 0.736827 hargrave 2021-03-26 00:58:58 
AF 900 300.4  39.6 300.4  39.6 9.99E-04 000.5 128.1  19.2 0.422984 0.247241 0.726790 hargrave 2021-03-26 01:00:19 
AF 950 300.5  39.3 300.5  39.3 9.77E-04 000.5 127.7  19.2 0.458085 0.277074 0.718961 hargrave 2021-03-26 01:01:40 
AF1000 300.6  39.5 300.6  39.5 9.54E-04 000.5 127.9  19.1 0.398583 0.235880 0.693662 hargrave 2021-03-26 01:03:52 
AF1050 300.5  39.3 300.5  39.3 9.38E-04 000.5 127.7  19.1 0.379521 0.221065 0.682546 hargrave 2021-03-26 01:05:13 
AF1100 300.6  39.2 300.6  39.2 9.33E-04 000.5 127.6  19.1 0.391855 0.221809 0.679116 hargrave 2021-03-26 01:06:34 
AF1150 300.2  39.4 300.2  39.4 9.14E-04 000.5 127.8  19.3 0.407995 0.219939 0.678488 hargrave 2021-03-26 01:07:55 
AF1200 300.8  39.3 300.8  39.3 9.01E-04 000.5 127.7  18.9 0.416875 0.204765 0.654153 hargrave 2021-03-26 01:09:17 
AF1250 299.9  38.9 299.9  38.9 8.90E-04 000.4 127.2  19.6 0.350776 0.662613 0.656907 hargrave 2021-03-26 01:10:39 
AF1300 299.5  39.3 299.5  39.3 8.72E-04 000.5 127.7  19.9 0.402937 0.178179 0.645743 hargrave 2021-03-26 01:12:02 
