TP1- 7a mag compass orientation (IGRF corrected)
      0 323.5  72.0   0.0   0.0   1.0
NRM    297.7  37.0 297.7  37.0 3.59E-03 000.5 122.9  31.1 0.369005 1.479451 2.470396 hargrave 2021-04-14 09:57:05 
AF  10 297.7  36.9 297.7  36.9 3.59E-03 000.5 122.8  31.1 0.484995 1.585621 2.480861 hargrave 2021-04-14 09:58:26 
AF  20 297.7  36.9 297.7  36.9 3.59E-03 000.5 122.8  31.1 0.422244 1.545775 2.486035 hargrave 2021-04-14 09:59:48 
AF  30 297.8  36.9 297.8  36.9 3.59E-03 000.5 122.7  31.1 0.471105 1.549197 2.493572 hargrave 2021-04-14 10:01:09 
AF  40 297.8  36.9 297.8  36.9 3.59E-03 000.5 122.7  31.1 0.491319 1.569209 2.491945 hargrave 2021-04-14 10:04:07 
AF  50 297.8  36.8 297.8  36.8 3.59E-03 000.5 122.7  31.1 0.429417 1.538118 2.478878 hargrave 2021-04-14 10:05:28 
AF  60 297.8  36.8 297.8  36.8 3.58E-03 000.5 122.7  31.0 0.491356 1.566489 2.451997 hargrave 2021-04-14 10:06:49 
AF  70 297.8  36.8 297.8  36.8 3.58E-03 000.5 122.6  31.0 0.408106 1.587652 2.473864 hargrave 2021-04-14 10:08:58 
AF  80 297.8  36.8 297.8  36.8 3.57E-03 000.5 122.6  31.0 0.431792 1.521378 2.467570 hargrave 2021-04-14 10:10:19 
AF  90 297.8  36.7 297.8  36.7 3.55E-03 000.5 122.6  31.0 0.555900 1.621576 2.448085 hargrave 2021-04-14 10:11:40 
AF 100 297.8  36.7 297.8  36.7 3.54E-03 000.5 122.5  31.0 0.415292 1.604210 2.443981 hargrave 2021-04-14 10:13:50 
AF 120 297.8  36.6 297.8  36.6 3.50E-03 000.5 122.4  31.0 0.489103 1.579450 2.421501 hargrave 2021-04-14 10:15:11 
AF 140 297.8  36.6 297.8  36.6 3.45E-03 000.5 122.4  31.0 0.416324 1.522166 2.375478 hargrave 2021-04-14 10:16:32 
AF 160 297.8  36.5 297.8  36.5 3.40E-03 000.5 122.3  31.0 0.541032 1.563856 2.342908 hargrave 2021-04-14 10:17:54 
AF 180 297.7  36.6 297.7  36.6 3.32E-03 000.5 122.4  31.1 0.490770 1.429573 2.283794 hargrave 2021-04-14 10:19:15 
AF 200 297.7  36.5 297.7  36.5 3.23E-03 000.5 122.3  31.1 0.477290 1.396693 2.221349 hargrave 2021-04-14 10:20:36 
AF 250 297.7  36.5 297.7  36.5 2.92E-03 000.5 122.3  31.1 0.410510 1.210575 2.004598 hargrave 2021-04-14 10:21:57 
AF 300 297.5  36.4 297.5  36.4 2.51E-03 000.5 122.2  31.3 0.393370 1.040185 1.709461 hargrave 2021-04-14 10:23:18 
AF 350 297.6  36.4 297.6  36.4 2.13E-03 000.5 122.2  31.2 0.336807 0.928780 1.472127 hargrave 2021-04-14 10:24:40 
AF 400 297.6  36.4 297.6  36.4 1.83E-03 000.5 122.2  31.2 0.280457 0.760379 1.265844 hargrave 2021-04-14 10:26:01 
AF 450 297.6  36.5 297.6  36.5 1.61E-03 000.5 122.2  31.2 0.230592 0.657320 1.142119 hargrave 2021-04-14 10:27:22 
AF 500 297.5  36.3 297.5  36.3 1.45E-03 000.5 122.0  31.2 0.228123 0.569870 1.030733 hargrave 2021-04-14 10:28:43 
AF 550 297.6  36.3 297.6  36.3 1.34E-03 000.5 122.1  31.2 0.223525 0.559415 0.948804 hargrave 2021-04-14 10:30:04 
AF 600 297.7  36.2 297.7  36.2 1.26E-03 000.5 122.0  31.1 0.200319 0.505641 0.877103 hargrave 2021-04-14 10:31:25 
AF 650 297.9  36.2 297.9  36.2 1.19E-03 000.5 121.9  31.0 0.176020 0.506347 0.839959 hargrave 2021-04-14 10:32:46 
AF 700 297.6  36.1 297.6  36.1 1.15E-03 000.5 121.8  31.1 0.160269 0.478780 0.814802 hargrave 2021-04-14 10:34:08 
AF 750 297.5  36.0 297.5  36.0 1.11E-03 000.5 121.8  31.2 0.208121 0.434953 0.787034 hargrave 2021-04-14 10:35:30 
AF 800 297.6  35.9 297.6  35.9 1.07E-03 000.5 121.6  31.2 0.174136 0.436848 0.765919 hargrave 2021-04-14 10:36:51 
AF 850 297.7  35.8 297.7  35.8 1.05E-03 000.5 121.5  31.1 0.154841 0.413957 0.746069 hargrave 2021-04-14 10:38:12 
AF 900 297.5  35.8 297.5  35.8 1.03E-03 000.5 121.4  31.3 0.150099 0.418745 0.712105 hargrave 2021-04-14 10:40:22 
AF 950 297.5  35.8 297.5  35.8 1.01E-03 000.5 121.5  31.3 0.158643 0.424799 0.717297 hargrave 2021-04-14 10:41:43 
AF1000 297.4  35.8 297.4  35.8 9.92E-04 000.5 121.5  31.4 0.150168 0.396468 0.689469 hargrave 2021-04-14 10:43:05 
AF1050 297.2  35.6 297.2  35.6 9.78E-04 000.5 121.3  31.5 0.177886 0.389452 0.692075 hargrave 2021-04-14 10:44:27 
AF1100 297.3  35.5 297.3  35.5 9.63E-04 000.5 121.1  31.4 0.166113 0.399781 0.663383 hargrave 2021-04-14 10:45:49 
AF1150 297.2  35.5 297.2  35.5 9.52E-04 000.5 121.2  31.5 0.136625 0.388595 0.651809 hargrave 2021-04-14 10:47:12 
AF1200 297.2  35.5 297.2  35.5 9.39E-04 000.5 121.1  31.5 0.157040 0.387431 0.664440 hargrave 2021-04-14 10:48:34 
AF1250 297.4  35.6 297.4  35.6 9.28E-04 000.5 121.3  31.3 0.118104 0.366900 0.650329 hargrave 2021-04-14 10:49:57 
AF1300 297.3  35.3 297.3  35.3 9.18E-04 000.5 120.9  31.4 0.142155 0.346509 0.645984 hargrave 2021-04-14 10:51:20 
