TP1- 2a mag compass orientation (IGRF corrected)
      0 349.5  70.0   0.0   0.0   1.0
NRM    298.9  25.9 298.9  25.9 8.39E-03 000.4 106.9  53.4 1.697510 3.623931 3.883670 hargrave 2021-04-14 07:13:25 
AF  10 298.9  26.0 298.9  26.0 8.37E-03 000.4 106.9  53.4 1.717903 3.371726 3.866299 hargrave 2021-04-14 07:14:47 
AF  20 298.9  26.0 298.9  26.0 8.36E-03 000.4 106.9  53.4 1.710956 3.635120 3.856645 hargrave 2021-04-14 07:16:09 
AF  30 298.9  26.0 298.9  26.0 8.35E-03 000.4 106.9  53.4 1.618816 3.644624 3.868723 hargrave 2021-04-14 07:17:31 
AF  40 298.9  25.9 298.9  25.9 8.34E-03 000.4 106.9  53.4 1.714935 3.657776 3.837910 hargrave 2021-04-14 07:18:53 
AF  50 298.9  25.9 298.9  25.9 8.33E-03 000.4 106.9  53.4 1.659854 3.638591 3.860000 hargrave 2021-04-14 07:20:15 
AF  60 298.9  25.9 298.9  25.9 8.32E-03 000.4 106.9  53.4 1.738307 3.629079 3.828966 hargrave 2021-04-14 07:21:36 
AF  70 298.9  25.9 298.9  25.9 8.30E-03 000.4 106.8  53.4 1.671249 3.656562 3.818500 hargrave 2021-04-14 07:22:58 
AF  80 298.9  25.9 298.9  25.9 8.27E-03 000.4 106.8  53.4 1.752805 3.620744 3.816788 hargrave 2021-04-14 07:24:19 
AF  90 298.9  25.9 298.9  25.9 8.23E-03 000.4 106.8  53.4 1.432877 3.553451 3.798371 hargrave 2021-04-14 07:26:30 
AF 100 298.9  25.9 298.9  25.9 8.18E-03 000.4 106.8  53.4 1.710965 3.592980 3.792144 hargrave 2021-04-14 07:27:52 
AF 120 298.9  25.9 298.9  25.9 8.07E-03 000.4 106.8  53.4 1.727798 3.564920 3.720423 hargrave 2021-04-14 07:29:14 
AF 140 299.0  25.9 299.0  25.9 7.92E-03 000.4 106.8  53.3 1.573883 3.427673 3.683906 hargrave 2021-04-14 07:30:36 
AF 160 299.0  25.9 299.0  25.9 7.75E-03 000.4 106.9  53.3 1.567144 3.389614 3.579791 hargrave 2021-04-14 07:31:58 
AF 180 299.0  25.9 299.0  25.9 7.57E-03 000.4 106.9  53.3 1.523704 3.302194 3.526564 hargrave 2021-04-14 07:33:20 
AF 200 299.0  26.0 299.0  26.0 7.38E-03 000.4 106.9  53.3 1.566999 3.137014 3.447324 hargrave 2021-04-14 07:34:41 
AF 250 299.1  26.0 299.1  26.0 6.89E-03 000.4 107.0  53.2 1.414832 2.995647 3.205684 hargrave 2021-04-14 07:36:08 
AF 300 299.2  26.1 299.2  26.1 6.38E-03 000.4 107.2  53.1 1.282737 2.811152 2.991628 hargrave 2021-04-14 07:37:30 
AF 350 299.3  26.2 299.3  26.2 5.92E-03 000.3 107.2  53.0 1.177549 2.167549 2.755124 hargrave 2021-04-14 07:38:52 
AF 400 299.4  26.2 299.4  26.2 5.51E-03 000.4 107.3  52.9 1.076292 2.394883 2.577490 hargrave 2021-04-14 07:40:13 
AF 450 299.4  26.3 299.4  26.3 5.17E-03 000.4 107.4  52.9 1.071127 2.251867 2.413924 hargrave 2021-04-14 07:41:36 
AF 500 299.5  26.4 299.5  26.4 4.87E-03 000.4 107.6  52.8 0.962565 2.117850 2.273060 hargrave 2021-04-14 07:42:57 
AF 550 299.6  26.4 299.6  26.4 4.61E-03 000.4 107.7  52.7 0.925016 1.986682 2.152173 hargrave 2021-04-14 07:44:19 
AF 600 299.7  26.5 299.7  26.5 4.38E-03 000.4 107.8  52.7 0.885933 1.890035 2.052944 hargrave 2021-04-14 07:45:41 
AF 650 299.8  26.5 299.8  26.5 4.19E-03 000.4 107.8  52.6 0.763801 1.789916 2.003711 hargrave 2021-04-14 07:47:52 
AF 700 300.1  26.5 300.1  26.5 4.01E-03 000.4 107.8  52.3 0.834253 1.742482 1.910347 hargrave 2021-04-14 07:49:14 
AF 750 300.0  26.6 300.0  26.6 3.87E-03 000.4 107.9  52.4 0.748228 1.668428 1.811286 hargrave 2021-04-14 07:50:36 
AF 800 300.0  26.6 300.0  26.6 3.73E-03 000.4 107.9  52.4 0.710545 1.597359 1.775537 hargrave 2021-04-14 07:51:58 
AF 850 300.1  26.6 300.1  26.6 3.60E-03 000.4 107.9  52.3 0.723979 1.544682 1.700068 hargrave 2021-04-14 07:53:21 
AF 900 300.1  26.7 300.1  26.7 3.49E-03 000.4 108.0  52.3 0.690779 1.500921 1.630394 hargrave 2021-04-14 07:54:43 
AF 950 300.1  26.6 300.1  26.6 3.38E-03 000.4 108.0  52.3 0.677815 1.460703 1.608974 hargrave 2021-04-14 07:56:06 
AF1000 300.2  26.8 300.2  26.8 3.27E-03 000.4 108.2  52.2 0.669506 1.410106 1.563804 hargrave 2021-04-14 07:57:28 
AF1050 300.2  26.6 300.2  26.6 3.18E-03 000.4 108.0  52.2 0.554612 1.382561 1.516408 hargrave 2021-04-14 07:59:40 
AF1100 300.2  26.6 300.2  26.6 3.10E-03 000.4 108.0  52.2 0.623173 1.340910 1.480214 hargrave 2021-04-14 08:01:03 
AF1150 300.3  26.5 300.3  26.5 3.01E-03 000.4 107.8  52.1 0.597462 1.316747 1.449585 hargrave 2021-04-14 08:02:27 
AF1200 300.3  26.7 300.3  26.7 2.92E-03 000.4 108.0  52.1 0.593244 1.282973 1.392059 hargrave 2021-04-14 08:03:50 
AF1250 300.3  26.5 300.3  26.5 2.84E-03 000.4 107.8  52.1 0.589292 1.240390 1.360836 hargrave 2021-04-14 08:05:15 
AF1300 300.4  26.7 300.4  26.7 2.75E-03 000.4 108.0  52.0 0.589486 1.190899 1.312390 hargrave 2021-04-14 08:06:40 
