TP1- 5b mag compass orientation (IGRF corrected)
      0 354.5  86.0   0.0   0.0   1.0
NRM    301.8  30.3 301.8  30.3 3.66E-03 000.4 131.0  46.1 1.563237 1.056331 1.797976 hargrave 2021-03-25 21:38:45 
AF  10 300.3  32.5 300.3  32.5 3.66E-03 000.4 134.7  46.0 1.479735 1.004094 1.791125 hargrave 2021-03-25 21:40:04 
AF  20 300.2  32.5 300.2  32.5 3.64E-03 000.4 134.7  46.1 1.481603 1.017033 1.820664 hargrave 2021-03-25 21:41:23 
AF  30 300.2  32.4 300.2  32.4 3.63E-03 000.4 134.6  46.2 1.515228 1.031199 1.779817 hargrave 2021-03-25 21:42:43 
AF  40 300.2  32.2 300.2  32.2 3.61E-03 000.4 134.4  46.3 1.466756 0.998952 1.795400 hargrave 2021-03-25 21:44:01 
AF  50 300.1  32.1 300.1  32.1 3.59E-03 000.4 134.4  46.4 1.385064 0.964610 1.747468 hargrave 2021-03-25 21:45:20 
AF  60 300.0  32.0 300.0  32.0 3.56E-03 000.4 134.2  46.5 1.363492 0.976474 1.737310 hargrave 2021-03-25 21:46:39 
AF  70 300.0  31.8 300.0  31.8 3.53E-03 000.4 134.1  46.6 1.395974 0.946518 1.720429 hargrave 2021-03-25 21:48:49 
AF  80 299.9  31.7 299.9  31.7 3.49E-03 000.3 134.0  46.8 1.338082 0.872763 1.727833 hargrave 2021-03-25 21:50:57 
AF  90 299.8  31.5 299.8  31.5 3.45E-03 000.4 133.8  46.9 1.351161 0.912733 1.673214 hargrave 2021-03-25 21:53:05 
AF 100 299.8  31.4 299.8  31.4 3.40E-03 000.3 133.7  47.0 1.299911 0.876496 1.654242 hargrave 2021-03-25 21:54:24 
AF 120 299.6  31.1 299.6  31.1 3.30E-03 000.3 133.5  47.3 1.257468 0.844424 1.605794 hargrave 2021-03-25 21:55:44 
AF 140 299.5  31.0 299.5  31.0 3.19E-03 000.3 133.4  47.4 1.181058 0.804541 1.546867 hargrave 2021-03-25 21:57:03 
AF 160 299.5  30.9 299.5  30.9 3.07E-03 000.4 133.2  47.5 1.161909 0.820852 1.494465 hargrave 2021-03-25 21:58:22 
AF 180 299.4  30.7 299.4  30.7 2.94E-03 000.3 133.1  47.6 1.084211 0.706161 1.422323 hargrave 2021-03-25 21:59:41 
AF 200 299.2  30.6 299.2  30.6 2.82E-03 000.3 133.1  47.8 1.080080 0.749431 1.332585 hargrave 2021-03-25 22:01:01 
AF 250 299.1  30.4 299.1  30.4 2.46E-03 000.4 132.9  48.0 0.950014 0.650070 1.189248 hargrave 2021-03-25 22:02:20 
AF 300 299.2  30.3 299.2  30.3 2.08E-03 000.3 132.7  48.0 0.742954 0.513817 1.004315 hargrave 2021-03-25 22:03:39 
AF 350 299.3  30.3 299.3  30.3 1.74E-03 000.3 132.6  48.0 0.636522 0.408358 0.834867 hargrave 2021-03-25 22:04:58 
AF 400 299.3  30.1 299.3  30.1 1.49E-03 000.3 132.5  48.1 0.527655 0.358389 0.711888 hargrave 2021-03-25 22:06:17 
AF 450 299.2  30.3 299.2  30.3 1.31E-03 000.3 132.7  48.0 0.503523 0.336532 0.635374 hargrave 2021-03-25 22:07:36 
AF 500 298.7  30.3 298.7  30.3 1.17E-03 000.3 133.1  48.4 0.416103 0.285537 0.549823 hargrave 2021-03-25 22:08:56 
AF 550 298.5  30.4 298.5  30.4 1.07E-03 000.3 133.3  48.4 0.380367 0.254333 0.518251 hargrave 2021-03-25 22:10:15 
AF 600 298.2  30.6 298.2  30.6 9.87E-04 000.3 133.8  48.5 0.390016 0.221337 0.453517 hargrave 2021-03-25 22:11:34 
AF 650 298.4  30.9 298.4  30.9 9.27E-04 000.3 134.1  48.2 0.366319 0.203566 0.439726 hargrave 2021-03-25 22:12:53 
AF 700 297.9  31.1 297.9  31.1 8.83E-04 000.3 134.6  48.5 0.333145 0.209203 0.406869 hargrave 2021-03-25 22:14:13 
AF 750 298.0  30.9 298.0  30.9 8.41E-04 000.4 134.3  48.5 0.333586 0.205619 0.404498 hargrave 2021-03-25 22:15:33 
AF 800 297.7  31.4 297.7  31.4 8.12E-04 000.3 135.1  48.5 0.287611 0.188162 0.379893 hargrave 2021-03-25 22:16:52 
AF 850 297.1  30.8 297.1  30.8 7.95E-04 000.3 134.9  49.3 0.311309 0.193232 0.376740 hargrave 2021-03-25 22:18:11 
AF 900 297.6  31.2 297.6  31.2 7.74E-04 000.3 135.0  48.7 0.305972 0.154486 0.371209 hargrave 2021-03-25 22:19:31 
AF 950 297.5  31.4 297.5  31.4 7.54E-04 000.3 135.3  48.7 0.259869 0.167948 0.362698 hargrave 2021-03-25 22:20:51 
AF1000 297.3  31.5 297.3  31.5 7.39E-04 000.3 135.6  48.7 0.278564 0.168090 0.352439 hargrave 2021-03-25 22:22:10 
AF1050 297.1  31.7 297.1  31.7 7.30E-04 000.3 136.0  48.7 0.268094 0.177539 0.350831 hargrave 2021-03-25 22:23:30 
AF1100 296.7  30.9 296.7  30.9 7.29E-04 000.3 135.2  49.5 0.254663 0.160579 0.341393 hargrave 2021-03-25 22:24:50 
AF1150 296.9  31.6 296.9  31.6 7.14E-04 000.3 136.0  48.9 0.251417 0.157458 0.339350 hargrave 2021-03-25 22:26:10 
AF1200 296.4  31.3 296.4  31.3 7.10E-04 000.4 136.1  49.4 0.281553 0.191703 0.332034 hargrave 2021-03-25 22:27:32 
AF1250 296.2  30.9 296.2  30.9 7.02E-04 000.3 135.7  49.8 0.251855 0.179870 0.327442 hargrave 2021-03-25 22:28:53 
AF1300 296.6  31.3 296.6  31.3 6.86E-04 000.3 135.9  49.3 0.225853 0.161949 0.323975 hargrave 2021-03-25 22:30:15 
