TP1- 6b mag compass orientation (IGRF corrected)
      0  -0.5  89.0   0.0   0.0   1.0
NRM    304.8  27.6 304.8  27.6 4.88E-03 000.5 131.3  47.0 2.100644 2.325563 2.558463 hargrave 2021-03-25 22:31:38 
AF  10 305.1  27.4 305.1  27.4 4.85E-03 000.4 130.9  46.9 1.918927 1.996959 2.534013 hargrave 2021-03-25 22:33:46 
AF  20 305.3  26.9 305.3  26.9 4.79E-03 000.4 130.2  46.9 1.954797 1.796961 2.488349 hargrave 2021-03-25 22:35:05 
AF  30 305.4  26.5 305.4  26.5 4.72E-03 000.4 129.5  47.1 1.865020 1.761986 2.436326 hargrave 2021-03-25 22:36:24 
AF  40 305.4  25.9 305.4  25.9 4.64E-03 000.4 128.8  47.4 1.890148 1.685061 2.399914 hargrave 2021-03-25 22:37:43 
AF  50 305.3  25.5 305.3  25.5 4.56E-03 000.4 128.3  47.7 1.897291 1.644875 2.340374 hargrave 2021-03-25 22:39:02 
AF  60 305.1  25.0 305.1  25.0 4.47E-03 000.4 127.8  48.1 1.907675 1.677125 2.258840 hargrave 2021-03-25 22:40:21 
AF  70 305.0  24.6 305.0  24.6 4.37E-03 000.4 127.4  48.4 1.723349 1.531025 2.211748 hargrave 2021-03-25 22:41:40 
AF  80 304.8  24.2 304.8  24.2 4.25E-03 000.4 127.0  48.7 1.792187 1.515819 2.158257 hargrave 2021-03-25 22:43:50 
AF  90 304.5  23.8 304.5  23.8 4.11E-03 000.4 126.7  49.1 1.575289 1.339804 2.052083 hargrave 2021-03-25 22:45:09 
AF 100 304.4  23.5 304.4  23.5 3.97E-03 000.4 126.3  49.3 1.503190 1.341912 1.966155 hargrave 2021-03-25 22:46:28 
AF 120 304.1  23.1 304.1  23.1 3.69E-03 000.4 125.9  49.8 1.483530 1.302646 1.830847 hargrave 2021-03-25 22:47:47 
AF 140 304.0  22.7 304.0  22.7 3.40E-03 000.4 125.4  50.1 1.382889 1.170537 1.669013 hargrave 2021-03-25 22:49:06 
AF 160 303.9  22.4 303.9  22.4 3.12E-03 000.4 125.2  50.3 1.219719 1.048997 1.515953 hargrave 2021-03-25 22:50:25 
AF 180 303.8  22.3 303.8  22.3 2.87E-03 000.4 125.1  50.4 1.174320 0.982993 1.395939 hargrave 2021-03-25 22:51:44 
AF 200 303.6  22.1 303.6  22.1 2.65E-03 000.4 124.9  50.7 1.049506 0.922855 1.286665 hargrave 2021-03-25 22:53:03 
AF 250 303.4  21.6 303.4  21.6 2.18E-03 000.4 124.3  51.1 0.887336 0.737314 1.046803 hargrave 2021-03-25 22:54:22 
AF 300 303.2  21.0 303.2  21.0 1.78E-03 000.4 123.7  51.5 0.736798 0.594942 0.842042 hargrave 2021-03-25 22:55:42 
AF 350 303.1  20.9 303.1  20.9 1.44E-03 000.4 123.7  51.6 0.569289 0.455931 0.699076 hargrave 2021-03-25 22:57:01 
AF 400 303.3  20.9 303.3  20.9 1.18E-03 000.4 123.4  51.5 0.520708 0.393343 0.556058 hargrave 2021-03-25 22:58:20 
AF 450 303.1  20.4 303.1  20.4 9.83E-04 000.4 122.8  51.9 0.422185 0.303747 0.455870 hargrave 2021-03-25 22:59:40 
AF 500 303.8  20.5 303.8  20.5 8.23E-04 000.4 122.6  51.2 0.367483 0.276268 0.383141 hargrave 2021-03-25 23:00:59 
AF 550 303.7  20.2 303.7  20.2 7.06E-04 000.4 122.2  51.5 0.285235 0.214757 0.342400 hargrave 2021-03-25 23:02:19 
AF 600 303.6  20.2 303.6  20.2 6.02E-04 000.4 122.1  51.5 0.273111 0.176190 0.286225 hargrave 2021-03-25 23:03:38 
AF 650 304.9  19.7 304.9  19.7 5.40E-04 000.4 120.6  50.7 0.267290 0.156248 0.272687 hargrave 2021-03-25 23:04:58 
AF 700 304.8  20.4 304.8  20.4 4.85E-04 000.4 121.8  50.4 0.198007 0.134508 0.238563 hargrave 2021-03-25 23:06:18 
AF 750 305.8  20.1 305.8  20.1 4.37E-04 000.4 120.8  49.7 0.197456 0.120949 0.218793 hargrave 2021-03-25 23:07:38 
AF 800 307.4  19.4 307.4  19.4 3.95E-04 000.4 118.9  48.6 0.207055 0.136780 0.204453 hargrave 2021-03-25 23:08:58 
AF 850 307.1  18.6 307.1  18.6 3.91E-04 000.4 117.9  49.1 0.202641 0.098690 0.201153 hargrave 2021-03-25 23:10:18 
AF 900 307.2  18.6 307.2  18.6 3.62E-04 000.4 117.9  49.1 0.170190 0.078806 0.178728 hargrave 2021-03-25 23:11:38 
AF 950 307.9  18.6 307.9  18.6 3.38E-04 000.4 117.4  48.4 0.153073 0.084249 0.173251 hargrave 2021-03-25 23:12:58 
AF1000 307.1  18.5 307.1  18.5 3.16E-04 000.3 117.7  49.2 0.128579 0.066085 0.155999 hargrave 2021-03-25 23:14:18 
AF1050 309.6  18.1 309.6  18.1 3.04E-04 000.4 116.0  47.0 0.162164 0.050068 0.157197 hargrave 2021-03-25 23:15:39 
AF1100 309.3  17.0 309.3  17.0 3.03E-04 000.4 114.5  47.7 0.128431 0.056147 0.158556 hargrave 2021-03-25 23:17:00 
AF1150 308.5  15.5 308.5  15.5 2.82E-04 000.4 112.7  48.9 0.128897 0.061394 0.141057 hargrave 2021-03-25 23:18:21 
AF1200 311.1  17.6 311.1  17.6 2.77E-04 000.4 114.6  45.9 0.129126 0.052734 0.148902 hargrave 2021-03-25 23:19:43 
AF1250 307.5  15.0 307.5  15.0 2.67E-04 000.4 112.5  49.9 0.161910 0.055258 0.130102 hargrave 2021-03-25 23:21:05 
AF1300 310.9  14.2 310.9  14.2 2.66E-04 000.4 109.9  47.0 0.125996 0.049353 0.135338 hargrave 2021-03-25 23:22:27 
