TP1- 9a mag compass orientation (IGRF corrected)
      0 315.5  78.0   0.0   0.0   1.0
NRM    301.8  43.5 301.8  43.5 3.40E-03 000.5 132.2  18.1 0.485312 1.510734 2.614668 hargrave 2021-04-14 10:53:09 
AF  10 302.5  43.8 302.5  43.8 3.39E-03 000.5 132.5  17.6 0.508183 1.497520 2.589965 hargrave 2021-04-14 10:54:30 
AF  20 302.7  43.9 302.7  43.9 3.39E-03 000.5 132.5  17.5 0.517884 1.527125 2.629413 hargrave 2021-04-14 10:55:51 
AF  30 302.7  43.9 302.7  43.9 3.38E-03 000.5 132.6  17.4 0.473597 1.531335 2.608752 hargrave 2021-04-14 10:57:12 
AF  40 302.8  43.9 302.8  43.9 3.37E-03 000.5 132.6  17.4 0.487072 1.469325 2.577549 hargrave 2021-04-14 10:58:32 
AF  50 302.8  43.9 302.8  43.9 3.36E-03 000.5 132.6  17.4 0.480263 1.493091 2.603567 hargrave 2021-04-14 10:59:53 
AF  60 302.8  43.8 302.8  43.8 3.34E-03 000.5 132.5  17.4 0.893269 1.491705 2.569508 hargrave 2021-04-14 11:01:14 
AF  70 302.8  43.9 302.8  43.9 3.32E-03 000.5 132.5  17.4 0.468335 1.469875 2.555932 hargrave 2021-04-14 11:02:35 
AF  80 302.8  43.8 302.8  43.8 3.29E-03 000.5 132.5  17.4 0.457294 1.459535 2.552128 hargrave 2021-04-14 11:03:58 
AF  90 302.8  43.8 302.8  43.8 3.26E-03 000.5 132.4  17.4 0.466363 1.442084 2.518263 hargrave 2021-04-14 11:05:19 
AF 100 302.8  43.7 302.8  43.7 3.22E-03 000.5 132.4  17.4 0.485186 1.413551 2.480586 hargrave 2021-04-14 11:06:40 
AF 120 302.7  43.7 302.7  43.7 3.12E-03 000.5 132.3  17.5 0.491919 1.419228 2.416456 hargrave 2021-04-14 11:08:01 
AF 140 302.8  43.7 302.8  43.7 3.01E-03 000.5 132.3  17.4 0.453028 1.300355 2.314158 hargrave 2021-04-14 11:09:22 
AF 160 302.8  43.7 302.8  43.7 2.90E-03 000.5 132.4  17.4 0.450717 1.262384 2.224448 hargrave 2021-04-14 11:10:43 
AF 180 302.9  43.7 302.9  43.7 2.79E-03 000.5 132.3  17.3 0.404803 1.206466 2.132443 hargrave 2021-04-14 11:12:03 
AF 200 302.9  43.6 302.9  43.6 2.66E-03 000.5 132.3  17.4 0.394708 1.120925 2.071451 hargrave 2021-04-14 11:13:25 
AF 250 302.7  43.6 302.7  43.6 2.38E-03 000.5 132.2  17.5 0.372560 1.003395 1.844034 hargrave 2021-04-14 11:14:47 
AF 300 302.8  43.6 302.8  43.6 2.07E-03 000.5 132.3  17.4 0.351696 0.911305 1.594256 hargrave 2021-04-14 11:16:08 
AF 350 302.7  43.5 302.7  43.5 1.78E-03 000.5 132.1  17.5 0.302707 0.750136 1.401561 hargrave 2021-04-14 11:17:29 
AF 400 302.8  43.2 302.8  43.2 1.55E-03 000.5 131.8  17.4 0.268402 0.651608 1.198417 hargrave 2021-04-14 11:18:51 
AF 450 302.9  43.2 302.9  43.2 1.36E-03 000.5 131.8  17.3 0.238339 0.560017 1.068695 hargrave 2021-04-14 11:20:12 
AF 500 302.7  42.6 302.7  42.6 1.22E-03 000.5 131.2  17.5 0.231246 0.540055 0.948588 hargrave 2021-04-14 11:21:33 
AF 550 302.5  42.8 302.5  42.8 1.11E-03 000.5 131.4  17.6 0.197107 0.487261 0.873369 hargrave 2021-04-14 11:22:54 
AF 600 303.5  42.8 303.5  42.8 1.04E-03 000.5 131.4  16.9 0.164982 0.428547 0.798686 hargrave 2021-04-14 11:24:16 
AF 650 302.7  42.6 302.7  42.6 9.79E-04 000.5 131.2  17.5 0.169216 0.377691 0.765052 hargrave 2021-04-14 11:25:37 
AF 700 302.2  42.8 302.2  42.8 9.39E-04 000.5 131.4  17.8 0.205952 0.391995 0.733081 hargrave 2021-04-14 11:26:58 
AF 750 301.9  42.4 301.9  42.4 8.99E-04 000.5 131.0  18.1 0.161883 0.385965 0.701949 hargrave 2021-04-14 11:28:20 
AF 800 302.1  42.2 302.1  42.2 8.71E-04 000.5 130.7  17.9 0.150984 0.368395 0.666108 hargrave 2021-04-14 11:29:41 
AF 850 301.7  42.1 301.7  42.1 8.53E-04 000.5 130.7  18.2 0.158570 0.374367 0.655870 hargrave 2021-04-14 11:31:03 
AF 900 302.1  41.6 302.1  41.6 8.32E-04 000.5 130.1  17.9 0.136668 0.338988 0.651068 hargrave 2021-04-14 11:32:25 
AF 950 301.6  42.4 301.6  42.4 8.18E-04 000.5 131.0  18.3 0.137754 0.334690 0.639370 hargrave 2021-04-14 11:33:47 
AF1000 301.7  42.2 301.7  42.2 7.98E-04 000.5 130.7  18.2 0.161011 0.349968 0.609972 hargrave 2021-04-14 11:35:09 
AF1050 301.1  42.0 301.1  42.0 7.87E-04 000.5 130.5  18.7 0.146694 0.316976 0.597185 hargrave 2021-04-14 11:36:31 
AF1100 301.5  42.1 301.5  42.1 7.83E-04 000.5 130.7  18.3 0.146889 0.325636 0.609695 hargrave 2021-04-14 11:37:53 
AF1150 301.4  41.4 301.4  41.4 7.71E-04 000.5 129.9  18.5 0.121353 0.309902 0.595789 hargrave 2021-04-14 11:39:16 
AF1200 300.1  41.7 300.1  41.7 7.58E-04 000.5 130.3  19.4 0.141904 0.329654 0.575669 hargrave 2021-04-14 11:40:39 
AF1250 301.4  41.5 301.4  41.5 7.52E-04 000.5 130.1  18.4 0.132395 0.326420 0.583187 hargrave 2021-04-14 11:42:02 
AF1300 300.8  41.6 300.8  41.6 7.46E-04 000.5 130.1  18.9 0.158679 0.294735 0.577731 hargrave 2021-04-14 11:43:26 
