CF- 136a sun compass orientation
   62.8   9.6  90.0   0.0   0.0   1.0
NRM    320.3  66.6 320.3  66.6 5.54E-04 003.1 164.2  17.5 0.850358 0.277230 2.826581 hargrave 2020-12-20 21:54:27 
TT 100 329.8  59.1 329.8  59.1 4.82E-04 003.9 155.3  19.2 0.617309 1.702566 2.732756 hargrave 2020-12-22 19:45:54 
TT 200 304.0  56.8 304.0  56.8 3.32E-04 005.5 164.9  29.9 0.338992 2.759054 1.604519 hargrave 2020-12-29 17:26:54 
TT 300 302.4  49.4 302.4  49.4 2.34E-04 006.9 161.6  36.8 1.545978 2.141464 1.014931 hargrave 2020-12-30 13:23:15 
TT 400 302.1  46.2 302.1  46.2 1.67E-04 004.5 159.9  39.7 0.932763 0.503541 0.766863 hargrave 2021-01-01 18:09:09 
TT 450 293.4  49.6 293.4  49.6 1.53E-04 004.3 168.5  39.0 0.701696 0.681133 0.631430 hargrave 2021-01-02 12:59:19 
TT 500 304.4  47.7 304.4  47.7 1.39E-04 003.3 159.1  37.6 0.502538 0.316274 0.572969 hargrave 2021-01-03 10:51:37 
TT 525 306.2  47.2 306.2  47.2 1.32E-04 003.6 157.5  37.4 0.437598 0.456573 0.562086 hargrave 2021-01-03 17:21:34 
TT 550 295.9  45.2 295.9  45.2 1.15E-04 003.6 164.5  42.5 0.530920 0.217982 0.450925 hargrave 2021-01-03 23:08:30 
TT 560 298.7  45.2 298.7  45.2 1.08E-04 003.2 162.0  41.7 0.348306 0.277272 0.413239 hargrave 2021-01-07 22:00:50 
TT 570 301.7  42.6 301.7  42.6 9.22E-05 003.3 157.8  43.0 0.404981 0.211526 0.294894 hargrave 2021-01-19 16:53:01 
TT 580 287.6  15.2 287.6  15.2 1.04E-04 023.3 152.8  72.9 2.405714 2.125695 3.986224 hargrave 2021-01-24 14:03:09 
TT 580 285.4  16.5 285.4  16.5 1.04E-04 023.1 161.2  72.5 2.655180 1.702252 3.995086 hargrave 2021-01-24 14:28:51 
TT 580 304.5  40.3 304.5  40.3 8.73E-05 002.2 153.5  43.8 0.252523 0.129021 0.202386 hargrave 2021-01-24 15:02:17 
TT 590 300.1  38.7 300.1  38.7 8.13E-05 003.9 156.3  46.9 0.213355 0.421873 0.304037 hargrave 2021-01-28 12:49:50 
TT 600 298.2  37.2 298.2  37.2 7.51E-05 004.3 157.2  49.0 0.274806 0.436398 0.253747 hargrave 2021-01-29 10:42:47 
TT 610 297.1  31.6 297.1  31.6 6.84E-05 003.6 154.0  54.4 0.162464 0.359830 0.168681 hargrave 2021-01-29 17:19:49 
TT 620 299.2  30.7 299.2  30.7 5.99E-05 003.0 150.5  54.1 0.144133 0.244903 0.154783 hargrave 2021-01-31 16:04:57 
TT 630 292.5  30.3 292.5  30.3 5.47E-05 003.2 159.0  57.3 0.262180 0.090552 0.145534 hargrave 2021-02-02 11:04:42 
TT 640 290.8  27.5 290.8  27.5 4.88E-05 003.6 159.6  60.5 0.281257 0.089693 0.113399 hargrave 2021-02-02 18:30:38 
TT 650 289.4  27.4 289.4  27.4 4.53E-05 003.5 161.8  61.1 0.252954 0.100996 0.099837 hargrave 2021-02-04 12:02:28 
TT 660 292.8  26.1 292.8  26.1 3.43E-05 003.9 155.0  61.0 0.166296 0.149933 0.085163 hargrave 2021-02-04 18:45:12 
TT 664 294.0  25.3 294.0  25.3 3.16E-05 003.7 152.3  61.2 0.189074 0.061537 0.061814 hargrave 2021-02-05 14:50:38 
TT 668 289.8  28.9 289.8  28.9 2.92E-05 003.5 162.2  59.5 0.158942 0.074354 0.054819 hargrave 2021-02-05 20:43:14 
TT 672 298.7  11.8 298.7  11.8 2.21E-05 003.2 122.6  67.7 0.085327 0.096617 0.016157 hargrave 2021-02-06 16:42:18 
TT 674 299.3  17.1 299.3  17.1 2.54E-05 004.1 132.3  64.2 0.173337 0.058687 0.031550 hargrave 2021-02-07 19:07:17 
TT 676 292.4  36.1 292.4  36.1 2.52E-05 003.3 163.1  52.0 0.128110 0.033221 0.068381 hargrave 2021-02-09 14:09:36 
TT 678 295.0  32.5 295.0  32.5 2.03E-05 003.1 157.4  54.4 0.084023 0.069622 0.035491 hargrave 2021-02-11 14:44:34 
TT 680 274.1  36.4 274.1  36.4 1.61E-05 002.9 187.4  53.2 0.058261 0.057605 0.020879 hargrave 2021-02-11 21:23:33 
TT 682 297.0  26.4 297.0  26.4 1.80E-05 003.2 149.0  58.7 0.097753 0.025227 0.027230 hargrave 2021-02-12 15:06:25 
TT 684 259.0  29.5 259.0  29.5 1.21E-05 002.6 211.9  54.6 0.044875 0.029554 0.013247 hargrave 2021-02-13 14:37:23 
TT 687 282.7  76.3 282.7  76.3 5.37E-06 017.1 179.2  13.6 0.230186 0.097478 0.051990 hargrave 2021-02-13 19:32:57 
TT 687 217.0  80.2 217.0  80.2 7.47E-06 004.3 188.7  04.5 0.019807 0.049931 0.024505 hargrave 2021-02-13 20:10:29 
