CF- 105a mag compass orientation (IGRF corrected)
  48.95  -1.5  80.0   0.0   0.0   1.0
NRM    333.2  61.6 333.2  61.6 4.46E-04 003.2 152.6  20.7 1.159530 2.164932 0.221364 hargrave 2020-12-20 20:58:08 
TT 100 324.8  61.6 324.8  61.6 4.24E-04 001.7 154.2  24.4 0.650700 1.011507 0.337769 hargrave 2020-12-22 19:01:31 
TT 200 309.0  53.6 309.0  53.6 2.91E-04 003.5 151.7  35.7 0.958456 1.519936 0.173294 hargrave 2020-12-29 16:40:00 
TT 300 300.7  49.1 300.7  49.1 2.06E-04 001.5 151.7  42.6 0.295770 0.429747 0.081144 hargrave 2020-12-30 12:25:19 
TT 400 300.1  44.5 300.1  44.5 1.40E-04 002.3 147.3  46.1 0.343864 0.453004 0.088137 hargrave 2021-01-01 17:11:40 
TT 450 298.6  45.0 298.6  45.0 1.22E-04 001.7 149.0  46.5 0.248589 0.278759 0.043759 hargrave 2021-01-02 11:59:21 
TT 500 298.0  42.8 298.0  42.8 1.01E-04 003.1 147.1  48.3 0.329343 0.439377 0.038692 hargrave 2021-01-02 19:16:46 
TT 525 294.4  40.8 294.4  40.8 9.44E-05 002.3 147.8  51.6 0.215529 0.306791 0.033187 hargrave 2021-01-03 16:34:17 
TT 550 297.7  41.1 297.7  41.1 8.37E-05 002.2 145.4  49.6 0.179839 0.265200 0.024777 hargrave 2021-01-03 22:21:56 
TT 560 299.5  37.8 299.5  37.8 7.92E-05 004.6 140.0  50.7 0.435310 0.474981 0.034984 hargrave 2021-01-07 21:07:04 
TT 570 293.2  41.0 293.2  41.0 7.20E-05 003.0 149.2  52.1 0.186463 0.329763 0.041450 hargrave 2021-01-19 16:07:25 
TT 580 295.6  39.7 295.6  39.7 6.25E-05 001.0 145.5  51.8 0.054690 0.079194 0.066031 hargrave 2021-01-24 13:09:05 
TT 590 287.6  41.0 287.6  41.0 6.02E-05 001.5 154.7  54.7 0.102172 0.127985 0.023021 hargrave 2021-01-28 11:54:46 
TT 600 284.2  38.2 284.2  38.2 5.18E-05 001.8 155.9  58.5 0.083731 0.149830 0.014481 hargrave 2021-01-29 09:48:14 
TT 610 299.7  32.5 299.7  32.5 4.53E-05 001.5 132.8  53.5 0.104065 0.065328 0.027249 hargrave 2021-01-29 16:25:44 
TT 620 281.1  41.0 281.1  41.0 3.74E-05 002.6 162.3  57.1 0.097825 0.152612 0.023752 hargrave 2021-01-31 15:19:33 
TT 630 298.7  17.3 298.7  17.3 3.62E-05 001.7 107.3  59.8 0.100894 0.052813 0.016915 hargrave 2021-02-02 10:10:11 
TT 640 287.6  41.7 287.6  41.7 2.89E-05 001.7 155.4  54.2 0.059316 0.064564 0.012751 hargrave 2021-02-02 17:37:37 
TT 650 306.4  30.4 306.4  30.4 3.11E-05 001.2 125.7  49.3 0.048926 0.054795 0.011285 hargrave 2021-02-04 11:09:11 
TT 660 304.5  38.3 304.5  38.3 2.58E-05 001.6 137.4  47.1 0.081181 0.028847 0.009144 hargrave 2021-02-04 17:52:47 
TT 664 266.6  14.5 266.6  14.5 1.92E-05 001.6 202.5  85.1 0.043649 0.034880 0.018663 hargrave 2021-02-05 13:57:49 
TT 668 294.8  54.0 294.8  54.0 2.03E-05 002.0 159.7  41.3 0.039606 0.067407 0.011696 hargrave 2021-02-05 19:52:22 
TT 672 285.4  04.3 285.4  04.3 1.51E-05 001.1 072.4  72.3 0.023250 0.015227 0.010482 hargrave 2021-02-06 15:51:06 
TT 674 268.1  11.6 268.1  11.6 1.24E-05 000.9 194.5  88.4 0.017642 0.007139 0.024502 hargrave 2021-02-07 18:16:07 
TT 676 292.8  07.4 292.8  07.4 1.51E-05 000.9 085.7  65.9 0.018956 0.015639 0.006248 hargrave 2021-02-09 13:17:33 
TT 678 239.5  11.9 239.5  11.9 1.47E-05 001.0 263.5  61.4 0.024504 0.010928 0.003713 hargrave 2021-02-11 13:52:57 
TT 680 293.1 -03.1 293.1 -03.1 1.08E-05 001.7 063.1  62.2 0.024758 0.019577 0.005059 hargrave 2021-02-11 20:32:19 
TT 682 234.0  53.4 234.0  53.4 1.24E-05 001.7 205.6  38.6 0.021130 0.033507 0.009277 hargrave 2021-02-12 14:15:41 
