CF- 164a mag compass orientation (IGRF corrected)
   79.6 355.5  82.0   0.0   0.0   1.0
NRM    288.4  27.3 288.4  27.3 5.53E-04 000.8 134.5  61.0 0.734020 0.223714 0.221501 hargrave 2021-01-09 13:30:46 
TT 100 288.4  27.5 288.4  27.5 5.41E-04 001.8 134.9  60.8 1.001179 1.372174 0.199114 hargrave 2021-01-09 17:25:58 
TT 200 289.9  25.8 289.9  25.8 5.27E-04 000.9 130.3  60.7 0.447942 0.619038 0.195408 hargrave 2021-01-10 13:23:10 
TT 300 290.5  26.6 290.5  26.6 4.58E-04 002.8 131.2  59.9 1.586431 1.538969 0.169130 hargrave 2021-01-10 17:40:46 
TT 400 290.2  27.9 290.2  27.9 3.93E-04 002.6 133.7  59.4 1.165250 1.350187 0.138932 hargrave 2021-01-11 13:57:26 
TT 450 291.4  27.2 291.4  27.2 3.66E-04 002.0 131.3  58.9 1.028075 0.717602 0.161688 hargrave 2021-01-11 19:03:57 
TT 500 290.9  27.7 290.9  27.7 3.34E-04 000.6 132.6  59.0 0.215269 0.234863 0.134658 hargrave 2021-01-12 15:37:09 
TT 525 289.3  29.4 289.3  29.4 3.19E-04 000.8 136.8  59.1 0.196430 0.380338 0.164445 hargrave 2021-01-13 09:31:03 
TT 550 291.4  27.2 291.4  27.2 2.95E-04 000.6 131.3  58.8 0.208825 0.236889 0.136151 hargrave 2021-01-13 17:14:33 
TT 560 291.1  28.4 291.1  28.4 2.84E-04 002.0 133.6  58.4 0.463076 0.902000 0.116830 hargrave 2021-01-23 16:05:40 
TT 570 289.4  30.0 289.4  30.0 2.72E-04 001.6 137.7  58.6 0.593016 0.455483 0.166843 hargrave 2021-01-24 17:31:31 
TT 570 289.5  30.0 289.5  30.0 2.72E-04 001.5 137.5  58.6 0.566092 0.403972 0.174792 hargrave 2021-01-24 18:47:17 
TT 580 293.8  24.6 293.8  24.6 2.65E-04 004.5 125.0  58.2 1.699284 1.202021 0.090387 hargrave 2021-01-28 15:35:50 
TT 590 288.8  29.5 288.8  29.5 2.60E-04 000.5 137.5  59.3 0.093898 0.166315 0.092727 hargrave 2021-01-29 13:42:42 
TT 600 290.1  29.2 290.1  29.2 2.51E-04 000.9 135.8  58.6 0.321543 0.183318 0.093456 hargrave 2021-01-31 12:19:49 
TT 610 290.2  28.5 290.2  28.5 2.43E-04 001.5 134.6  59.0 0.324585 0.541302 0.133722 hargrave 2021-01-31 20:22:16 
TT 620 292.0  28.1 292.0  28.1 2.36E-04 000.5 132.2  57.9 0.119266 0.150839 0.108865 hargrave 2021-02-02 14:03:53 
TT 630 291.3  29.0 291.3  29.0 2.35E-04 000.8 134.3  57.9 0.083641 0.296019 0.108468 hargrave 2021-02-03 20:37:11 
TT 640 292.1  27.9 292.1  27.9 2.23E-04 002.3 131.8  58.0 0.727702 0.491516 0.084703 hargrave 2021-02-04 14:39:16 
TT 650 291.8  28.7 291.8  28.7 2.14E-04 000.6 133.3  57.7 0.086135 0.174388 0.100846 hargrave 2021-02-05 09:21:03 
TT 660 291.5  29.1 291.5  29.1 2.00E-04 000.5 134.2  57.7 0.133922 0.076240 0.089924 hargrave 2021-02-05 17:25:47 
TT 664 292.0  28.2 292.0  28.2 1.87E-04 000.7 132.4  57.8 0.206084 0.054186 0.070893 hargrave 2021-02-06 11:05:22 
TT 668 291.8  29.2 291.8  29.2 1.71E-04 001.2 134.1  57.4 0.259979 0.266948 0.093460 hargrave 2021-02-07 13:44:27 
TT 672 291.8  29.5 291.8  29.5 1.28E-04 003.1 134.5  57.3 0.576608 0.374932 0.050085 hargrave 2021-02-09 18:17:43 
TT 674 291.7  28.3 291.7  28.3 1.23E-04 000.8 132.8  58.1 0.134985 0.104485 0.033844 hargrave 2021-02-11 18:03:26 
TT 676 291.3  29.0 291.3  29.0 1.11E-04 001.6 134.2  58.0 0.234832 0.209753 0.042352 hargrave 2021-02-12 11:52:40 
TT 678 290.8  30.0 290.8  30.0 9.73E-05 000.7 136.2  57.6 0.100685 0.061901 0.025794 hargrave 2021-02-13 11:42:21 
TT 680 292.4  28.3 292.4  28.3 6.82E-05 000.8 132.2  57.6 0.066711 0.069416 0.024082 hargrave 2021-02-13 16:36:04 
TT 682 290.7  31.5 290.7  31.5 5.36E-05 001.1 138.5  56.8 0.078780 0.061967 0.020706 hargrave 2021-02-16 11:12:14 
TT 684 294.6  27.0 294.6  27.0 2.39E-05 067.1 128.2  56.5 0.872754 1.107548 2.127342 hargrave 2021-02-16 17:29:31 
TT 684 291.6  31.4 291.6  31.4 4.79E-05 003.0 137.5  56.3 0.150231 0.210064 0.018890 hargrave 2021-02-16 18:28:37 
