CF- 115a mag compass orientation (IGRF corrected)
   53.4  23.5  92.0   0.0   0.0   1.0
NRM    295.6  36.7 295.6  36.7 4.76E-04 000.6 177.3  51.2 0.220456 0.358197 0.222224 hargrave 2020-12-20 21:15:55 
TT 100 294.9  35.3 294.9  35.3 4.43E-04 002.0 178.2  52.7 0.509418 1.381409 0.368010 hargrave 2020-12-22 19:15:54 
TT 200 290.8  29.2 290.8  29.2 3.88E-04 000.7 184.5  58.7 0.405801 0.155811 0.256869 hargrave 2020-12-29 16:54:34 
TT 300 292.6  26.3 292.6  26.3 3.17E-04 000.6 181.8  61.7 0.209385 0.201363 0.133430 hargrave 2020-12-30 12:43:59 
TT 400 293.5  24.7 293.5  24.7 1.24E-04 057.6 180.0  63.3 5.970299 0.051539 11.84569 hargrave 2021-01-01 17:28:15 
TT 400 290.6  27.5 290.6  27.5 1.25E-04 080.8 185.2  60.4 6.567169 0.595828 11.60369 hargrave 2021-01-01 19:10:13 
TT 400 293.8  24.3 293.8  24.3 2.49E-04 001.1 179.4  63.7 0.128991 0.439446 0.058876 hargrave 2021-01-01 19:47:50 
TT 450 292.2  24.3 292.2  24.3 2.19E-04 001.9 182.7  63.7 0.132699 0.729310 0.078726 hargrave 2021-01-02 12:18:36 
TT 500 291.5  23.5 291.5  23.5 9.68E-05 069.0 184.4  64.4 4.454426 0.342213 9.333654 hargrave 2021-01-02 19:33:58 
TT 525 319.4  35.4 319.4  35.4 1.53E-04 001.4 149.5  45.5 0.264235 0.141446 0.243746 hargrave 2021-01-03 16:49:26 
TT 550 292.7  22.4 292.7  22.4 1.67E-04 002.4 181.8  65.6 0.135370 0.696073 0.070250 hargrave 2021-01-03 22:36:22 
TT 560 294.4  22.2 294.4  22.2 1.61E-04 001.4 177.9  65.8 0.147469 0.363129 0.041127 hargrave 2021-01-07 21:24:03 
TT 570 294.2  21.7 294.2  21.7 1.50E-04 002.3 178.4  66.3 0.079400 0.602228 0.040707 hargrave 2021-01-19 16:21:44 
TT 580 295.5  21.1 295.5  21.1 1.41E-04 001.7 175.2  66.8 0.328526 0.195063 0.162515 hargrave 2021-01-24 13:26:07 
TT 590 295.8  20.3 295.8  20.3 1.39E-04 001.6 174.3  67.6 0.094189 0.373435 0.060835 hargrave 2021-01-28 12:11:55 
TT 600 292.7  21.4 292.7  21.4 1.28E-04 001.3 181.9  66.5 0.142962 0.261226 0.058309 hargrave 2021-01-29 10:05:33 
TT 610 292.5  19.3 292.5  19.3 1.16E-04 001.3 182.6  68.7 0.163374 0.185270 0.071918 hargrave 2021-01-29 16:42:45 
TT 620 293.7  19.3 293.7  19.3 1.08E-04 000.8 179.5  68.7 0.073936 0.138198 0.020715 hargrave 2021-01-31 15:34:23 
TT 630 292.9  18.0 292.9  18.0 9.65E-05 001.2 181.6  70.0 0.093103 0.175750 0.014875 hargrave 2021-02-02 10:26:50 
TT 640 293.4  16.7 293.4  16.7 8.72E-05 000.8 180.2  71.3 0.105542 0.054123 0.018625 hargrave 2021-02-02 17:54:07 
TT 650 293.7  17.2 293.7  17.2 8.11E-05 000.8 179.5  70.8 0.107588 0.036679 0.014685 hargrave 2021-02-04 11:25:58 
TT 660 296.9  15.3 296.9  15.3 6.74E-05 000.9 169.2  72.3 0.088973 0.060876 0.012180 hargrave 2021-02-04 18:09:20 
TT 664 298.1  16.9 298.1  16.9 5.87E-05 001.0 166.7  70.6 0.098947 0.049057 0.009568 hargrave 2021-02-05 14:14:26 
TT 668 297.9  12.4 297.9  12.4 5.20E-05 001.9 163.1  75.0 0.088875 0.153760 0.008296 hargrave 2021-02-05 20:08:48 
TT 672 298.1  17.5 298.1  17.5 4.58E-05 001.7 167.0  70.0 0.069448 0.121455 0.014031 hargrave 2021-02-06 16:07:43 
TT 674 293.1  15.6 293.1  15.6 4.33E-05 000.8 181.2  72.4 0.062011 0.024402 0.018344 hargrave 2021-02-07 18:32:41 
TT 676 291.7  12.8 291.7  12.8 3.84E-05 001.0 186.8  75.1 0.045528 0.050349 0.017887 hargrave 2021-02-09 13:34:12 
TT 678 295.7  16.8 295.7  16.8 3.66E-05 000.7 173.5  71.1 0.038730 0.026254 0.018902 hargrave 2021-02-11 14:09:41 
TT 680 299.7  15.1 299.7  15.1 2.92E-05 000.9 160.3  71.8 0.023752 0.039035 0.015626 hargrave 2021-02-11 20:48:58 
TT 682 297.2  18.4 297.2  18.4 2.70E-05 001.0 170.1  69.3 0.026049 0.035974 0.014617 hargrave 2021-02-12 14:31:35 
TT 684 347.6  09.2 347.6  09.2 4.86E-06 001.7 102.6  34.9 0.014262 0.007027 0.006229 hargrave 2021-02-13 14:11:33 
TT 687 158.1  76.0 158.1  76.0 3.74E-06 001.5 190.0 -11.9 0.007626 0.008338 0.005571 hargrave 2021-02-13 19:09:55 
