CF- 148a mag compass orientation (IGRF corrected)
   69.9 350.5  84.0   0.0   0.0   1.0
NRM    311.0  56.6 311.0  56.6 3.86E-04 002.1 151.9  25.8 0.695061 1.206023 0.224888 hargrave 2021-01-09 13:06:09 
TT 100 310.8  56.1 310.8  56.1 3.72E-04 001.8 151.4  26.2 0.656749 0.935110 0.232174 hargrave 2021-01-09 17:00:27 
TT 200 306.1  53.3 306.1  53.3 3.05E-04 000.4 150.4  30.0 0.174099 0.083547 0.165476 hargrave 2021-01-10 12:53:38 
TT 300 300.7  46.3 300.7  46.3 2.11E-04 002.0 146.1  36.9 0.348021 0.648594 0.129801 hargrave 2021-01-10 17:10:26 
TT 400 300.7  40.8 300.7  40.8 1.56E-04 002.3 140.3  40.0 0.460662 0.421320 0.075837 hargrave 2021-01-11 13:34:41 
TT 450 295.5  43.0 295.5  43.0 1.37E-04 002.3 145.7  41.8 0.319119 0.451769 0.072763 hargrave 2021-01-11 18:41:24 
TT 500 295.1  36.3 295.1  36.3 1.18E-04 001.9 138.6  46.2 0.211102 0.329487 0.052905 hargrave 2021-01-12 15:13:38 
TT 525 293.4  39.4 293.4  39.4 1.15E-04 000.7 143.2  45.4 0.097271 0.143338 0.052122 hargrave 2021-01-13 09:06:52 
TT 550 295.9  36.6 295.9  36.6 1.02E-04 001.3 138.4  45.5 0.126620 0.203394 0.056401 hargrave 2021-01-13 16:51:07 
TT 560 293.3  38.1 293.3  38.1 9.46E-05 000.7 142.0  46.2 0.063098 0.091065 0.043763 hargrave 2021-01-23 15:37:21 
TT 570 293.4  37.3 293.4  37.3 8.96E-05 001.2 141.0  46.7 0.158752 0.066527 0.106661 hargrave 2021-01-24 17:03:07 
TT 570 293.3  37.3 293.3  37.3 8.95E-05 001.2 141.0  46.8 0.146979 0.075558 0.101928 hargrave 2021-01-24 18:18:57 
TT 580 293.8  35.9 293.8  35.9 8.41E-05 001.6 139.0  47.3 0.171342 0.169733 0.059721 hargrave 2021-01-28 15:07:50 
TT 590 293.0  35.6 293.0  35.6 7.97E-05 001.7 139.3  48.0 0.172201 0.157840 0.057764 hargrave 2021-01-29 13:14:32 
TT 600 298.0  31.9 298.0  31.9 7.40E-05 001.2 131.3  46.5 0.098249 0.129438 0.059523 hargrave 2021-01-31 11:56:09 
TT 610 296.5  32.6 296.5  32.6 6.74E-05 001.7 133.1  47.2 0.118583 0.160245 0.084245 hargrave 2021-01-31 19:58:11 
TT 620 295.1  34.0 295.1  34.0 5.90E-05 003.1 135.9  47.5 0.203184 0.257031 0.035576 hargrave 2021-02-02 13:40:46 
TT 630 295.1  32.4 295.1  32.4 5.91E-05 001.9 133.8  48.3 0.151220 0.169272 0.027422 hargrave 2021-02-03 20:08:38 
TT 640 297.0  26.7 297.0  26.7 4.81E-05 001.2 124.9  49.6 0.085828 0.073313 0.028248 hargrave 2021-02-04 14:11:22 
TT 650 294.4  27.5 294.4  27.5 4.32E-05 002.3 127.7  51.3 0.158241 0.088136 0.017769 hargrave 2021-02-05 08:53:15 
TT 660 295.8  22.5 295.8  22.5 3.63E-05 001.0 119.5  52.1 0.050773 0.066395 0.024619 hargrave 2021-02-05 16:57:50 
TT 664 299.2  29.8 299.2  29.8 2.94E-05 002.3 128.0  46.5 0.110787 0.056191 0.024231 hargrave 2021-02-06 10:37:28 
TT 668 297.0  24.2 297.0  24.2 2.92E-05 001.7 121.4  50.5 0.064832 0.072176 0.023536 hargrave 2021-02-07 13:20:47 
TT 672 298.1  22.4 298.1  22.4 2.39E-05 001.5 118.2  50.2 0.057748 0.046067 0.019260 hargrave 2021-02-09 17:54:50 
TT 674 283.5  31.5 283.5  31.5 2.15E-05 003.0 142.8  56.6 0.063440 0.095786 0.019906 hargrave 2021-02-11 17:40:40 
TT 676 296.6  22.2 296.6  22.2 2.23E-05 002.1 118.7  51.6 0.069577 0.055101 0.019439 hargrave 2021-02-12 11:25:55 
TT 678 294.4  31.3 294.4  31.3 1.78E-05 002.2 132.8  49.4 0.037506 0.063289 0.028558 hargrave 2021-02-13 11:24:45 
TT 680 297.3  06.5 297.3  06.5 1.65E-05 001.2 092.9  53.4 0.032154 0.019839 0.021978 hargrave 2021-02-13 16:18:49 
TT 682 276.5  37.9 276.5  37.9 1.16E-05 001.4 157.7  54.9 0.017543 0.022349 0.006703 hargrave 2021-02-16 10:52:12 
TT 684 306.9  03.0 306.9  03.0 8.60E-06 001.4 088.4  43.7 0.019323 0.009572 0.004668 hargrave 2021-02-16 17:09:57 
