CF- 163a mag compass orientation (IGRF corrected)
   78.7 354.5  73.0   0.0   0.0   1.0
NRM    292.1  50.9 292.1  50.9 4.62E-04 003.1 153.2  49.6 1.935187 1.190402 0.971583 hargrave 2021-01-09 13:29:32 
TT 100 291.5  50.5 291.5  50.5 4.52E-04 002.9 153.2  50.2 1.659955 1.323652 0.815324 hargrave 2021-01-09 17:24:44 
TT 200 286.7  45.9 286.7  45.9 4.00E-04 002.8 152.1  55.7 1.530355 1.050794 0.696590 hargrave 2021-01-10 13:21:39 
TT 300 285.4  38.6 285.4  38.6 3.16E-04 002.2 143.9  61.7 1.090004 0.284121 0.436054 hargrave 2021-01-10 17:39:15 
TT 400 286.2  33.7 286.2  33.7 2.19E-04 002.6 134.8  64.3 0.943159 0.248261 0.269470 hargrave 2021-01-11 13:56:12 
TT 450 286.3  33.4 286.3  33.4 1.95E-04 004.1 134.0  64.4 1.298148 0.431868 0.244617 hargrave 2021-01-11 19:02:43 
TT 500 285.3  31.5 285.3  31.5 1.66E-04 002.2 131.4  66.2 0.594900 0.087086 0.200123 hargrave 2021-01-12 15:35:51 
TT 525 285.6  32.0 285.6  32.0 1.52E-04 002.5 132.1  65.7 0.618729 0.125876 0.203762 hargrave 2021-01-13 09:29:45 
TT 550 286.5  31.5 286.5  31.5 1.33E-04 002.3 130.1  65.3 0.496351 0.144582 0.165054 hargrave 2021-01-13 17:13:16 
TT 560 283.4  30.4 283.4  30.4 1.31E-04 002.3 131.3  68.2 0.499635 0.079700 0.117581 hargrave 2021-01-23 16:04:08 
TT 570 286.1  30.3 286.1  30.3 1.11E-04 001.6 127.9  66.2 0.281876 0.076915 0.095912 hargrave 2021-01-24 17:30:03 
TT 570 286.3  29.9 286.3  29.9 1.11E-04 001.9 126.9  66.2 0.348973 0.035619 0.094139 hargrave 2021-01-24 18:45:49 
TT 580 286.5  27.6 286.5  27.6 1.05E-04 002.0 121.3  67.1 0.351850 0.079172 0.095521 hargrave 2021-01-28 15:34:19 
TT 590 284.9  29.1 284.9  29.1 9.84E-05 001.7 126.6  67.7 0.267952 0.082223 0.085185 hargrave 2021-01-29 13:41:10 
TT 600 282.8  26.2 282.8  26.2 8.61E-05 002.5 121.4  70.7 0.364998 0.084386 0.075118 hargrave 2021-01-31 12:18:33 
TT 610 283.5  26.5 283.5  26.5 7.93E-05 002.1 121.5  70.0 0.269277 0.094433 0.031897 hargrave 2021-01-31 20:21:00 
TT 620 283.8  28.7 283.8  28.7 7.16E-05 002.1 126.8  68.8 0.241548 0.084208 0.079365 hargrave 2021-02-02 14:02:37 
TT 630 288.1  28.2 288.1  28.2 6.96E-05 002.3 121.5  65.6 0.259190 0.068806 0.082275 hargrave 2021-02-03 20:35:42 
TT 640 281.8  26.4 281.8  26.4 5.54E-05 002.7 123.3  71.4 0.251753 0.037555 0.055139 hargrave 2021-02-04 14:37:49 
TT 650 287.7  20.5 287.7  20.5 5.00E-05 002.5 102.7  67.8 0.206756 0.056518 0.035735 hargrave 2021-02-05 09:19:36 
TT 660 284.1  24.9 284.1  24.9 4.31E-05 002.3 116.6  70.1 0.166382 0.049323 0.029405 hargrave 2021-02-05 17:24:20 
TT 664 287.5  24.7 287.5  24.7 3.87E-05 002.2 113.6  67.2 0.138330 0.043767 0.042429 hargrave 2021-02-06 11:03:51 
TT 668 283.6  16.0 283.6  16.0 3.42E-05 003.0 089.8  71.7 0.169527 0.057473 0.023300 hargrave 2021-02-07 13:42:56 
TT 672 291.3  19.3 291.3  19.3 2.73E-05 002.5 099.2  64.5 0.110187 0.047747 0.016732 hargrave 2021-02-09 18:16:34 
TT 674 277.4  19.9 277.4  19.9 2.68E-05 002.4 105.4  77.4 0.101699 0.048152 0.006246 hargrave 2021-02-11 18:02:15 
TT 676 290.4  24.1 290.4  24.1 2.49E-05 001.6 110.6  64.8 0.046134 0.049295 0.016158 hargrave 2021-02-12 11:51:13 
TT 678 282.8  28.6 282.8  28.6 2.28E-05 002.0 127.7  69.6 0.068424 0.038050 0.015645 hargrave 2021-02-13 11:41:05 
TT 680 296.5  30.6 296.5  30.6 1.21E-05 002.5 121.0  57.9 0.048284 0.018911 0.012891 hargrave 2021-02-13 16:34:51 
TT 682 305.7  34.6 305.7  34.6 8.59E-06 003.0 123.7  49.3 0.043068 0.010471 0.011970 hargrave 2021-02-16 11:10:51 
TT 684 008.8  22.1 008.8  22.1 3.06E-09 056.8 115.4 -06.1 0.000117 0.000243 0.000349 hargrave 2021-02-16 17:27:47 
TT 684 299.1  39.4 299.1  39.4 6.24E-06 003.1 133.8  52.5 0.014481 0.031100 0.005629 hargrave 2021-02-16 18:26:54 
