CF- 165a mag compass orientation (IGRF corrected)
   80.2   3.5  81.0   0.0   0.0   1.0
NRM    280.0  51.3 280.0  51.3 1.43E-04 001.0 174.0  47.4 0.085444 0.212990 0.103911 hargrave 2021-01-09 13:32:01 
TT 100 281.8  48.2 281.8  48.2 1.42E-04 001.8 171.3  50.2 0.164697 0.390461 0.112964 hargrave 2021-01-09 17:27:10 
TT 200 281.8  44.0 281.8  44.0 1.37E-04 002.4 169.8  54.3 0.256035 0.494316 0.112320 hargrave 2021-01-10 13:24:38 
TT 300 284.2  41.7 284.2  41.7 1.13E-04 000.9 165.6  56.0 0.104144 0.104245 0.096051 hargrave 2021-01-10 17:42:14 
TT 400 286.4  37.8 286.4  37.8 8.87E-05 001.5 160.0  58.9 0.056808 0.224727 0.073764 hargrave 2021-01-11 13:58:38 
TT 450 288.5  37.7 288.5  37.7 8.14E-05 001.9 157.1  58.2 0.105765 0.245902 0.041724 hargrave 2021-01-11 19:05:09 
TT 500 286.5  37.2 286.5  37.2 6.97E-05 001.3 159.4  59.4 0.126500 0.100668 0.058903 hargrave 2021-01-12 15:38:25 
TT 525 286.5  34.8 286.5  34.8 6.51E-05 001.8 157.2  61.6 0.118070 0.175149 0.055878 hargrave 2021-01-13 09:32:19 
TT 550 286.4  36.6 286.4  36.6 5.79E-05 001.5 159.0  60.0 0.114207 0.111484 0.055055 hargrave 2021-01-13 17:15:46 
TT 560 286.8  34.5 286.8  34.5 5.39E-05 001.4 156.5  61.8 0.078826 0.090334 0.067911 hargrave 2021-01-24 10:03:58 
TT 570 286.5  35.0 286.5  35.0 5.01E-05 001.6 157.3  61.4 0.116040 0.033260 0.095504 hargrave 2021-01-24 17:33:01 
TT 570 285.8  35.2 285.8  35.2 5.01E-05 001.8 158.7  61.5 0.126055 0.068563 0.092302 hargrave 2021-01-24 18:48:47 
TT 580 285.5  33.5 285.5  33.5 4.64E-05 001.5 157.5  63.1 0.089736 0.087119 0.047464 hargrave 2021-01-28 15:37:19 
TT 590 286.9  34.4 286.9  34.4 4.63E-05 001.5 156.3  61.8 0.083233 0.076814 0.057224 hargrave 2021-01-29 13:44:10 
TT 600 286.7  36.4 286.7  36.4 4.21E-05 002.0 158.4  60.1 0.113236 0.083358 0.056999 hargrave 2021-01-31 12:21:02 
TT 610 284.8  34.3 284.8  34.3 3.77E-05 002.2 159.4  62.7 0.060932 0.131250 0.041070 hargrave 2021-01-31 20:23:28 
TT 620 289.8  30.5 289.8  30.5 3.27E-05 002.9 147.0  63.6 0.081962 0.145248 0.046911 hargrave 2021-02-02 14:05:07 
TT 630 289.3  28.9 289.3  28.9 3.23E-05 001.7 145.5  65.2 0.071022 0.063413 0.034708 hargrave 2021-02-03 20:38:41 
TT 640 286.4  30.7 286.4  30.7 3.00E-05 001.9 152.8  65.2 0.076792 0.043667 0.055085 hargrave 2021-02-04 14:40:46 
TT 650 285.2  28.0 285.2  28.0 2.84E-05 001.3 151.2  68.1 0.054241 0.039829 0.032376 hargrave 2021-02-05 09:22:33 
TT 660 285.6  30.7 285.6  30.7 2.46E-05 002.9 154.1  65.6 0.088894 0.086236 0.043125 hargrave 2021-02-05 17:27:17 
