CF- 149a mag compass orientation (IGRF corrected)
   70.3 351.5  90.0   0.0   0.0   1.0
NRM    287.3  60.6 287.3  60.6 5.32E-04 001.2 166.2  26.3 0.353084 1.054534 0.315569 hargrave 2021-01-09 13:07:16 
TT 100 287.3  59.1 287.3  59.1 5.08E-04 003.5 165.4  27.6 0.910707 2.955783 0.307739 hargrave 2021-01-09 17:01:36 
TT 200 287.5  50.4 287.5  50.4 4.01E-04 002.2 160.0  34.9 0.537427 1.425622 0.241366 hargrave 2021-01-10 12:55:02 
TT 300 284.6  41.3 284.6  41.3 2.95E-04 001.4 155.9  43.7 0.287013 0.627630 0.149165 hargrave 2021-01-10 17:11:50 
TT 400 284.0  34.2 284.0  34.2 2.11E-04 000.6 150.6  49.8 0.141179 0.085488 0.142755 hargrave 2021-01-11 13:35:48 
TT 450 284.3  31.6 284.3  31.6 1.86E-04 002.9 147.8  51.7 0.643337 0.687684 0.137416 hargrave 2021-01-11 18:42:30 
TT 500 286.9  28.3 286.9  28.3 1.64E-04 000.6 141.4  52.7 0.137600 0.085945 0.080871 hargrave 2021-01-12 15:14:48 
TT 525 283.2  30.6 283.2  30.6 1.58E-04 001.0 148.0  53.1 0.126327 0.207768 0.122683 hargrave 2021-01-13 09:08:03 
TT 550 285.1  29.1 285.1  29.1 1.32E-04 000.7 144.2  53.2 0.154854 0.070714 0.070545 hargrave 2021-01-13 16:52:17 
TT 560 288.3  28.0 288.3  28.0 1.26E-04 002.1 139.7  52.0 0.326482 0.338405 0.044548 hargrave 2021-01-23 15:38:43 
TT 570 286.5  25.8 286.5  25.8 1.14E-04 001.2 138.8  54.7 0.142173 0.174742 0.092766 hargrave 2021-01-24 17:04:32 
TT 570 286.6  25.7 286.6  25.7 1.14E-04 001.3 138.6  54.7 0.157215 0.199926 0.091552 hargrave 2021-01-24 18:20:22 
TT 580 287.3  27.4 287.3  27.4 1.10E-04 001.2 140.0  53.0 0.193854 0.126599 0.043613 hargrave 2021-01-28 15:09:12 
TT 590 283.9  26.5 283.9  26.5 1.02E-04 000.9 142.6  55.8 0.112938 0.132408 0.036560 hargrave 2021-01-29 13:15:54 
TT 600 284.5  24.0 284.5  24.0 9.67E-05 001.3 138.7  57.2 0.165656 0.159305 0.034267 hargrave 2021-01-31 11:57:19 
TT 610 287.7  19.6 287.7  19.6 9.01E-05 001.8 128.9  57.7 0.206290 0.182119 0.041876 hargrave 2021-01-31 20:00:55 
TT 620 283.5  14.7 283.5  14.7 7.43E-05 001.0 124.9  63.8 0.094292 0.095086 0.029464 hargrave 2021-02-02 13:41:57 
TT 630 288.1  14.7 288.1  14.7 7.72E-05 001.2 120.3  59.9 0.066943 0.147120 0.048828 hargrave 2021-02-03 20:10:22 
TT 640 289.4  19.0 289.4  19.0 6.41E-05 003.0 126.3  56.7 0.313227 0.133631 0.027933 hargrave 2021-02-04 14:12:53 
TT 650 289.9  09.0 289.9  09.0 6.04E-05 002.0 108.4  60.3 0.201399 0.053982 0.044023 hargrave 2021-02-05 08:54:45 
TT 660 280.8  08.3 280.8  08.3 4.76E-05 001.3 113.9  69.1 0.045874 0.100582 0.012916 hargrave 2021-02-05 16:59:20 
TT 664 276.4  12.3 276.4  12.3 3.96E-05 001.5 130.2  70.7 0.106551 0.020758 0.010048 hargrave 2021-02-06 10:39:11 
TT 668 276.7  16.2 276.7  16.2 3.66E-05 001.5 137.9  67.9 0.090595 0.043056 0.012174 hargrave 2021-02-07 13:22:00 
TT 672 278.0 -00.1 278.0 -00.1 2.98E-05 002.4 089.8  73.5 0.115180 0.054666 0.018633 hargrave 2021-02-09 17:56:05 
TT 674 275.2  04.7 275.2  04.7 2.94E-05 000.7 109.3  75.5 0.014872 0.039322 0.020802 hargrave 2021-02-11 17:41:51 
TT 676 294.9  13.4 294.9  13.4 3.19E-05 001.2 113.3  54.3 0.055688 0.046745 0.019863 hargrave 2021-02-12 11:27:20 
TT 678 273.3  05.2 273.3  05.2 2.42E-05 000.9 113.9  77.1 0.024252 0.028972 0.008450 hargrave 2021-02-13 11:25:58 
TT 680 297.5 -01.1 297.5 -01.1 2.66E-05 001.1 088.2  54.0 0.034657 0.037235 0.016347 hargrave 2021-02-13 16:19:59 
TT 682 294.7  16.6 294.7  16.6 2.20E-05 001.2 118.5  53.3 0.029963 0.035159 0.018289 hargrave 2021-02-16 10:53:38 
TT 684 305.1  13.2 305.1  13.2 1.55E-05 001.8 108.7  44.8 0.033364 0.035193 0.015211 hargrave 2021-02-16 17:11:28 
