CF- 180a mag compass orientation (IGRF corrected)
   90.2 146.5  83.0   0.0   0.0   1.0
NRM    119.9  31.2 119.9  31.2 1.33E-04 001.6 121.4  26.3 0.256825 0.259502 0.177679 hargrave 2021-01-09 13:53:17 
TT 100 114.8  35.1 114.8  35.1 1.29E-04 002.1 126.7  29.8 0.397051 0.202745 0.173615 hargrave 2021-01-09 17:48:31 
TT 200 111.3  31.1 111.3  31.1 1.21E-04 004.6 122.9  33.5 0.867252 0.443986 0.136072 hargrave 2021-01-10 13:49:39 
TT 300 107.7  27.6 107.7  27.6 9.66E-05 001.1 119.6  37.4 0.091804 0.145153 0.085669 hargrave 2021-01-10 18:07:17 
TT 400 108.6  25.9 108.6  25.9 7.16E-05 001.6 117.3  37.0 0.179825 0.102529 0.070205 hargrave 2021-01-11 14:42:20 
TT 450 107.7  26.7 107.7  26.7 6.55E-05 002.4 118.4  37.6 0.263538 0.074953 0.067464 hargrave 2021-01-11 19:24:58 
TT 500 106.9  28.3 106.9  28.3 5.62E-05 001.3 120.6  38.0 0.101628 0.071328 0.054776 hargrave 2021-01-12 15:58:42 
TT 525 107.1  26.6 107.1  26.6 5.25E-05 001.8 118.6  38.2 0.153840 0.066970 0.060574 hargrave 2021-01-13 09:53:32 
TT 550 109.5  23.6 109.5  23.6 4.63E-05 001.8 114.2  36.6 0.147081 0.073785 0.025486 hargrave 2021-01-13 17:37:43 
TT 560 107.9  22.8 107.9  22.8 4.43E-05 001.2 113.5  38.1 0.084454 0.045746 0.016104 hargrave 2021-01-24 10:25:28 
TT 570 107.5  24.2 107.5  24.2 4.07E-05 001.0 115.4  38.3 0.074286 0.036486 0.022287 hargrave 2021-01-24 17:57:38 
TT 570 107.4  24.4 107.4  24.4 4.07E-05 000.8 115.6  38.3 0.062428 0.037707 0.021819 hargrave 2021-01-24 19:13:26 
TT 580 108.6  19.0 108.6  19.0 3.93E-05 003.4 108.7  38.0 0.226645 0.058427 0.014603 hargrave 2021-01-28 16:02:31 
TT 590 106.7  24.7 106.7  24.7 3.77E-05 001.2 116.2  38.9 0.063381 0.066589 0.014346 hargrave 2021-01-29 14:08:31 
TT 600 108.6  20.1 108.6  20.1 3.53E-05 002.1 110.1  37.9 0.127565 0.033910 0.013132 hargrave 2021-01-31 12:41:51 
TT 610 110.4  17.9 110.4  17.9 3.27E-05 002.7 107.2  36.5 0.153572 0.041167 0.015830 hargrave 2021-01-31 20:42:23 
TT 620 109.4  24.3 109.4  24.3 3.03E-05 002.9 115.1  36.6 0.149402 0.064458 0.020930 hargrave 2021-02-02 14:24:32 
TT 630 108.9  19.8 108.9  19.8 2.86E-05 006.6 109.7  37.7 0.323172 0.079604 0.014279 hargrave 2021-02-03 21:02:31 
TT 640 108.5  17.7 108.5  17.7 2.22E-05 004.2 107.0  38.2 0.158436 0.037713 0.010600 hargrave 2021-02-04 15:04:25 
TT 650 109.1  15.5 109.1  15.5 1.88E-05 002.9 104.3  37.9 0.095758 0.022355 0.011435 hargrave 2021-02-05 09:45:59 
TT 660 107.8  11.2 107.8  11.2 1.44E-05 004.1 098.7  39.2 0.102258 0.018397 0.017864 hargrave 2021-02-05 17:50:48 
TT 664 101.7  18.8 101.7  18.8 1.38E-05 001.8 109.6  44.6 0.045838 0.018260 0.012737 hargrave 2021-02-06 11:28:59 
TT 668 105.7  22.7 105.7  22.7 9.83E-06 002.3 113.9  40.2 0.043563 0.010158 0.011059 hargrave 2021-02-07 14:05:50 
TT 672 089.6  36.3 089.6  36.3 9.25E-06 007.3 138.9  48.0 0.101299 0.062451 0.011775 hargrave 2021-02-09 18:35:04 
TT 674 095.5  36.3 095.5  36.3 5.61E-06 004.5 135.2  43.9 0.040257 0.019192 0.004110 hargrave 2021-02-11 18:20:41 
TT 676 117.7  18.7 117.7  18.7 6.47E-06 002.7 107.5  29.4 0.025270 0.021024 0.003197 hargrave 2021-02-12 12:10:56 
