CF- 114a mag compass orientation (IGRF corrected)
   52.9 352.5  94.0   0.0   0.0   1.0
NRM    283.3  42.9 283.3  42.9 3.79E-04 002.6 160.3  39.5 0.299775 1.453137 0.830547 hargrave 2020-12-20 21:14:24 
TT 100 289.8  39.6 289.8  39.6 3.58E-04 002.1 152.7  39.7 0.478952 0.848187 0.855129 hargrave 2020-12-22 19:14:41 
TT 200 287.2  38.0 287.2  38.0 3.24E-04 003.2 153.6  42.2 0.203951 1.687986 0.638955 hargrave 2020-12-29 16:53:21 
TT 300 286.8  36.4 286.8  36.4 2.67E-04 001.9 152.8  43.7 0.708728 0.052299 0.571144 hargrave 2020-12-30 12:42:28 
TT 400 289.5  32.3 289.5  32.3 2.05E-04 002.1 146.7  45.5 0.600688 0.112714 0.470710 hargrave 2021-01-01 17:26:22 
TT 450 289.9  33.0 289.9  33.0 1.79E-04 003.9 147.0  44.9 0.923621 0.755401 0.315224 hargrave 2021-01-02 12:17:01 
TT 500 290.8  31.8 290.8  31.8 1.58E-04 001.9 145.2  45.2 0.248219 0.302903 0.360227 hargrave 2021-01-02 19:31:26 
TT 525 281.9  34.4 281.9  34.4 6.87E-05 003.0 156.1  47.4 0.138749 0.337026 0.029114 hargrave 2021-01-03 16:48:13 
TT 550 291.4  31.7 291.4  31.7 1.37E-04 001.7 144.5  45.0 0.297693 0.160251 0.232470 hargrave 2021-01-03 22:35:09 
TT 560 290.2  32.3 290.2  32.3 1.33E-04 002.3 146.1  45.2 0.462073 0.190383 0.210677 hargrave 2021-01-07 21:22:32 
TT 570 291.6  30.4 291.6  30.4 1.19E-04 001.1 143.0  45.8 0.154559 0.147156 0.138865 hargrave 2021-01-19 16:20:28 
TT 580 294.7  30.4 294.7  30.4 1.11E-04 000.8 140.4  43.9 0.104075 0.106560 0.071648 hargrave 2021-01-24 13:24:36 
TT 590 291.8  31.1 291.8  31.1 1.10E-04 002.2 143.6  45.1 0.272539 0.326656 0.044877 hargrave 2021-01-28 12:10:25 
TT 600 290.2  32.5 290.2  32.5 1.02E-04 001.4 146.2  45.0 0.220441 0.111891 0.077457 hargrave 2021-01-29 10:04:03 
TT 610 293.5  29.0 293.5  29.0 9.28E-05 002.0 140.0  45.6 0.200795 0.265917 0.032695 hargrave 2021-01-29 16:41:18 
TT 620 294.5  25.1 294.5  25.1 8.39E-05 001.1 134.8  47.4 0.125282 0.107212 0.062201 hargrave 2021-01-31 15:33:16 
TT 630 295.0  25.3 295.0  25.3 7.57E-05 001.6 134.6  47.0 0.189270 0.083041 0.060019 hargrave 2021-02-02 10:25:25 
TT 640 294.0  26.4 294.0  26.4 6.76E-05 006.4 136.7  46.9 0.602178 0.456439 0.068933 hargrave 2021-02-02 17:52:45 
TT 650 291.4  29.7 291.4  29.7 6.40E-05 001.6 142.5  46.4 0.079929 0.146521 0.078850 hargrave 2021-02-04 11:24:32 
TT 660 291.2  31.4 291.2  31.4 5.05E-05 002.1 144.4  45.3 0.028787 0.168206 0.077423 hargrave 2021-02-04 18:07:56 
TT 664 293.4  28.0 293.4  28.0 4.40E-05 002.1 139.0  46.3 0.145506 0.049602 0.052195 hargrave 2021-02-05 14:13:01 
TT 668 299.8  22.6 299.8  22.6 3.71E-05 002.4 127.8  44.9 0.148081 0.058861 0.021967 hargrave 2021-02-05 20:07:24 
TT 672 297.1  28.3 297.1  28.3 3.45E-05 001.7 136.3  43.6 0.101075 0.049294 0.024198 hargrave 2021-02-06 16:06:18 
TT 674 296.8  28.3 296.8  28.3 3.02E-05 002.3 136.5  43.9 0.119940 0.052945 0.014767 hargrave 2021-02-07 18:31:16 
TT 676 300.3  22.8 300.3  22.8 2.85E-05 003.5 127.8  44.4 0.155422 0.074473 0.031289 hargrave 2021-02-09 13:32:47 
TT 678 298.3  29.6 298.3  29.6 2.89E-05 005.2 136.9  42.0 0.160520 0.208648 0.024862 hargrave 2021-02-11 14:08:16 
TT 680 305.7  17.8 305.7  17.8 1.88E-05 001.1 118.5  42.1 0.029297 0.029556 0.008643 hargrave 2021-02-11 20:47:33 
TT 682 299.8  32.2 299.8  32.2 1.81E-05 001.5 138.4  39.4 0.029769 0.042728 0.010851 hargrave 2021-02-12 14:30:09 
TT 684 317.7  51.1 317.7  51.1 7.73E-06 001.3 147.3  17.6 0.015316 0.017046 0.004497 hargrave 2021-02-13 14:10:04 
TT 687 343.7  26.4 343.7  26.4 6.74E-06 001.7 117.1  06.0 0.017764 0.014412 0.005097 hargrave 2021-02-13 19:08:33 
