CF- 159a mag compass orientation (IGRF corrected)
   76.1 354.5  91.0   0.0   0.0   1.0
NRM    302.2  52.8 302.2  52.8 4.42E-04 003.2 155.4  27.7 1.139152 2.150738 0.270997 hargrave 2021-01-09 13:22:59 
TT 100 299.0  51.9 299.0  51.9 4.11E-04 001.0 156.3  29.7 0.313375 0.635998 0.228938 hargrave 2021-01-09 17:17:33 
TT 200 296.1  45.1 296.1  45.1 3.39E-04 001.8 152.8  36.0 0.394374 0.956743 0.227962 hargrave 2021-01-10 13:13:41 
TT 300 294.1  38.6 294.1  38.6 2.45E-04 001.3 148.7  42.0 0.219405 0.484867 0.173508 hargrave 2021-01-10 17:30:29 
TT 400 288.8  38.1 288.8  38.1 1.70E-04 002.3 152.8  44.9 0.325925 0.585645 0.085353 hargrave 2021-01-11 13:49:39 
TT 450 290.5  36.6 290.5  36.6 1.49E-04 002.1 150.0  45.3 0.289917 0.452353 0.073538 hargrave 2021-01-11 18:56:17 
TT 500 291.0  37.3 291.0  37.3 1.29E-04 001.9 150.2  44.5 0.187193 0.376714 0.082130 hargrave 2021-01-12 15:29:08 
TT 525 291.3  37.1 291.3  37.1 1.19E-04 001.0 149.7  44.6 0.131685 0.197830 0.056290 hargrave 2021-01-13 09:23:00 
TT 550 292.6  36.6 292.6  36.6 9.96E-05 002.2 148.1  44.2 0.228886 0.326154 0.049718 hargrave 2021-01-13 17:06:37 
TT 560 290.5  38.9 290.5  38.9 9.28E-05 001.1 151.9  43.5 0.087404 0.104216 0.132331 hargrave 2021-01-23 15:55:58 
TT 570 293.6  36.0 293.6  36.0 8.52E-05 001.6 146.8  44.1 0.131060 0.072695 0.194477 hargrave 2021-01-24 17:21:48 
TT 570 293.9  35.6 293.9  35.6 8.51E-05 001.5 146.2  44.3 0.073249 0.110231 0.186849 hargrave 2021-01-24 18:37:35 
TT 580 288.9  38.6 288.9  38.6 7.82E-05 001.1 153.1  44.5 0.081849 0.059361 0.125890 hargrave 2021-01-28 15:26:16 
TT 590 293.6  36.1 293.6  36.1 7.56E-05 001.5 146.9  44.1 0.078254 0.137727 0.131254 hargrave 2021-01-29 13:33:07 
TT 600 288.3  38.1 288.3  38.1 6.73E-05 002.0 153.3  45.2 0.068994 0.218107 0.087584 hargrave 2021-01-31 12:11:21 
TT 610 288.9  37.0 288.9  37.0 6.17E-05 003.3 151.8  45.8 0.111732 0.326527 0.096300 hargrave 2021-01-31 20:14:21 
TT 620 295.5  34.4 295.5  34.4 5.57E-05 002.1 143.6  44.2 0.124172 0.177052 0.035941 hargrave 2021-02-02 13:55:50 
TT 630 294.8  36.2 294.8  36.2 5.11E-05 000.9 146.0  43.4 0.051252 0.067076 0.043998 hargrave 2021-02-03 20:27:46 
TT 640 294.3  36.2 294.3  36.2 3.99E-05 003.8 146.3  43.6 0.154875 0.217511 0.045405 hargrave 2021-02-04 14:29:32 
TT 650 299.9  33.2 299.9  33.2 3.45E-05 003.5 139.1  42.3 0.158835 0.144769 0.033761 hargrave 2021-02-05 09:11:21 
TT 660 297.2  37.8 297.2  37.8 2.73E-05 001.6 145.7  40.8 0.079991 0.042887 0.028750 hargrave 2021-02-05 17:16:02 
TT 664 295.4  36.8 295.4  36.8 2.29E-05 001.8 146.0  42.6 0.060555 0.055579 0.028758 hargrave 2021-02-06 10:55:53 
TT 668 283.7  41.2 283.7  41.2 1.63E-05 002.1 159.8  44.3 0.056500 0.046647 0.019920 hargrave 2021-02-07 13:36:16 
TT 672 300.3  29.7 300.3  29.7 1.31E-05 003.9 135.0  44.1 0.083692 0.045157 0.017827 hargrave 2021-02-09 18:10:05 
TT 674 260.5  36.7 260.5  36.7 9.44E-06 002.1 185.2  52.1 0.010399 0.029397 0.031299 hargrave 2021-02-11 17:55:42 
TT 676 281.5  50.4 281.5  50.4 1.03E-05 002.5 166.6  36.6 0.017652 0.017164 0.046829 hargrave 2021-02-12 11:44:08 
TT 678 235.7  67.6 235.7  67.6 2.83E-06 002.1 191.2  18.6 0.278987 0.055817 0.095399 hargrave 2021-02-13 11:36:13 
TT 680 186.9  73.1 186.9  73.1 3.96E-06 008.4 196.5  02.6 0.018029 0.055999 0.005525 hargrave 2021-02-13 16:29:55 
TT 680 187.6  72.7 187.6  72.7 3.93E-06 006.8 196.9  02.9 0.013878 0.044649 0.008383 hargrave 2021-02-13 17:49:17 
TT 682 351.0  48.6 351.0  48.6 5.40E-06 004.2 138.7  01.6 0.025779 0.029779 0.011555 hargrave 2021-02-16 11:05:16 
TT 684 178.8  50.0 178.8  50.0 1.60E-06 049.8 219.9  02.0 0.130541 0.110287 0.004496 hargrave 2021-02-16 17:20:41 
TT 684 179.8  56.9 179.8  56.9 3.15E-06 001.7 213.0  02.0 0.007470 0.007524 0.003061 hargrave 2021-02-16 18:22:24 
