CF- 141a sun compass orientation
   65.4 339.7  85.0   0.0   0.0   1.0
NRM    291.7  34.0 291.7  34.0 3.23E-04 001.8 132.2  41.5 0.726842 0.239607 0.696757 hargrave 2020-12-20 22:05:16 
TT 100 292.6  31.4 292.6  31.4 3.10E-04 002.5 128.6  42.0 1.185960 0.158041 0.695108 hargrave 2020-12-22 19:54:09 
TT 200 290.4  25.9 290.4  25.9 2.84E-04 001.9 122.6  45.8 0.655895 0.311007 0.569359 hargrave 2020-12-29 17:35:17 
TT 300 289.5  23.1 289.5  23.1 2.43E-04 002.4 119.2  47.6 0.944730 0.057210 0.421823 hargrave 2020-12-30 13:34:08 
TT 400 288.8  23.5 288.8  23.5 2.04E-04 002.7 120.2  48.1 0.830792 0.396318 0.391641 hargrave 2021-01-01 18:18:51 
TT 450 290.4  19.9 290.4  19.9 1.83E-04 004.5 114.3  47.7 1.370535 0.334794 0.238457 hargrave 2021-01-02 13:10:29 
TT 500 289.6  19.7 289.6  19.7 1.68E-04 001.2 114.4  48.5 0.251381 0.183684 0.190173 hargrave 2021-01-03 11:36:56 
TT 525 289.7  20.4 289.7  20.4 1.62E-04 001.7 115.3  48.2 0.412990 0.145591 0.217701 hargrave 2021-01-03 17:30:34 
TT 550 289.8  20.5 289.8  20.5 1.47E-04 001.4 115.4  48.1 0.223000 0.239401 0.182357 hargrave 2021-01-03 23:17:32 
TT 560 290.3  18.5 290.3  18.5 1.42E-04 002.7 112.4  48.2 0.638218 0.069358 0.167738 hargrave 2021-01-07 22:10:53 
TT 570 289.4  13.5 289.4  13.5 1.33E-04 010.4 105.1  49.9 2.403216 0.410901 0.147651 hargrave 2021-01-19 17:01:45 
TT 570 289.4  18.8 289.4  18.8 1.34E-04 001.6 113.0  48.9 0.357228 0.102452 0.150684 hargrave 2021-01-19 17:42:36 
TT 580 289.9  15.9 289.9  15.9 1.28E-04 001.3 108.6  49.1 0.271030 0.075217 0.111271 hargrave 2021-01-24 14:13:15 
TT 590 290.0  17.5 290.0  17.5 1.26E-04 002.9 111.0  48.7 0.630367 0.042509 0.128407 hargrave 2021-01-28 12:59:57 
TT 600 289.0  14.9 289.0  14.9 1.18E-04 002.5 107.3  50.2 0.492660 0.091628 0.127764 hargrave 2021-01-29 10:52:52 
TT 610 289.6  10.4 289.6  10.4 1.11E-04 001.1 100.3  50.1 0.086282 0.170938 0.113828 hargrave 2021-01-29 17:30:14 
TT 620 289.3  17.0 289.3  17.0 1.03E-04 001.5 110.4  49.4 0.257374 0.086050 0.067556 hargrave 2021-01-31 16:13:24 
TT 630 290.4  17.0 290.4  17.0 9.56E-05 003.0 110.0  48.4 0.495155 0.044351 0.096432 hargrave 2021-02-02 11:14:49 
TT 640 291.4  15.9 291.4  15.9 9.18E-05 003.7 108.2  47.6 0.580445 0.053616 0.100315 hargrave 2021-02-02 18:40:17 
TT 650 290.3  18.3 290.3  18.3 8.41E-05 004.9 112.1  48.2 0.706156 0.133439 0.092516 hargrave 2021-02-04 12:12:37 
TT 660 292.0  13.6 292.0  13.6 7.65E-05 003.9 104.7  47.5 0.522457 0.075434 0.075173 hargrave 2021-02-04 18:55:10 
TT 664 290.1  14.4 290.1  14.4 6.86E-05 001.9 106.3  49.1 0.196850 0.093904 0.081280 hargrave 2021-02-05 15:00:43 
TT 668 290.7  15.9 290.7  15.9 6.07E-05 002.2 108.3  48.3 0.213586 0.077486 0.074823 hargrave 2021-02-05 20:53:16 
TT 672 290.6  16.1 290.6  16.1 5.25E-05 003.4 108.7  48.3 0.309122 0.050197 0.054404 hargrave 2021-02-06 16:52:23 
TT 674 291.7  16.5 291.7  16.5 4.53E-05 005.0 109.0  47.3 0.392312 0.076721 0.042612 hargrave 2021-02-07 19:17:21 
TT 676 291.8  09.7 291.8  09.7 4.23E-05 003.1 098.9  48.0 0.224856 0.060735 0.031011 hargrave 2021-02-09 14:19:42 
TT 678 290.0  20.3 290.0  20.3 3.86E-05 001.2 115.0  48.0 0.048105 0.089616 0.015358 hargrave 2021-02-11 14:54:44 
TT 680 291.0  14.8 291.0  14.8 3.57E-05 001.3 106.7  48.3 0.044143 0.085140 0.017051 hargrave 2021-02-11 21:33:37 
TT 682 294.0  14.3 294.0  14.3 2.83E-05 002.9 105.3  45.5 0.139034 0.026959 0.022172 hargrave 2021-02-12 15:16:39 
TT 684 293.7  17.6 293.7  17.6 2.21E-05 003.3 110.0  45.2 0.131545 0.029110 0.013077 hargrave 2021-02-13 14:45:07 
TT 687 303.0  21.7 303.0  21.7 1.29E-05 006.0 113.3  35.8 0.116678 0.072742 0.011732 hargrave 2021-02-13 19:40:40 
