CF- 104a mag compass orientation (IGRF corrected)
   48.9   2.5  87.0   0.0   0.0   1.0
NRM    302.3  57.2 302.3  57.2 7.28E-04 001.4 161.7  30.9 0.196344 1.458653 1.039871 hargrave 2020-12-20 20:56:43 
TT 100 300.5  57.1 300.5  57.1 6.37E-04 001.6 162.6  31.6 0.219925 1.631599 0.811809 hargrave 2020-12-22 19:00:25 
TT 200 300.4  50.3 300.4  50.3 4.76E-04 001.1 158.0  37.2 0.639764 0.319539 0.639690 hargrave 2020-12-29 16:38:52 
TT 300 296.4  45.8 296.4  45.8 3.38E-04 002.2 157.5  42.4 0.117348 1.242353 0.448441 hargrave 2020-12-30 12:23:55 
TT 400 294.0  40.6 294.0  40.6 2.29E-04 001.6 155.6  47.7 0.151598 0.522536 0.312531 hargrave 2021-01-01 17:10:34 
TT 450 293.4  39.9 293.4  39.9 1.97E-04 001.9 155.6  48.5 0.086950 0.575948 0.267069 hargrave 2021-01-02 11:57:53 
TT 500 294.3  36.8 294.3  36.8 1.62E-04 001.8 152.0  50.7 0.055706 0.468171 0.228966 hargrave 2021-01-02 19:15:39 
TT 525 294.6  37.0 294.6  37.0 1.47E-04 002.1 151.9  50.4 0.101177 0.487022 0.222486 hargrave 2021-01-03 16:33:11 
TT 550 292.6  38.7 292.6  38.7 1.33E-04 001.4 155.5  49.9 0.249946 0.110818 0.200609 hargrave 2021-01-03 22:20:49 
TT 560 295.4  35.1 295.4  35.1 1.20E-04 002.5 149.2  51.5 0.114971 0.484797 0.202631 hargrave 2021-01-07 21:05:40 
TT 570 287.3  38.6 287.3  38.6 1.04E-04 001.9 161.1  52.0 0.125911 0.262046 0.208445 hargrave 2021-01-19 16:06:16 
TT 580 298.8  34.3 298.8  34.3 8.90E-05 001.7 145.1  50.3 0.120723 0.156768 0.190665 hargrave 2021-01-24 13:07:43 
TT 590 291.2  37.8 291.2  37.8 8.08E-05 002.3 156.1  51.3 0.078247 0.301679 0.129703 hargrave 2021-01-28 11:53:22 
TT 600 283.6  30.4 283.6  30.4 6.98E-05 000.9 160.1  60.7 0.080687 0.062214 0.064212 hargrave 2021-01-29 09:46:50 
TT 610 295.2  35.0 295.2  35.0 6.32E-05 001.1 149.3  51.7 0.072038 0.053431 0.093039 hargrave 2021-01-29 16:24:22 
TT 620 304.6  28.3 304.6  28.3 5.48E-05 001.3 132.9  50.4 0.065230 0.057445 0.097820 hargrave 2021-01-31 15:18:20 
TT 630 307.0  30.9 307.0  30.9 4.71E-05 001.3 134.4  47.2 0.035471 0.082617 0.058598 hargrave 2021-02-02 10:08:48 
TT 640 310.5  25.3 310.5  25.3 4.07E-05 001.7 125.0  47.2 0.072747 0.060754 0.091262 hargrave 2021-02-02 17:36:12 
TT 650 275.4  27.6 275.4  27.6 3.00E-05 001.6 173.9  65.2 0.039358 0.069526 0.049460 hargrave 2021-02-04 11:07:45 
TT 660 321.5  19.1 321.5  19.1 3.16E-05 001.6 112.4  39.6 0.041064 0.045395 0.076479 hargrave 2021-02-04 17:51:23 
TT 664 317.6  19.1 317.6  19.1 2.94E-05 001.6 113.6  43.1 0.046408 0.040317 0.069678 hargrave 2021-02-05 13:56:24 
TT 668 320.2  31.3 320.2  31.3 2.41E-05 001.6 127.7  37.0 0.055353 0.030719 0.041667 hargrave 2021-02-05 19:50:59 
TT 672 324.7  27.9 324.7  27.9 2.15E-05 001.9 122.1  34.5 0.050204 0.039593 0.047675 hargrave 2021-02-06 15:49:43 
TT 674 277.2  26.5 277.2  26.5 1.47E-05 000.7 169.7  66.1 0.017461 0.011762 0.020941 hargrave 2021-02-07 18:14:44 
TT 676 307.0 -13.2 307.0 -13.2 1.61E-05 001.7 063.9  52.1 0.043955 0.021494 0.027882 hargrave 2021-02-09 13:16:09 
TT 678 284.5  11.2 284.5  11.2 1.02E-05 000.6 125.1  75.6 0.008061 0.006425 0.015281 hargrave 2021-02-11 13:51:32 
TT 680 298.2  46.0 298.2  46.0 1.44E-05 001.3 156.3  41.5 0.022681 0.019512 0.028889 hargrave 2021-02-11 20:30:56 
