CF- 127a mag compass orientation (IGRF corrected)
   57.4   8.5  94.0   0.0   0.0   1.0
NRM    301.0  32.7 301.0  32.7 3.52E-04 000.8 151.5  47.5 0.118264 0.407223 0.269069 hargrave 2020-12-20 21:36:59 
TT 100 303.2  28.7 303.2  28.7 3.34E-04 002.4 145.5  49.6 0.876437 1.098559 0.171612 hargrave 2020-12-22 19:32:19 
TT 200 298.9  26.6 298.9  26.6 3.07E-04 001.7 148.3  53.6 0.397917 0.837536 0.147646 hargrave 2020-12-29 17:11:46 
TT 300 298.5  23.4 298.5  23.4 2.57E-04 000.7 145.4  56.4 0.275118 0.134466 0.143648 hargrave 2020-12-30 13:05:03 
TT 400 299.4  19.7 299.4  19.7 2.04E-04 000.5 139.9  58.6 0.132536 0.106838 0.080224 hargrave 2021-01-01 17:53:24 
TT 450 299.7  19.3 299.7  19.3 1.80E-04 000.7 138.9  58.7 0.102986 0.073154 0.346162 hargrave 2021-01-02 12:40:25 
TT 500 328.7  03.3 328.7  03.3 1.29E-04 033.8 097.5  39.3 4.553311 5.028005 5.336135 hargrave 2021-01-03 10:37:16 
TT 525 298.7  18.7 298.7  18.7 1.43E-04 001.4 139.4  59.8 0.277945 0.188939 0.077505 hargrave 2021-01-03 17:06:32 
TT 550 300.7  15.7 300.7  15.7 6.44E-05 041.3 132.4  60.4 2.291129 2.507659 5.986263 hargrave 2021-01-03 22:54:13 
TT 550 299.6  17.8 299.6  17.8 6.48E-05 036.2 137.0  59.8 2.548771 2.378303 5.991143 hargrave 2021-01-04 10:02:28 
TT 550 296.5  20.6 296.5  20.6 1.29E-04 000.7 145.1  59.7 0.118516 0.106929 0.041415 hargrave 2021-01-04 10:16:09 
TT 560 297.7  18.4 297.7  18.4 1.22E-04 002.2 140.5  60.7 0.356752 0.305351 0.078928 hargrave 2021-01-07 21:44:14 
TT 570 300.3  15.8 300.3  15.8 1.15E-04 002.6 133.1  60.7 0.279479 0.443160 0.067328 hargrave 2021-01-19 16:38:44 
TT 580 298.2  17.6 298.2  17.6 1.08E-04 001.4 138.5  60.9 0.087331 0.208731 0.160171 hargrave 2021-01-24 13:46:23 
TT 590 297.3  18.4 297.3  18.4 1.05E-04 000.6 141.0  61.0 0.073594 0.091424 0.060905 hargrave 2021-01-28 12:32:19 
TT 600 296.5  15.8 296.5  15.8 9.67E-05 003.0 138.3  63.4 0.263703 0.443223 0.023433 hargrave 2021-01-29 10:26:02 
TT 610 294.9  15.0 294.9  15.0 8.79E-05 002.8 139.8  65.0 0.305247 0.288740 0.061106 hargrave 2021-01-29 17:03:22 
TT 620 298.2  14.7 298.2  14.7 8.31E-05 002.7 134.1  63.0 0.377533 0.117435 0.073178 hargrave 2021-01-31 15:51:22 
TT 630 299.6  12.8 299.6  12.8 3.80E-05 034.9 129.1  63.1 1.154963 1.422938 3.627929 hargrave 2021-02-02 10:48:35 
TT 630 299.7  12.9 299.7  12.9 3.81E-05 020.8 129.1  63.0 1.164485 1.435288 3.627610 hargrave 2021-02-02 11:48:48 
TT 630 300.1  12.0 300.1  12.0 7.61E-05 001.1 127.0  63.2 0.132873 0.067346 0.027866 hargrave 2021-02-02 11:57:22 
TT 640 301.1  13.0 301.1  13.0 7.02E-05 004.0 127.5  61.8 0.383893 0.306729 0.035048 hargrave 2021-02-02 18:14:52 
TT 650 298.3  12.9 298.3  12.9 6.37E-05 001.7 131.0  64.1 0.135414 0.141247 0.030337 hargrave 2021-02-04 11:46:20 
TT 660 300.8  11.4 300.8  11.4 5.58E-05 004.1 125.0  62.9 0.296653 0.272440 0.014309 hargrave 2021-02-04 18:29:20 
TT 664 298.5  11.7 298.5  11.7 4.76E-05 001.9 128.5  64.7 0.116482 0.108984 0.028514 hargrave 2021-02-05 14:34:38 
TT 668 302.8  09.5 302.8  09.5 4.20E-05 001.9 119.4  62.3 0.113943 0.084737 0.018813 hargrave 2021-02-05 20:28:04 
TT 672 299.7  10.6 299.7  10.6 3.48E-05 002.9 124.8  64.3 0.133997 0.120862 0.009710 hargrave 2021-02-06 16:27:04 
TT 674 302.3  05.3 302.3  05.3 3.17E-05 001.3 111.2  64.4 0.051888 0.058428 0.018826 hargrave 2021-02-07 18:52:04 
TT 676 302.4  08.4 302.4  08.4 1.45E-05 073.9 117.6  63.1 0.325267 0.621451 1.385233 hargrave 2021-02-09 13:54:26 
TT 676 301.8  10.4 301.8  10.4 1.42E-05 054.2 121.9  62.7 0.367997 0.591298 1.348412 hargrave 2021-02-09 15:59:48 
TT 678 304.7  12.8 304.7  12.8 2.08E-05 002.0 123.2  59.0 0.051480 0.055605 0.011500 hargrave 2021-02-11 14:29:14 
TT 680 299.6  08.5 299.6  08.5 1.51E-05 001.1 120.8  65.6 0.018480 0.025617 0.016738 hargrave 2021-02-11 21:08:19 
TT 682 315.2  02.4 315.2  02.4 1.18E-05 001.8 099.2  52.7 0.020943 0.031492 0.009084 hargrave 2021-02-12 14:51:04 
TT 684 307.5  14.1 307.5  14.1 7.71E-06 001.4 122.7  56.0 0.010628 0.016557 0.002735 hargrave 2021-02-13 14:28:33 
TT 687 308.3  27.7 308.3  27.7 3.96E-06 020.5 139.6  47.2 0.018141 0.158461 0.007785 hargrave 2021-02-13 19:24:23 
TT 687 323.3  20.8 323.3  20.8 4.82E-06 002.0 121.3  39.6 0.011909 0.012933 0.002907 hargrave 2021-02-13 20:06:03 
