CF- 123a mag compass orientation (IGRF corrected)
   56.3   4.5  78.0   0.0   0.0   1.0
NRM    294.0  36.4 294.0  36.4 2.18E-04 002.4 147.5  60.0 0.821883 0.061392 0.419318 hargrave 2020-12-20 21:30:46 
TT 100 293.9  32.9 293.9  32.9 2.08E-04 001.9 142.7  62.6 0.486371 0.384369 0.314166 hargrave 2020-12-22 19:27:16 
TT 200 292.4  28.3 292.4  28.3 1.91E-04 002.1 136.9  66.6 0.534816 0.379319 0.262864 hargrave 2020-12-29 17:06:43 
TT 300 290.3  25.9 290.3  25.9 1.58E-04 002.8 135.2  69.7 0.734829 0.053257 0.187497 hargrave 2020-12-30 12:58:49 
TT 400 289.4  23.1 289.4  23.1 1.24E-04 001.9 130.2  72.0 0.391185 0.098373 0.093006 hargrave 2021-01-01 17:47:41 
TT 450 289.0  22.8 289.0  22.8 1.09E-04 002.1 129.9  72.5 0.212705 0.312777 0.141186 hargrave 2021-01-02 12:33:59 
TT 500 290.1  20.9 290.1  20.9 9.47E-05 001.5 122.7  72.7 0.085751 0.215967 0.095311 hargrave 2021-01-02 19:46:07 
TT 525 290.2  21.2 290.2  21.2 8.88E-05 001.8 123.5  72.4 0.215158 0.155865 0.091285 hargrave 2021-01-03 17:01:29 
TT 550 288.8  21.3 288.8  21.3 8.11E-05 001.6 125.9  73.5 0.187106 0.101470 0.081700 hargrave 2021-01-03 22:48:31 
TT 560 288.6  21.8 288.6  21.8 7.67E-05 002.0 127.8  73.3 0.211396 0.129593 0.096418 hargrave 2021-01-07 21:38:05 
TT 570 289.7  20.3 289.7  20.3 7.23E-05 002.2 121.4  73.2 0.253131 0.098281 0.088926 hargrave 2021-01-19 16:33:31 
TT 580 291.0  20.6 291.0  20.6 6.68E-05 003.0 120.7  72.0 0.328970 0.059505 0.099358 hargrave 2021-01-24 13:40:11 
TT 590 291.6  19.3 291.6  19.3 6.49E-05 002.0 116.2  72.0 0.131228 0.160710 0.096320 hargrave 2021-01-28 12:26:07 
TT 600 288.3  22.3 288.3  22.3 6.18E-05 002.8 130.0  73.3 0.281701 0.113709 0.052382 hargrave 2021-01-29 10:19:50 
TT 610 289.7  18.4 289.7  18.4 5.61E-05 002.1 115.5  74.0 0.174462 0.088974 0.066114 hargrave 2021-01-29 16:56:59 
TT 620 289.7  16.5 289.7  16.5 5.15E-05 001.8 108.8  74.6 0.105550 0.116882 0.057734 hargrave 2021-01-31 15:46:25 
TT 630 288.3  18.4 288.3  18.4 4.68E-05 002.4 117.4  75.2 0.174416 0.063570 0.063038 hargrave 2021-02-02 10:41:06 
TT 640 286.7  16.0 286.7  16.0 4.01E-05 002.2 110.0  77.5 0.123248 0.080740 0.050301 hargrave 2021-02-02 18:08:59 
TT 650 287.4  15.7 287.4  15.7 3.52E-05 002.1 108.2  77.0 0.104631 0.074868 0.034095 hargrave 2021-02-04 11:40:22 
TT 660 286.2  16.6 286.2  16.6 2.88E-05 002.1 113.3  77.8 0.092387 0.047219 0.038218 hargrave 2021-02-04 18:23:29 
TT 664 291.8  09.0 291.8  09.0 2.43E-05 002.5 081.6  72.7 0.088017 0.057443 0.035369 hargrave 2021-02-05 14:28:44 
TT 668 290.5  16.9 290.5  16.9 2.18E-05 002.5 109.4  73.7 0.079196 0.046118 0.038628 hargrave 2021-02-05 20:22:11 
TT 672 287.7  05.3 287.7  05.3 1.68E-05 002.9 063.9  75.4 0.069498 0.052952 0.016238 hargrave 2021-02-06 16:21:11 
TT 674 284.9  04.9 284.9  04.9 1.61E-05 002.1 056.3  77.5 0.046349 0.037278 0.018758 hargrave 2021-02-07 18:46:09 
TT 676 291.4  15.8 291.4  15.8 1.48E-05 002.7 105.1  73.1 0.061125 0.032621 0.029025 hargrave 2021-02-09 13:48:32 
TT 678 289.9  20.2 289.9  20.2 1.29E-05 003.4 121.1  73.1 0.067320 0.030626 0.037501 hargrave 2021-02-11 14:23:17 
TT 680 290.7  04.1 290.7  04.1 1.17E-05 002.8 065.0  72.2 0.047545 0.033160 0.025412 hargrave 2021-02-11 21:02:26 
TT 682 293.1  22.3 293.1  22.3 6.17E-06 003.0 122.6  69.5 0.026289 0.004037 0.029736 hargrave 2021-02-12 14:45:06 
TT 684 297.5  23.0 297.5  23.0 5.85E-06 003.2 119.7  65.5 0.025155 0.003753 0.031707 hargrave 2021-02-13 14:25:40 
TT 687 279.6  53.8 279.6  53.8 3.47E-06 004.6 175.5  48.0 0.009231 0.007408 0.031843 hargrave 2021-02-13 19:21:26 
