CF- 181a mag compass orientation (IGRF corrected)
     91 352.5  75.0   0.0   0.0   1.0
NRM    112.4  18.5 112.4  18.5 1.75E-04 003.7 222.4 -45.4 0.581521 0.963682 0.155784 hargrave 2021-01-09 13:54:42 
TT 100 111.1  18.5 111.1  18.5 1.79E-04 001.4 220.9 -46.2 0.395688 0.115849 0.165594 hargrave 2021-01-09 17:49:53 
TT 200 110.2  16.5 110.2  16.5 1.79E-04 002.8 222.1 -48.3 0.453268 0.730213 0.118593 hargrave 2021-01-10 13:51:19 
TT 300 109.5  14.4 109.5  14.4 1.63E-04 000.8 223.5 -50.3 0.081508 0.223865 0.055568 hargrave 2021-01-10 18:08:57 
TT 400 111.4  13.1 111.4  13.1 1.40E-04 001.6 227.0 -49.9 0.159236 0.361868 0.109670 hargrave 2021-01-11 14:43:45 
TT 450 111.0  13.2 111.0  13.2 1.30E-04 002.4 226.5 -50.1 0.197030 0.488297 0.149421 hargrave 2021-01-11 19:26:19 
TT 500 111.3  13.3 111.3  13.3 1.18E-04 001.7 226.6 -49.8 0.237298 0.273342 0.073818 hargrave 2021-01-12 16:00:04 
TT 525 112.8  12.0 112.8  12.0 1.12E-04 003.0 229.7 -49.6 0.381521 0.450927 0.095988 hargrave 2021-01-13 09:54:55 
TT 550 112.5  12.5 112.5  12.5 1.03E-04 003.1 228.7 -49.5 0.236235 0.498255 0.122402 hargrave 2021-01-13 17:39:08 
TT 560 112.9  12.5 112.9  12.5 1.01E-04 002.5 229.1 -49.2 0.286062 0.347539 0.034772 hargrave 2021-01-24 10:26:53 
TT 570 113.0  13.3 113.0  13.3 9.52E-05 002.5 228.3 -48.7 0.284063 0.319851 0.036580 hargrave 2021-01-24 17:59:15 
TT 570 112.6  13.6 112.6  13.6 9.51E-05 002.1 227.6 -48.7 0.231796 0.253052 0.037424 hargrave 2021-01-24 19:15:03 
TT 580 111.4  14.3 111.4  14.3 9.14E-05 004.2 225.7 -49.0 0.411663 0.524523 0.066962 hargrave 2021-01-28 16:04:11 
TT 590 111.8  12.7 111.8  12.7 8.90E-05 001.8 227.8 -49.9 0.158629 0.234095 0.046971 hargrave 2021-01-29 14:10:10 
TT 600 112.6  11.7 112.6  11.7 8.61E-05 002.5 229.7 -50.0 0.206780 0.311477 0.051627 hargrave 2021-01-31 12:43:04 
TT 610 114.2  13.3 114.2  13.3 8.37E-05 001.7 229.6 -47.8 0.246898 0.114270 0.042056 hargrave 2021-01-31 20:43:37 
TT 620 112.8  14.8 112.8  14.8 8.03E-05 002.9 226.6 -47.7 0.350081 0.187027 0.087184 hargrave 2021-02-02 14:25:46 
TT 630 113.4  13.5 113.4  13.5 7.81E-05 001.2 228.5 -48.2 0.115210 0.106278 0.075018 hargrave 2021-02-03 21:04:03 
TT 640 115.2  13.0 115.2  13.0 7.09E-05 001.0 230.8 -47.2 0.086358 0.069023 0.073329 hargrave 2021-02-04 15:06:13 
TT 650 116.8  13.5 116.8  13.5 6.35E-05 002.3 231.7 -45.6 0.150646 0.189638 0.073957 hargrave 2021-02-05 09:47:46 
TT 660 114.6  15.4 114.6  15.4 5.63E-05 001.4 227.6 -46.1 0.038515 0.111292 0.073220 hargrave 2021-02-05 17:52:35 
TT 664 116.5  17.2 116.5  17.2 5.13E-05 001.3 227.4 -43.5 0.029515 0.091441 0.077172 hargrave 2021-02-06 11:30:46 
TT 668 118.5  15.4 118.5  15.4 4.38E-05 002.3 231.0 -43.2 0.072677 0.144980 0.078014 hargrave 2021-02-07 14:07:18 
TT 672 115.0  17.2 115.0  17.2 2.50E-05 002.8 226.1 -44.6 0.094611 0.066930 0.041750 hargrave 2021-02-09 18:36:33 
TT 674 121.1  16.2 121.1  16.2 2.09E-05 002.0 232.3 -40.7 0.057097 0.048535 0.022797 hargrave 2021-02-11 18:22:15 
TT 676 120.2  23.0 120.2  23.0 1.37E-05 001.5 224.8 -37.0 0.023975 0.031947 0.005410 hargrave 2021-02-12 12:12:43 
