CF- 135a sun compass orientation
   62.4 357.6  82.0   0.0   0.0   1.0
NRM    303.6  42.5 303.6  42.5 2.82E-04 002.1 143.5  43.2 0.791249 0.537254 0.393634 hargrave 2020-12-20 21:52:47 
TT 100 303.9  40.2 303.9  40.2 1.34E-04 051.4 140.8  44.3 7.932170 6.479640 10.00869 hargrave 2020-12-22 19:44:33 
TT 100 300.0  42.4 300.0  42.4 2.68E-04 001.8 145.8  45.3 0.286349 0.705425 0.391972 hargrave 2020-12-22 20:17:40 
TT 200 290.8  41.3 290.8  41.3 2.36E-04 006.5 152.0  50.9 1.000911 2.483121 0.234390 hargrave 2020-12-29 17:25:31 
TT 300 297.7  32.1 297.7  32.1 9.81E-05 009.9 134.9  53.1 4.446882 4.462764 8.385331 hargrave 2020-12-30 13:21:36 
TT 300 296.0  33.8 296.0  33.8 9.83E-05 033.7 138.6  53.3 4.716649 4.156218 8.419798 hargrave 2020-12-30 14:58:59 
TT 300 289.8  37.6 289.8  37.6 1.97E-04 005.9 149.2  54.2 0.815072 1.845106 0.218921 hargrave 2020-12-30 16:45:35 
TT 400 294.0  32.5 294.0  32.5 7.78E-05 029.1 138.7  55.4 3.550885 3.120852 6.837369 hargrave 2021-01-01 18:07:47 
TT 400 252.7 -00.2 252.7 -00.2 5.09E-09 077.9 298.2  72.0 0.000565 0.000574 0.001531 hargrave 2021-01-01 19:14:21 
TT 400 295.7  30.1 295.7  30.1 1.55E-04 003.0 133.8  55.6 0.779156 0.132929 0.246087 hargrave 2021-01-01 19:52:50 
TT 450 291.0  35.9 291.0  35.9 6.88E-05 073.7 146.0  54.9 3.511187 2.366452 6.015920 hargrave 2021-01-02 12:57:35 
TT 450 292.8  33.1 292.8  33.1 1.38E-04 001.7 140.7  55.7 0.111209 0.371932 0.153004 hargrave 2021-01-02 13:32:30 
TT 500 289.7  32.4 289.7  32.4 1.24E-04 002.9 143.1  58.1 0.161901 0.606160 0.124664 hargrave 2021-01-03 10:50:16 
TT 525 295.8  31.9 295.8  31.9 1.20E-04 004.2 136.2  54.6 0.766795 0.392485 0.182850 hargrave 2021-01-03 17:20:12 
TT 550 295.5  29.2 295.5  29.2 5.35E-05 066.4 132.6  56.3 2.152971 2.338080 4.757154 hargrave 2021-01-03 23:07:09 
TT 550 293.5  31.8 293.5  31.8 5.39E-05 064.2 138.1  56.1 2.388890 2.144465 4.783411 hargrave 2021-01-04 10:03:49 
TT 550 291.7  32.4 291.7  32.4 1.08E-04 001.1 140.9  56.9 0.113071 0.138112 0.113972 hargrave 2021-01-04 10:17:29 
TT 560 290.1  31.2 290.1  31.2 1.03E-04 001.3 141.0  58.7 0.194342 0.041832 0.141514 hargrave 2021-01-07 21:59:11 
TT 570 293.1  30.9 293.1  30.9 4.77E-05 061.0 137.3  57.0 2.039449 1.884239 4.275109 hargrave 2021-01-19 16:51:35 
TT 570 291.4  32.1 291.4  32.1 4.76E-05 029.9 140.7  57.3 2.127453 1.743602 4.283444 hargrave 2021-01-19 17:39:36 
TT 570 267.5 -18.3 267.5 -18.3 8.79E-09 071.5 359.8  63.1 0.001834 0.002164 0.000584 hargrave 2021-01-19 17:53:07 
TT 580 276.2  17.7 276.2  17.7 1.10E-04 017.6 139.9  77.2 1.458690 2.266700 3.217693 hargrave 2021-01-24 14:01:29 
TT 580 275.7  18.2 275.7  18.2 1.10E-04 017.4 143.1  77.1 1.555865 2.161733 3.214578 hargrave 2021-01-24 14:27:11 
TT 580 291.4  29.6 291.4  29.6 9.15E-05 002.3 137.2  58.9 0.105578 0.328299 0.140040 hargrave 2021-01-24 15:00:37 
TT 590 290.8  28.4 290.8  28.4 4.49E-05 007.6 136.0  60.1 1.720684 1.660133 4.155981 hargrave 2021-01-28 12:48:10 
TT 600 290.6  29.7 290.6  29.7 8.19E-05 004.3 138.1  59.4 0.552738 0.277746 0.070913 hargrave 2021-01-29 10:41:06 
TT 610 291.8  26.4 291.8  26.4 3.81E-05 041.0 131.6  60.6 1.328306 1.493872 3.545005 hargrave 2021-01-29 17:18:06 
TT 610 289.5  26.7 289.5  26.7 7.63E-05 001.7 134.6  62.0 0.106474 0.172297 0.119229 hargrave 2021-01-29 17:43:45 
TT 620 289.9  24.9 289.9  24.9 6.91E-05 001.5 131.0  62.9 0.096974 0.132523 0.084710 hargrave 2021-01-31 16:03:35 
TT 630 292.6  25.3 292.6  25.3 6.53E-05 001.3 129.0  60.5 0.057929 0.112927 0.071731 hargrave 2021-02-02 11:03:13 
TT 640 290.6  25.5 290.6  25.5 5.83E-05 001.9 131.4  61.9 0.107067 0.157850 0.055233 hargrave 2021-02-02 18:29:09 
TT 650 292.2  23.6 292.2  23.6 2.68E-05 076.4 126.4  61.7 0.808485 1.091465 2.522937 hargrave 2021-02-04 12:01:00 
TT 650 290.2  25.6 290.2  25.6 5.39E-05 002.0 131.9  62.2 0.122803 0.135457 0.036768 hargrave 2021-02-04 12:28:24 
TT 660 296.6  21.0 296.6  21.0 4.45E-05 001.4 118.0  59.1 0.051252 0.084415 0.064774 hargrave 2021-02-04 18:43:45 
TT 664 289.3  22.3 289.3  22.3 3.77E-05 004.3 126.7  64.7 0.175098 0.220913 0.052274 hargrave 2021-02-05 14:49:10 
TT 668 293.1  26.3 293.1  26.3 3.56E-05 001.8 130.2  59.6 0.064705 0.084546 0.037632 hargrave 2021-02-05 20:41:46 
TT 672 286.1  26.8 286.1  26.8 2.79E-05 004.8 139.3  64.3 0.163276 0.167119 0.026127 hargrave 2021-02-06 16:40:50 
TT 674 291.8  21.9 291.8  21.9 2.84E-05 002.9 123.4  62.9 0.105851 0.094970 0.045862 hargrave 2021-02-07 19:05:48 
TT 676 292.7  24.6 292.7  24.6 1.21E-05 032.8 127.6  60.8 0.385220 0.499528 1.127786 hargrave 2021-02-09 14:08:08 
TT 676 289.8  26.3 289.8  26.3 2.45E-05 003.8 133.7  62.0 0.123930 0.100768 0.026371 hargrave 2021-02-09 16:01:19 
TT 678 293.3  23.8 293.3  23.8 2.01E-05 002.0 125.8  60.8 0.032639 0.046057 0.047825 hargrave 2021-02-11 14:43:05 
TT 680 283.1  32.9 283.1  32.9 1.17E-05 002.6 152.2  61.3 0.032444 0.041931 0.006127 hargrave 2021-02-11 21:22:05 
TT 682 298.5  22.4 298.5  22.4 9.57E-06 002.5 119.4  57.0 0.028005 0.017024 0.027533 hargrave 2021-02-12 15:04:55 
TT 684 267.8  24.0 267.8  24.0 4.00E-06 001.3 179.2  74.0 0.005028 0.008124 0.004129 hargrave 2021-02-13 14:35:53 
TT 687 292.7  50.2 292.7  50.2 1.34E-06 073.0 158.3  42.9 0.226843 0.067084 0.087005 hargrave 2021-02-13 19:31:30 
TT 687 235.5 -75.2 235.5 -75.2 1.25E-06 005.1 352.2  04.6 0.003240 0.010970 0.001030 hargrave 2021-02-13 20:09:03 
