CF- 107a mag compass orientation (IGRF corrected)
   49.8  19.5  84.0   0.0   0.0   1.0
NRM    312.0  67.4 312.0  67.4 5.33E-04 001.5 170.5  26.7 0.660504 0.729491 0.941662 hargrave 2020-12-20 21:01:01 
TT 100 310.0  62.6 310.0  62.6 4.86E-04 000.7 169.1  31.4 0.258001 0.294222 0.492033 hargrave 2020-12-22 19:03:49 
TT 200 299.9  52.4 299.9  52.4 3.59E-04 001.0 171.3  42.9 0.216134 0.510105 0.274570 hargrave 2020-12-29 16:42:19 
TT 300 296.4  46.6 296.4  46.6 2.68E-04 002.5 172.7  49.0 0.158655 1.165033 0.224222 hargrave 2020-12-30 12:28:14 
TT 400 294.9  44.4 294.9  44.4 2.04E-04 000.6 173.8  51.4 0.154001 0.124995 0.133046 hargrave 2021-01-01 17:13:59 
TT 450 292.7  44.4 292.7  44.4 1.82E-04 001.2 176.3  51.5 0.243958 0.254515 0.183553 hargrave 2021-01-02 12:03:11 
TT 500 290.8  42.9 290.8  42.9 1.59E-04 001.3 178.4  53.0 0.128800 0.307862 0.119990 hargrave 2021-01-02 19:19:05 
TT 525 293.4  42.6 293.4  42.6 1.50E-04 001.0 175.3  53.2 0.185800 0.117902 0.158403 hargrave 2021-01-03 16:36:37 
TT 550 292.2  41.3 292.2  41.3 1.33E-04 001.3 176.5  54.6 0.195601 0.194095 0.128796 hargrave 2021-01-03 22:24:14 
TT 560 293.1  41.1 293.1  41.1 1.22E-04 001.1 175.3  54.8 0.180027 0.096538 0.131093 hargrave 2021-01-07 21:09:58 
TT 570 293.7  41.2 293.7  41.2 1.16E-04 002.1 174.5  54.6 0.195528 0.336106 0.148071 hargrave 2021-01-19 16:09:52 
TT 580 289.1  41.3 289.1  41.3 1.08E-04 002.2 180.5  54.7 0.250868 0.257705 0.206801 hargrave 2021-01-24 13:11:59 
TT 590 292.9  40.3 292.9  40.3 1.01E-04 002.7 175.4  55.6 0.127028 0.450754 0.116546 hargrave 2021-01-28 11:57:40 
TT 600 286.0  40.3 286.0  40.3 9.19E-05 002.0 184.7  55.6 0.141012 0.261670 0.125532 hargrave 2021-01-29 09:51:09 
TT 610 292.5  36.8 292.5  36.8 8.19E-05 001.7 175.3  59.1 0.109250 0.206299 0.090864 hargrave 2021-01-29 16:28:27 
TT 620 291.3  38.5 291.3  38.5 7.43E-05 002.0 177.4  57.5 0.172378 0.182641 0.097092 hargrave 2021-01-31 15:21:53 
TT 630 294.8  34.0 294.8  34.0 6.43E-05 000.8 170.7  61.5 0.059838 0.051175 0.062919 hargrave 2021-02-02 10:13:08 
TT 640 290.9  39.0 290.9  39.0 6.03E-05 002.5 178.0  56.9 0.080311 0.238500 0.061998 hargrave 2021-02-02 17:40:28 
TT 650 290.6  38.7 290.6  38.7 5.52E-05 002.0 178.4  57.3 0.072169 0.168783 0.056764 hargrave 2021-02-04 11:12:09 
TT 660 285.5  39.8 285.5  39.8 4.92E-05 000.9 185.5  56.0 0.055233 0.038756 0.052490 hargrave 2021-02-04 17:55:44 
TT 664 278.0  33.6 278.0  33.6 3.91E-05 000.9 199.7  60.4 0.048384 0.033180 0.027189 hargrave 2021-02-05 14:00:45 
TT 668 285.3  41.5 285.3  41.5 3.67E-05 002.7 185.4  54.4 0.060356 0.162725 0.029017 hargrave 2021-02-05 19:55:17 
TT 672 283.1  27.9 283.1  27.9 2.89E-05 001.0 194.8  67.3 0.034825 0.031908 0.017364 hargrave 2021-02-06 15:54:04 
TT 674 275.6  36.2 275.6  36.2 2.74E-05 001.1 201.0  57.2 0.036922 0.031637 0.021363 hargrave 2021-02-07 18:19:02 
TT 676 292.6  38.6 292.6  38.6 2.58E-05 001.5 175.5  57.2 0.028756 0.061426 0.017625 hargrave 2021-02-09 13:20:30 
TT 678 274.8  44.8 274.8  44.8 2.09E-05 001.1 195.9  49.1 0.032620 0.024551 0.010760 hargrave 2021-02-11 13:55:55 
TT 680 311.7  34.7 311.7  34.7 1.40E-05 001.3 147.5  54.8 0.021024 0.024051 0.008586 hargrave 2021-02-11 20:35:17 
TT 682 312.5  47.8 312.5  47.8 1.31E-05 002.0 158.7  43.8 0.020878 0.043091 0.006299 hargrave 2021-02-12 14:18:40 
TT 684 262.1  45.2 262.1  45.2 1.30E-05 002.4 206.9  44.2 0.020677 0.051878 0.011794 hargrave 2021-02-13 14:04:35 
TT 687 296.3  56.4 296.3  56.4 1.07E-05 004.9 175.1  39.4 0.017409 0.091918 0.009121 hargrave 2021-02-13 19:02:26 
