CF- 144a sun compass orientation
   67.1   4.1  83.0   0.0   0.0   1.0
NRM    292.5  56.8 292.5  56.8 5.98E-04 002.1 167.3  38.1 1.312059 1.266875 1.162154 hargrave 2021-01-09 13:00:55 
TT 100 291.7  57.0 291.7  57.0 5.83E-04 002.4 167.9  38.1 0.556283 2.065807 1.149027 hargrave 2021-01-09 16:55:55 
TT 200 292.3  55.2 292.3  55.2 5.23E-04 003.0 166.6  39.7 1.211428 2.338533 0.789267 hargrave 2021-01-10 12:47:57 
TT 300 293.1  42.9 293.1  42.9 3.48E-04 001.3 158.1  50.4 0.639777 0.167616 0.451049 hargrave 2021-01-10 17:04:47 
TT 400 292.0  35.6 292.0  35.6 2.21E-04 003.5 152.7  57.1 0.929899 0.929763 0.304855 hargrave 2021-01-11 13:30:10 
TT 450 293.7  34.4 293.7  34.4 1.82E-04 003.1 149.3  57.2 0.780040 0.519764 0.268199 hargrave 2021-01-11 18:36:53 
TT 500 293.8  33.2 293.8  33.2 1.54E-04 001.3 147.8  58.0 0.227979 0.224646 0.158879 hargrave 2021-01-12 15:08:53 
TT 525 293.4  35.6 293.4  35.6 1.44E-04 001.8 151.0  56.4 0.403183 0.060526 0.201703 hargrave 2021-01-13 09:02:12 
TT 550 296.6  35.8 296.6  35.8 1.21E-04 002.8 147.7  54.6 0.480780 0.311587 0.169646 hargrave 2021-01-13 16:46:23 
TT 560 296.6  34.9 296.6  34.9 1.14E-04 001.8 146.5  55.2 0.332707 0.108773 0.113082 hargrave 2021-01-23 15:31:42 
TT 570 297.4  35.5 297.4  35.5 1.04E-04 000.9 146.4  54.4 0.170974 0.061412 0.028891 hargrave 2021-01-24 16:57:36 
TT 570 297.1  35.6 297.1  35.6 1.04E-04 000.7 146.9  54.4 0.152019 0.017964 0.027860 hargrave 2021-01-24 18:13:25 
TT 580 297.1  36.9 297.1  36.9 9.58E-05 001.5 148.3  53.5 0.245651 0.043367 0.080342 hargrave 2021-01-28 15:02:14 
TT 590 298.3  36.1 298.3  36.1 8.87E-05 002.8 146.3  53.4 0.357375 0.232548 0.070359 hargrave 2021-01-29 13:08:51 
TT 600 301.0  31.4 301.0  31.4 8.88E-05 002.2 137.6  55.0 0.298029 0.157399 0.073002 hargrave 2021-01-31 11:51:26 
TT 610 290.9  34.3 290.9  34.3 7.62E-05 001.7 152.7  58.6 0.192272 0.125323 0.055295 hargrave 2021-01-31 19:53:25 
TT 620 286.7  28.9 286.7  28.9 5.43E-05 005.0 153.0  65.1 0.364810 0.303813 0.048021 hargrave 2021-02-02 13:35:50 
TT 630 312.2  32.8 312.2  32.8 4.56E-05 002.6 131.3  46.3 0.196449 0.044095 0.059530 hargrave 2021-02-03 20:02:54 
TT 640 324.0  36.3 324.0  36.3 3.16E-05 002.7 130.4  35.9 0.143485 0.056028 0.050576 hargrave 2021-02-04 14:05:42 
TT 650 326.0  36.7 326.0  36.7 2.47E-05 002.1 130.1  34.3 0.070274 0.073202 0.038886 hargrave 2021-02-05 08:47:35 
TT 660 334.7  39.0 334.7  39.0 2.09E-05 004.1 130.4  27.1 0.132781 0.073534 0.023270 hargrave 2021-02-05 16:52:10 
TT 664 353.4  33.4 353.4  33.4 1.37E-05 005.7 122.8  12.8 0.123045 0.061324 0.022649 hargrave 2021-02-06 10:30:52 
TT 668 280.6  78.9 280.6  78.9 1.18E-05 003.9 178.7  18.0 0.039962 0.062033 0.040244 hargrave 2021-02-07 13:15:55 
TT 672 337.3  59.2 337.3  59.2 1.03E-05 004.5 151.0  19.5 0.058625 0.059275 0.024984 hargrave 2021-02-09 17:49:39 
TT 674 187.4  64.2 187.4  64.2 6.96E-06 001.9 206.0  07.7 0.016584 0.022150 0.007926 hargrave 2021-02-11 17:35:29 
TT 676 001.3  15.1 001.3  15.1 8.97E-06 001.3 104.7  04.5 0.019550 0.015462 0.008673 hargrave 2021-02-12 11:19:41 
