CF- 15a mag compass orientation (IGRF corrected)
      8 185.5  79.0   0.0   0.0   1.0
NRM    319.9  60.6 319.9  60.6 1.54E-03 003.3 200.4 -10.3 3.220645 8.119083 0.897665 hargrave 2020-08-30 19:05:48 
TT 100 312.7  60.5 312.7  60.5 1.40E-03 002.5 197.8 -12.6 2.001088 5.177255 2.762784 hargrave 2020-09-01 16:49:24 
TT 200 298.5  53.0 298.5  53.0 9.42E-04 001.2 194.8 -23.0 0.200759 1.272079 1.425711 hargrave 2020-09-05 16:33:00 
TT 300 299.6  46.8 299.6  46.8 6.94E-04 001.8 198.5 -28.3 0.448478 2.063550 0.644303 hargrave 2020-09-06 19:08:05 
TT 400 299.9  42.9 299.9  42.9 4.59E-04 000.9 200.8 -31.6 0.261443 0.658271 0.264712 hargrave 2020-09-15 16:07:51 
TT 450 296.5  42.5 296.5  42.5 3.91E-04 001.0 198.4 -33.1 0.263750 0.528354 0.407714 hargrave 2020-09-17 22:55:39 
TT 500 295.4  43.2 295.4  43.2 3.28E-04 000.8 197.2 -32.8 0.072830 0.388952 0.247016 hargrave 2020-09-19 15:21:19 
TT 525 299.2  40.9 299.2  40.9 2.86E-04 000.9 201.4 -33.6 0.280620 0.143004 0.353490 hargrave 2020-09-19 20:20:36 
TT 550 267.6  78.9 267.6  78.9 1.96E-04 040.0 178.5  00.0 0.190539 6.549635 15.09505 hargrave 2020-09-22 15:54:51 
TT 550 296.1  40.3 296.1  40.3 2.48E-04 001.0 199.2 -35.3 0.276783 0.077768 0.307357 hargrave 2020-09-22 17:32:46 
TT 560 299.4  39.8 299.4  39.8 2.28E-04 000.9 202.2 -34.6 0.241266 0.049157 0.260431 hargrave 2020-09-24 20:21:48 
TT 570 294.2  37.6 294.2  37.6 2.08E-04 002.1 198.9 -38.3 0.419543 0.635922 0.190894 hargrave 2020-09-26 14:59:02 
TT 580 294.3  39.5 294.3  39.5 1.87E-04 004.2 198.1 -36.6 0.320960 1.333550 0.127147 hargrave 2020-09-27 14:05:42 
TT 590 294.7  36.8 294.7  36.8 1.58E-04 001.3 199.8 -38.9 0.120145 0.347842 0.081236 hargrave 2020-10-03 14:00:46 
TT 600 294.1  36.9 294.1  36.9 1.36E-04 004.1 199.2 -39.0 0.305887 0.933402 0.075578 hargrave 2020-10-07 21:46:18 
TT 610 291.6  38.9 291.6  38.9 1.11E-04 000.5 195.9 -37.9 0.068484 0.063741 0.064424 hargrave 2020-10-08 21:15:44 
TT 620 302.4  37.9 302.4  37.9 9.08E-05 000.9 205.8 -35.0 0.101271 0.131817 0.053581 hargrave 2020-10-10 09:43:58 
TT 630 299.1  38.6 299.1  38.6 8.03E-05 000.5 202.7 -35.7 0.055401 0.056671 0.040490 hargrave 2020-10-10 21:33:14 
TT 640 309.5  30.4 309.5  30.4 6.71E-05 000.8 217.3 -37.3 0.083871 0.073165 0.033547 hargrave 2020-10-13 14:03:20 
TT 650 309.9  27.7 309.9  27.7 5.20E-05 002.5 220.0 -38.9 0.196769 0.119597 0.033136 hargrave 2020-10-14 09:18:28 
TT 660 297.9  41.9 297.9  41.9 3.37E-05 003.7 199.8 -33.3 0.153514 0.248950 0.041576 hargrave 2020-10-16 17:15:40 
TT 664 312.9  34.2 312.9  34.2 3.02E-05 004.5 216.5 -32.5 0.175483 0.171394 0.012174 hargrave 2020-10-30 12:12:43 
TT 668 311.8  33.5 311.8  33.5 2.65E-05 001.7 216.4 -33.6 0.081844 0.063584 0.024211 hargrave 2020-10-30 18:55:46 
TT 672 287.6  17.5 287.6  17.5 1.06E-05 003.6 202.9 -59.1 0.041247 0.053307 0.029989 hargrave 2020-11-09 00:40:15 
TT 674 285.5  33.3 285.5  33.3 1.18E-05 005.3 191.8 -44.6 0.039882 0.107524 0.015712 hargrave 2020-11-15 18:09:07 
TT 675 312.7  30.1 312.7  30.1 1.14E-05 004.9 220.0 -35.5 0.056994 0.086884 0.019425 hargrave 2020-11-16 01:15:36 
TT 676 283.4  44.1 283.4  44.1 8.26E-06 004.4 186.8 -34.4 0.050415 0.055496 0.014418 hargrave 2020-11-19 11:20:05 
TT 677 330.3 -04.5 330.3 -04.5 7.57E-06 004.0 267.7 -35.4 0.051838 0.034102 0.024426 hargrave 2020-11-19 17:30:59 
TT 678 298.0  51.0 298.0  51.0 9.28E-06 001.7 195.4 -25.0 0.021336 0.030839 0.011627 hargrave 2020-11-19 23:34:10 
TT 679 222.3 -32.7 222.3 -32.7 2.37E-06 006.7 057.3 -36.7 0.011682 0.007717 0.028758 hargrave 2020-11-22 10:29:48 
TT 680 255.9  25.4 255.9  25.4 8.14E-06 001.8 152.6 -48.9 0.013389 0.017414 0.023967 hargrave 2020-11-22 16:28:18 
