CF- 130a mag compass orientation (IGRF corrected)
   59.9   7.5  73.0   0.0   0.0   1.0
NRM    301.9  42.0 301.9  42.0 3.13E-04 001.1 145.2  57.5 0.437937 0.460071 0.092694 hargrave 2020-12-20 21:44:27 
TT 100 302.1  38.8 302.1  38.8 2.95E-04 000.6 140.4  59.4 0.212237 0.208841 0.093389 hargrave 2020-12-22 19:37:46 
TT 200 299.0  32.8 299.0  32.8 2.57E-04 001.4 133.2  65.0 0.356258 0.523857 0.055166 hargrave 2020-12-29 17:18:00 
TT 300 297.6  29.6 297.6  29.6 2.06E-04 000.5 128.2  67.7 0.113862 0.118260 0.054570 hargrave 2020-12-30 13:13:20 
TT 400 297.7  27.0 297.7  27.0 1.60E-04 001.9 121.6  68.8 0.392953 0.352562 0.042420 hargrave 2021-01-01 17:59:37 
TT 450 297.1  27.3 297.1  27.3 1.42E-04 000.5 123.1  69.2 0.065496 0.088798 0.058320 hargrave 2021-01-02 12:48:58 
TT 500 300.1  24.8 300.1  24.8 1.26E-04 001.7 114.1  67.6 0.303143 0.226789 0.045106 hargrave 2021-01-03 10:43:25 
TT 525 299.8  24.1 299.8  24.1 1.19E-04 000.7 112.5  68.0 0.086658 0.098525 0.071904 hargrave 2021-01-03 17:13:25 
TT 550 300.0  24.3 300.0  24.3 1.08E-04 000.7 113.0  67.7 0.090046 0.082974 0.055772 hargrave 2021-01-03 23:00:24 
TT 560 298.8  24.1 298.8  24.1 1.02E-04 001.0 113.2  68.8 0.107184 0.125930 0.068654 hargrave 2021-01-07 21:50:57 
TT 570 298.2  23.4 298.2  23.4 9.59E-05 001.1 111.5  69.5 0.108816 0.136089 0.073635 hargrave 2021-01-19 16:44:31 
TT 580 299.5  23.7 299.5  23.7 9.15E-05 001.2 111.7  68.3 0.174191 0.079247 0.056527 hargrave 2021-01-24 13:53:10 
TT 590 298.2  22.4 298.2  22.4 8.81E-05 001.2 108.9  69.8 0.141219 0.125181 0.044036 hargrave 2021-01-28 12:39:05 
TT 600 297.2  22.7 297.2  22.7 8.12E-05 002.3 110.4  70.6 0.313485 0.098077 0.017692 hargrave 2021-01-29 10:32:48 
TT 610 298.4  20.0 298.4  20.0 7.71E-05 001.0 102.0  70.0 0.111986 0.081502 0.049559 hargrave 2021-01-29 17:09:53 
TT 620 298.3  19.9 298.3  19.9 7.05E-05 001.4 101.5  70.1 0.159338 0.076485 0.034920 hargrave 2021-01-31 15:56:50 
TT 630 299.1  20.9 299.1  20.9 6.43E-05 001.4 104.2  69.2 0.126061 0.095597 0.046681 hargrave 2021-02-02 10:55:21 
TT 640 300.4  15.9 300.4  15.9 5.96E-05 001.4 090.5  68.0 0.123389 0.073605 0.055973 hargrave 2021-02-02 18:21:28 
TT 650 298.3  19.6 298.3  19.6 4.90E-05 001.4 100.6  70.1 0.093874 0.069578 0.040405 hargrave 2021-02-04 11:53:09 
TT 660 301.1  18.2 301.1  18.2 4.08E-05 001.4 096.6  67.5 0.061261 0.070102 0.043624 hargrave 2021-02-04 18:36:02 
TT 664 301.6  13.5 301.6  13.5 3.74E-05 001.4 084.7  66.5 0.048260 0.075810 0.034768 hargrave 2021-02-05 14:41:23 
TT 668 301.1  13.5 301.1  13.5 3.15E-05 001.4 084.6  67.0 0.035087 0.061441 0.043363 hargrave 2021-02-05 20:34:01 
TT 672 297.0  08.1 297.0  08.1 2.66E-05 001.8 067.3  69.0 0.067900 0.033977 0.045848 hargrave 2021-02-06 16:33:03 
TT 674 300.5  06.8 300.5  06.8 2.26E-05 001.7 068.3  65.3 0.040974 0.034368 0.048741 hargrave 2021-02-07 18:58:03 
TT 676 308.3  09.4 308.3  09.4 2.12E-05 001.4 079.8  59.1 0.033753 0.035577 0.021218 hargrave 2021-02-09 14:00:23 
TT 678 291.5  16.1 291.5  16.1 1.40E-05 000.8 088.1  76.6 0.012678 0.011416 0.017686 hargrave 2021-02-11 14:35:15 
TT 680 293.4  13.0 293.4  13.0 9.39E-06 001.3 077.4  74.1 0.011566 0.014267 0.014078 hargrave 2021-02-11 21:14:18 
TT 682 320.0  32.9 320.0  32.9 7.72E-06 001.4 120.8  48.6 0.013648 0.008393 0.013108 hargrave 2021-02-12 14:55:51 
TT 684 325.0  09.9 325.0  09.9 9.05E-06 001.9 087.6  43.4 0.026074 0.008365 0.018254 hargrave 2021-02-13 14:30:04 
TT 687 351.9  37.3 351.9  37.3 6.03E-06 001.1 124.0  22.4 0.011389 0.010152 0.005805 hargrave 2021-02-13 19:25:50 
