CF- 110a mag compass orientation (IGRF corrected)
   51.7   3.5  88.0   0.0   0.0   1.0
NRM    296.0  39.0 296.0  39.0 7.43E-04 002.9 153.8  47.7 1.399341 3.411478 0.446545 hargrave 2020-12-20 21:08:31 
TT 100 294.3  35.2 294.3  35.2 6.68E-04 001.3 152.1  51.6 0.271093 1.413221 0.478749 hargrave 2020-12-22 19:09:55 
TT 200 296.2  28.8 296.2  28.8 5.93E-04 001.2 143.3  55.6 0.666510 0.990583 0.210285 hargrave 2020-12-29 16:48:31 
TT 300 293.7  26.8 293.7  26.8 4.90E-04 000.4 143.8  58.5 0.218502 0.213650 0.139585 hargrave 2020-12-30 12:36:34 
TT 400 293.0  24.2 293.0  24.2 3.88E-04 001.7 141.3  60.9 0.251108 1.085326 0.343763 hargrave 2021-01-01 17:21:36 
TT 450 295.4  22.4 295.4  22.4 3.49E-04 000.5 135.6  60.5 0.201593 0.177184 0.126664 hargrave 2021-01-02 12:10:53 
TT 500 294.2  21.9 294.2  21.9 3.06E-04 002.9 136.4  61.7 1.291386 0.829128 0.125836 hargrave 2021-01-02 19:26:41 
TT 525 295.8  20.3 295.8  20.3 2.87E-04 000.6 131.7  61.6 0.238736 0.174726 0.083054 hargrave 2021-01-03 16:43:29 
TT 550 293.7  20.7 293.7  20.7 2.54E-04 002.9 135.0  62.8 0.701992 1.064958 0.120324 hargrave 2021-01-03 22:30:26 
TT 560 294.4  20.7 294.4  20.7 2.42E-04 001.6 134.2  62.3 0.410673 0.511472 0.107962 hargrave 2021-01-07 21:16:39 
TT 570 294.3  19.4 294.3  19.4 2.21E-04 000.4 131.9  63.2 0.083908 0.132911 0.054502 hargrave 2021-01-19 16:15:36 
TT 580 297.1  20.4 297.1  20.4 2.10E-04 001.5 130.3  60.6 0.224938 0.485540 0.198282 hargrave 2021-01-24 13:18:43 
TT 590 295.9  18.4 295.9  18.4 2.00E-04 000.6 128.3  62.6 0.166920 0.118896 0.051561 hargrave 2021-01-28 12:04:27 
TT 600 295.4  19.1 295.4  19.1 1.86E-04 000.8 130.0  62.6 0.229251 0.065927 0.088430 hargrave 2021-01-29 09:58:03 
TT 610 294.3  17.6 294.3  17.6 1.68E-04 000.9 128.7  64.3 0.186752 0.178821 0.037387 hargrave 2021-01-29 16:34:50 
TT 620 297.0  15.3 297.0  15.3 1.47E-04 001.0 121.1  63.3 0.197813 0.155932 0.037159 hargrave 2021-01-31 15:28:02 
TT 630 294.4  18.5 294.4  18.5 1.37E-04 001.3 130.3  63.7 0.197635 0.255851 0.039305 hargrave 2021-02-02 10:19:54 
TT 640 295.5  17.8 295.5  17.8 1.22E-04 001.6 127.6  63.2 0.194066 0.276008 0.036351 hargrave 2021-02-02 17:47:07 
TT 650 296.0  16.5 296.0  16.5 1.11E-04 002.2 124.7  63.5 0.378072 0.185994 0.032345 hargrave 2021-02-04 11:18:59 
TT 660 298.2  15.5 298.2  15.5 9.52E-05 000.8 120.4  62.2 0.081689 0.114841 0.035208 hargrave 2021-02-04 18:02:27 
TT 664 294.0  16.0 294.0  16.0 8.06E-05 000.8 125.9  65.4 0.107551 0.048229 0.020907 hargrave 2021-02-05 14:07:31 
TT 668 295.7  15.9 295.7  15.9 6.62E-05 001.0 123.7  64.1 0.113929 0.051476 0.017245 hargrave 2021-02-05 20:01:59 
TT 672 299.1  13.9 299.1  13.9 5.22E-05 001.2 116.5  62.1 0.102796 0.043961 0.019388 hargrave 2021-02-06 16:00:49 
TT 674 301.0  13.0 301.0  13.0 4.43E-05 002.4 113.4  60.6 0.157048 0.097167 0.030288 hargrave 2021-02-07 18:25:47 
TT 676 297.5  20.5 297.5  20.5 3.06E-05 002.0 130.1  60.2 0.059112 0.094444 0.011720 hargrave 2021-02-09 13:27:16 
TT 678 291.4  21.9 291.4  21.9 1.98E-05 001.0 140.1  63.6 0.030044 0.021108 0.007597 hargrave 2021-02-11 14:02:43 
TT 680 275.8  23.8 275.8  23.8 1.17E-05 000.8 174.3  68.1 0.012452 0.011725 0.006470 hargrave 2021-02-11 20:42:03 
TT 682 284.8  27.4 284.8  27.4 8.95E-06 001.0 158.0  62.4 0.012878 0.009938 0.005129 hargrave 2021-02-12 14:23:26 
TT 684 265.1  22.0 265.1  22.0 7.72E-06 001.0 201.5  68.4 0.007221 0.004138 0.026572 hargrave 2021-02-13 14:07:18 
TT 687 320.5  05.4 320.5  05.4 7.70E-06 002.7 095.6  43.0 0.034655 0.016138 0.021885 hargrave 2021-02-13 19:05:40 
