CF- 116a mag compass orientation (IGRF corrected)
   53.9  17.5  96.0   0.0   0.0   1.0
NRM    300.8  45.1 300.8  45.1 2.11E-04 000.9 168.2  37.5 0.134089 0.180303 0.254932 hargrave 2020-12-20 21:17:22 
TT 100 301.4  40.2 301.4  40.2 2.03E-04 002.4 165.7  42.1 0.367681 0.756494 0.225676 hargrave 2020-12-22 19:17:03 
TT 200 293.7  35.6 293.7  35.6 1.84E-04 001.1 172.5  48.0 0.218589 0.179819 0.197436 hargrave 2020-12-29 16:55:44 
TT 300 292.1  31.3 292.1  31.3 1.52E-04 002.8 173.6  52.5 0.264441 0.669498 0.184466 hargrave 2020-12-30 12:45:27 
TT 400 290.2  28.5 290.2  28.5 1.20E-04 002.3 175.8  55.4 0.150526 0.435546 0.123763 hargrave 2021-01-01 17:29:26 
TT 450 291.2  28.6 291.2  28.6 1.06E-04 001.8 174.2  55.2 0.161687 0.263223 0.130610 hargrave 2021-01-02 12:20:07 
TT 500 292.7  27.0 292.7  27.0 9.28E-05 001.7 171.5  56.6 0.245200 0.113703 0.096179 hargrave 2021-01-02 19:35:08 
TT 525 287.8  18.4 287.8  18.4 1.84E-04 001.1 179.3  65.6 0.162987 0.321870 0.076703 hargrave 2021-01-03 16:50:35 
TT 550 290.8  26.0 290.8  26.0 8.21E-05 002.7 174.5  57.9 0.136349 0.357312 0.090086 hargrave 2021-01-03 22:37:33 
TT 560 289.5  26.0 289.5  26.0 7.99E-05 001.7 176.5  57.9 0.148016 0.154246 0.094033 hargrave 2021-01-07 21:25:31 
TT 570 290.0  25.4 290.0  25.4 7.52E-05 002.9 175.6  58.5 0.161763 0.323399 0.112804 hargrave 2021-01-19 16:22:58 
TT 580 289.3  25.5 289.3  25.5 7.26E-05 002.7 177.0  58.4 0.245599 0.170710 0.170068 hargrave 2021-01-24 13:27:34 
TT 590 290.6  24.8 290.6  24.8 7.05E-05 003.5 174.4  59.1 0.146946 0.394321 0.094484 hargrave 2021-01-28 12:13:23 
TT 600 291.7  24.5 291.7  24.5 6.60E-05 002.3 172.5  59.3 0.141629 0.204128 0.090191 hargrave 2021-01-29 10:07:01 
TT 610 291.0  23.6 291.0  23.6 6.28E-05 002.8 173.5  60.2 0.166850 0.236111 0.101771 hargrave 2021-01-29 16:44:15 
TT 620 291.0  24.4 291.0  24.4 5.92E-05 003.0 173.7  59.4 0.184660 0.231940 0.093999 hargrave 2021-01-31 15:35:33 
TT 630 290.8  23.1 290.8  23.1 5.40E-05 001.3 173.8  60.8 0.105151 0.051938 0.060402 hargrave 2021-02-02 10:28:18 
TT 640 291.9  21.6 291.9  21.6 5.00E-05 002.3 171.3  62.0 0.086112 0.177179 0.050200 hargrave 2021-02-02 17:55:33 
TT 650 292.2  23.8 292.2  23.8 4.80E-05 002.7 171.4  59.8 0.088170 0.212673 0.049394 hargrave 2021-02-04 11:27:27 
TT 660 290.3  22.2 290.3  22.2 4.32E-05 001.2 174.4  61.7 0.080322 0.033317 0.051356 hargrave 2021-02-04 18:10:48 
TT 664 289.9  21.1 289.9  21.1 3.66E-05 001.6 175.0  62.8 0.063340 0.082487 0.034571 hargrave 2021-02-05 14:15:55 
TT 668 290.5  20.1 290.5  20.1 3.26E-05 001.1 173.7  63.7 0.042786 0.038705 0.041527 hargrave 2021-02-05 20:10:15 
TT 672 293.8  21.6 293.8  21.6 3.13E-05 002.1 167.6  61.8 0.053238 0.097469 0.042561 hargrave 2021-02-06 16:09:11 
TT 674 293.0  17.7 293.0  17.7 2.77E-05 001.5 167.2  65.7 0.036077 0.061536 0.041703 hargrave 2021-02-07 18:34:10 
TT 676 293.4  17.5 293.4  17.5 2.66E-05 001.7 166.1  65.8 0.039597 0.065402 0.039114 hargrave 2021-02-09 13:35:41 
TT 678 293.4  20.7 293.4  20.7 2.46E-05 004.0 167.8  62.7 0.064000 0.157729 0.044739 hargrave 2021-02-11 14:11:10 
TT 680 297.2  19.0 297.2  19.0 2.25E-05 002.0 159.2  63.2 0.047535 0.053784 0.043439 hargrave 2021-02-11 20:50:26 
TT 682 288.9  08.9 288.9  08.9 1.83E-05 002.5 174.6  75.0 0.038513 0.067264 0.025376 hargrave 2021-02-12 14:33:04 
TT 684 314.2  20.8 314.2  20.8 7.32E-06 001.7 136.4  52.5 0.014170 0.016490 0.007153 hargrave 2021-02-13 14:13:04 
TT 687 008.6  11.3 008.6  11.3 4.21E-06 003.7 102.3  07.5 0.025198 0.013073 0.003112 hargrave 2021-02-13 19:11:16 
