CF- 129a mag compass orientation (IGRF corrected)
   59.6  71.5  82.0   0.0   0.0   1.0
NRM    312.6  49.7 312.6  49.7 3.98E-04 000.5 204.8  41.8 0.141865 0.237188 0.201495 hargrave 2020-12-20 21:42:55 
TT 100 313.9  49.7 313.9  49.7 3.61E-04 000.7 203.9  42.4 0.232628 0.235978 0.341560 hargrave 2020-12-22 19:36:31 
TT 200 306.9  41.4 306.9  41.4 2.85E-04 000.9 216.8  44.7 0.329733 0.243248 0.256559 hargrave 2020-12-29 17:16:02 
TT 300 304.0  37.9 304.0  37.9 2.18E-04 002.0 222.7  44.9 0.520683 0.521438 0.110860 hargrave 2020-12-30 13:10:59 
TT 400 304.1  36.3 304.1  36.3 8.62E-05 054.0 224.6  45.8 4.580403 4.511614 6.602548 hargrave 2021-01-01 17:58:22 
TT 400 303.6  36.9 303.6  36.9 8.69E-05 068.5 224.1  45.1 4.707283 4.568427 6.585519 hargrave 2021-01-01 19:12:53 
TT 400 303.4  34.7 303.4  34.7 1.73E-04 001.9 227.0  46.1 0.469723 0.322961 0.102490 hargrave 2021-01-01 19:51:05 
TT 450 302.4  34.8 302.4  34.8 1.58E-04 002.8 227.4  45.3 0.558578 0.532871 0.074174 hargrave 2021-01-02 12:46:32 
TT 500 302.1  32.1 302.1  32.1 1.42E-04 004.4 231.0  46.2 0.854958 0.662642 0.101297 hargrave 2021-01-03 10:42:10 
TT 525 305.0  35.9 305.0  35.9 1.32E-04 001.5 224.5  46.6 0.250904 0.222111 0.075228 hargrave 2021-01-03 17:11:27 
TT 550 304.0  33.7 304.0  33.7 1.16E-04 001.9 227.9  46.9 0.295276 0.231524 0.067080 hargrave 2021-01-03 22:58:27 
TT 560 302.5  33.7 302.5  33.7 1.10E-04 000.7 228.7  45.9 0.072396 0.104228 0.048784 hargrave 2021-01-07 21:49:24 
TT 570 327.9  43.5 327.9  43.5 9.58E-05 024.4 196.3  52.5 1.264664 4.161814 0.046308 hargrave 2021-01-19 16:43:13 
TT 570 303.4  32.9 303.4  32.9 1.04E-04 003.0 229.2  46.9 0.433726 0.352194 0.048061 hargrave 2021-01-19 17:38:04 
TT 580 305.0  31.6 305.0  31.6 9.59E-05 000.8 230.1  48.7 0.052470 0.090863 0.089414 hargrave 2021-01-24 13:51:35 
TT 590 305.8  34.4 305.8  34.4 9.35E-05 000.5 225.9  48.0 0.025022 0.073481 0.039671 hargrave 2021-01-28 12:37:32 
TT 600 302.1  29.5 302.1  29.5 8.48E-05 000.6 234.5  47.2 0.030985 0.071675 0.065203 hargrave 2021-01-29 10:31:15 
TT 610 303.3  28.7 303.3  28.7 7.52E-05 000.7 234.9  48.6 0.064784 0.068803 0.030717 hargrave 2021-01-29 17:08:21 
TT 620 302.0  29.7 302.0  29.7 6.94E-05 001.6 234.3  47.1 0.152378 0.125059 0.030957 hargrave 2021-01-31 15:55:33 
TT 630 300.8  27.0 300.8  27.0 6.24E-05 000.9 238.5  47.0 0.087949 0.052658 0.031904 hargrave 2021-02-02 10:53:53 
TT 640 299.3  23.0 299.3  23.0 5.66E-05 003.4 244.7  46.9 0.286977 0.171316 0.023395 hargrave 2021-02-02 18:19:57 
TT 650 299.3  27.5 299.3  27.5 5.09E-05 004.4 238.4  45.6 0.347102 0.179080 0.025497 hargrave 2021-02-04 11:51:40 
TT 660 304.4  30.6 304.4  30.6 3.74E-05 001.1 231.8  48.7 0.056942 0.044559 0.016404 hargrave 2021-02-04 18:34:35 
TT 664 302.0  27.9 302.0  27.9 3.27E-05 004.4 236.7  47.8 0.222334 0.124180 0.017652 hargrave 2021-02-05 14:39:55 
TT 668 295.5  26.8 295.5  26.8 2.95E-05 001.7 240.7  42.6 0.076570 0.048998 0.027453 hargrave 2021-02-05 20:32:33 
TT 672 292.5  17.3 292.5  17.3 2.31E-05 003.6 254.0  41.5 0.138381 0.046084 0.012670 hargrave 2021-02-06 16:31:35 
TT 674 294.3  17.3 294.3  17.3 1.98E-05 004.5 253.8  43.1 0.153025 0.039351 0.010973 hargrave 2021-02-07 18:56:34 
TT 676 298.1  21.0 298.1  21.0 1.52E-05 003.4 247.9  46.2 0.084429 0.036856 0.006768 hargrave 2021-02-09 13:58:55 
TT 678 280.0  28.9 280.0  28.9 1.39E-05 004.6 241.3  28.8 0.099405 0.056422 0.008006 hargrave 2021-02-11 14:33:46 
TT 680 302.1  05.2 302.1  05.2 6.12E-06 003.4 271.6  50.8 0.034726 0.008555 0.005905 hargrave 2021-02-11 21:12:50 
TT 682 325.7  37.9 325.7  37.9 3.21E-06 003.7 203.1  56.9 0.010247 0.018535 0.002832 hargrave 2021-02-12 14:54:21 
