CF- 132a mag compass orientation (IGRF corrected)
   60.7 337.5  74.0   0.0   0.0   1.0
NRM    308.0  49.2 308.0  49.2 2.59E-04 001.9 138.3  31.2 0.624107 0.556634 0.242541 hargrave 2020-12-20 21:47:37 
TT 100 306.5  50.3 306.5  50.3 2.45E-04 001.2 139.8  31.9 0.423320 0.266425 0.215658 hargrave 2020-12-22 19:40:21 
TT 200 305.8  45.4 305.8  45.4 2.25E-04 003.1 134.3  33.4 0.931619 0.766070 0.167007 hargrave 2020-12-29 17:20:33 
TT 300 304.7  42.1 304.7  42.1 1.88E-04 001.8 130.6  34.9 0.488175 0.280079 0.213850 hargrave 2020-12-30 13:16:30 
TT 400 305.0  39.2 305.0  39.2 1.51E-04 003.3 127.0  35.1 0.688555 0.550761 0.078398 hargrave 2021-01-01 18:02:12 
TT 450 303.9  44.8 303.9  44.8 1.35E-04 003.6 133.9  34.8 0.622658 0.549145 0.126046 hargrave 2021-01-02 12:52:17 
TT 500 304.1  41.1 304.1  41.1 1.20E-04 001.1 129.4  35.5 0.099351 0.214960 0.090521 hargrave 2021-01-03 10:46:00 
TT 525 306.2  39.1 306.2  39.1 1.15E-04 001.5 126.7  34.2 0.137273 0.261750 0.105000 hargrave 2021-01-03 17:16:00 
TT 550 304.5  42.9 304.5  42.9 1.03E-04 004.0 131.5  34.8 0.569219 0.435961 0.077522 hargrave 2021-01-03 23:02:57 
TT 560 306.1  37.1 306.1  37.1 9.92E-05 001.0 124.4  34.4 0.134543 0.046808 0.126108 hargrave 2021-01-07 21:54:06 
TT 570 304.2  39.3 304.2  39.3 9.27E-05 001.2 127.3  35.7 0.068186 0.158351 0.123165 hargrave 2021-01-19 16:47:11 
TT 580 306.9  36.0 306.9  36.0 8.84E-05 003.6 123.0  33.9 0.480275 0.226830 0.177331 hargrave 2021-01-24 13:56:21 
TT 590 305.5  42.7 305.5  42.7 8.57E-05 001.2 131.1  34.2 0.117173 0.055770 0.147529 hargrave 2021-01-28 12:42:17 
TT 600 302.5  40.5 302.5  40.5 7.92E-05 001.0 128.9  36.8 0.103766 0.094757 0.060513 hargrave 2021-01-29 10:35:59 
TT 610 302.3  40.3 302.3  40.3 7.59E-05 001.5 128.8  36.9 0.119088 0.077117 0.149650 hargrave 2021-01-29 17:13:15 
TT 620 303.5  38.9 303.5  38.9 7.05E-05 001.6 126.9  36.3 0.093468 0.117792 0.135897 hargrave 2021-01-31 15:59:38 
TT 630 302.9  38.9 302.9  38.9 6.54E-05 001.1 126.9  36.7 0.051420 0.077223 0.093191 hargrave 2021-02-02 10:58:28 
TT 640 305.1  40.8 305.1  40.8 6.04E-05 001.0 128.9  34.7 0.089210 0.038276 0.071605 hargrave 2021-02-02 18:24:25 
TT 650 302.7  41.6 302.7  41.6 5.38E-05 001.4 130.3  36.4 0.098237 0.067520 0.058713 hargrave 2021-02-04 11:56:17 
TT 660 304.8  40.2 304.8  40.2 4.40E-05 001.4 128.2  35.1 0.068006 0.075678 0.053288 hargrave 2021-02-04 18:39:07 
TT 664 303.8  36.2 303.8  36.2 3.88E-05 003.1 123.6  36.3 0.169782 0.124453 0.039631 hargrave 2021-02-05 14:44:29 
TT 668 302.6  40.5 302.6  40.5 3.29E-05 003.6 129.0  36.7 0.162087 0.128389 0.031572 hargrave 2021-02-05 20:37:06 
TT 672 304.9  34.8 304.9  34.8 2.48E-05 002.8 121.7  35.7 0.103019 0.064093 0.020413 hargrave 2021-02-06 16:36:08 
TT 674 299.9  47.7 299.9  47.7 2.13E-05 004.9 138.3  36.8 0.125565 0.133298 0.025295 hargrave 2021-02-07 19:01:08 
TT 676 306.2  31.9 306.2  31.9 1.78E-05 004.1 118.0  34.7 0.115544 0.055364 0.021358 hargrave 2021-02-09 14:03:28 
TT 678 293.8  49.2 293.8  49.2 1.20E-05 005.2 141.9  40.0 0.072881 0.078805 0.019550 hargrave 2021-02-11 14:38:21 
TT 680 311.5  26.6 311.5  26.6 7.30E-06 009.5 111.9  30.0 0.113436 0.047090 0.013041 hargrave 2021-02-11 21:17:24 
TT 680 311.8  30.6 311.8  30.6 7.30E-06 002.9 116.5  29.9 0.033770 0.013588 0.012402 hargrave 2021-02-12 09:55:04 
TT 682 295.3  52.3 295.3  52.3 5.45E-06 001.5 145.0  37.8 0.010202 0.008085 0.010079 hargrave 2021-02-12 15:00:11 
TT 684 318.5  49.2 318.5  49.2 4.68E-06 002.1 137.3  24.4 0.011428 0.010124 0.010993 hargrave 2021-02-13 14:32:52 
TT 687 336.8  33.6 336.8  33.6 1.02E-06 061.2 122.4  09.3 0.057520 0.090961 0.018043 hargrave 2021-02-13 19:27:20 
TT 687 243.8  30.2 243.8  30.2 9.69E-09 039.5 192.9  74.9 0.000529 0.000632 0.000296 hargrave 2021-02-13 20:07:33 
