CF- 176a mag compass orientation (IGRF corrected)
   87.3  11.5  81.0   0.0   0.0   1.0
NRM    306.9  51.3 306.9  51.3 4.72E-04 003.3 158.6  42.8 0.580826 2.653646 0.443770 hargrave 2021-01-09 13:46:56 
TT 100 302.1  48.3 302.1  48.3 4.43E-04 006.3 159.9  47.1 1.497194 4.658318 0.192195 hargrave 2021-01-09 17:43:01 
TT 200 298.2  44.9 298.2  44.9 4.12E-04 001.4 161.0  51.3 0.528794 0.841075 0.173807 hargrave 2021-01-10 13:42:58 
TT 300 295.3  40.6 295.3  40.6 2.97E-04 002.0 161.0  56.1 0.572071 0.812238 0.217893 hargrave 2021-01-10 18:00:35 
TT 400 288.2  39.7 288.2  39.7 1.86E-04 003.1 170.1  58.7 0.141478 1.009346 0.063101 hargrave 2021-01-11 14:36:37 
TT 450 289.3  38.3 289.3  38.3 1.70E-04 001.7 167.7  59.8 0.211641 0.439531 0.103103 hargrave 2021-01-11 19:19:28 
TT 500 291.4  35.0 291.4  35.0 1.52E-04 003.4 162.2  62.5 0.146189 0.903949 0.045384 hargrave 2021-01-12 15:53:11 
TT 525 293.5  34.8 293.5  34.8 7.00E-05 030.6 158.7  61.9 3.285480 1.286510 6.583203 hargrave 2021-01-13 09:47:50 
TT 525 296.4  35.6 296.4  35.6 7.00E-05 075.3 155.2  60.2 3.380016 1.564923 6.491361 hargrave 2021-01-13 10:40:18 
TT 550 292.7  34.0 292.7  34.0 1.17E-04 002.7 159.2  62.9 0.146519 0.535010 0.088012 hargrave 2021-01-13 17:32:00 
TT 560 293.4  33.8 293.4  33.8 1.04E-04 002.0 157.9  62.9 0.157112 0.320589 0.049169 hargrave 2021-01-24 10:19:43 
TT 570 290.4  33.1 290.4  33.1 9.28E-05 001.9 162.4  64.5 0.128394 0.275601 0.071356 hargrave 2021-01-24 17:50:52 
TT 570 290.0  33.2 290.0  33.2 9.28E-05 002.3 163.3  64.5 0.136804 0.337823 0.072182 hargrave 2021-01-24 19:06:41 
TT 580 291.2  33.6 291.2  33.6 8.93E-05 000.7 161.5  63.8 0.072164 0.086972 0.030785 hargrave 2021-01-28 15:55:47 
TT 590 290.7  33.4 290.7  33.4 8.68E-05 001.8 162.2  64.2 0.114532 0.247592 0.040384 hargrave 2021-01-29 14:01:46 
TT 600 288.3  35.2 288.3  35.2 7.27E-05 003.3 167.7  63.1 0.128444 0.405139 0.023710 hargrave 2021-01-31 12:36:40 
TT 610 294.0  35.1 294.0  35.1 7.15E-05 001.1 158.1  61.5 0.108553 0.100805 0.032801 hargrave 2021-01-31 20:37:15 
TT 620 294.1  38.1 294.1  38.1 6.28E-05 003.3 160.7  58.7 0.112921 0.351098 0.030741 hargrave 2021-02-02 14:19:18 
TT 630 296.5  34.0 296.5  34.0 6.01E-05 002.6 153.3  61.5 0.112497 0.251943 0.016575 hargrave 2021-02-03 20:56:13 
TT 640 293.8  36.5 293.8  36.5 4.91E-05 003.2 159.7  60.3 0.091049 0.259441 0.015186 hargrave 2021-02-04 14:58:18 
TT 650 293.6  27.8 293.6  27.8 4.12E-05 002.6 150.2  68.0 0.074925 0.172477 0.007708 hargrave 2021-02-05 09:39:55 
TT 660 292.3  30.9 292.3  30.9 3.22E-05 003.4 156.8  65.9 0.068361 0.180563 0.008102 hargrave 2021-02-05 17:44:43 
TT 664 299.8  32.4 299.8  32.4 2.91E-05 002.6 146.7  61.2 0.065745 0.119062 0.007789 hargrave 2021-02-06 11:22:51 
TT 668 307.9  30.9 307.9  30.9 1.17E-05 026.4 135.4  57.1 0.483451 0.476173 1.048145 hargrave 2021-02-07 14:00:36 
TT 668 307.7  31.4 307.7  31.4 1.16E-05 073.2 136.3  56.9 0.490918 0.468466 1.037373 hargrave 2021-02-07 14:38:07 
TT 668 305.4  32.0 305.4  32.0 2.31E-05 002.4 139.5  58.0 0.041771 0.083531 0.026501 hargrave 2021-02-07 14:51:21 
TT 672 306.6  36.2 306.6  36.2 2.26E-05 005.0 143.9  54.5 0.176896 0.059466 0.071036 hargrave 2021-02-09 18:31:25 
TT 674 280.2  39.4 280.2  39.4 1.67E-05 001.8 182.0  59.6 0.025666 0.048759 0.012247 hargrave 2021-02-11 18:16:57 
TT 676 282.9  43.5 282.9  43.5 1.53E-05 002.8 178.2  55.5 0.039003 0.061739 0.022077 hargrave 2021-02-12 12:05:11 
TT 678 329.0  31.9 329.0  31.9 1.01E-05 002.1 124.7  40.5 0.023279 0.041674 0.010204 hargrave 2021-02-13 11:53:20 
