CF- 17a mag compass orientation (IGRF corrected)
    8.7 198.5  82.0   0.0   0.0   1.0
NRM    303.0  66.3 303.0  66.3 2.21E-03 005.9 186.0 -15.0 4.116031 21.57268 6.162005 hargrave 2020-08-30 19:08:38 
TT 100 310.8  61.9 310.8  61.9 2.09E-03 006.1 190.8 -18.0 6.389064 18.98562 9.541777 hargrave 2020-09-01 16:52:16 
TT 200 290.4  53.4 290.4  53.4 1.43E-03 003.4 181.3 -28.6 2.905661 5.980244 5.367342 hargrave 2020-09-05 16:35:19 
TT 300 290.4  48.7 290.4  48.7 1.10E-03 003.7 181.5 -33.2 2.161769 5.814733 3.559747 hargrave 2020-09-06 19:11:09 
TT 400 292.2  44.2 292.2  44.2 7.44E-04 002.3 183.3 -37.7 1.363839 2.173173 1.580573 hargrave 2020-09-15 16:10:53 
TT 450 288.7  43.8 288.7  43.8 6.32E-04 002.5 180.2 -38.2 1.685668 0.972254 1.947268 hargrave 2020-09-17 22:59:30 
TT 500 289.0  42.6 289.0  42.6 5.33E-04 003.3 180.5 -39.4 1.203327 2.471122 1.456930 hargrave 2020-09-19 15:24:22 
TT 525 291.9  41.2 291.9  41.2 4.80E-04 003.0 183.3 -40.7 1.366964 1.568101 1.397751 hargrave 2020-09-19 20:23:38 
TT 550 289.5  41.6 289.5  41.6 4.39E-04 003.6 181.0 -40.4 1.174481 2.150612 1.277344 hargrave 2020-09-22 15:57:52 
TT 560 287.1  41.9 287.1  41.9 4.01E-04 003.7 178.7 -40.0 1.243199 1.831805 1.309415 hargrave 2020-09-24 20:24:50 
TT 570 288.0  40.9 288.0  40.9 3.58E-04 004.4 179.5 -41.0 0.974681 2.356696 1.052397 hargrave 2020-09-26 15:02:04 
TT 580 291.0  39.8 291.0  39.8 3.31E-04 002.2 182.6 -42.1 0.885186 0.307768 0.879851 hargrave 2020-09-27 14:08:44 
TT 590 288.3  37.2 288.3  37.2 2.91E-04 003.1 179.7 -44.8 0.589191 1.358034 0.580066 hargrave 2020-10-03 14:03:48 
TT 600 285.1  38.8 285.1  38.8 2.68E-04 001.0 176.4 -43.1 0.308257 0.152333 0.310155 hargrave 2020-10-07 21:49:25 
TT 610 283.4  34.8 283.4  34.8 2.21E-04 001.0 173.8 -46.9 0.274738 0.129186 0.260134 hargrave 2020-10-08 21:18:45 
TT 620 293.2  35.4 293.2  35.4 1.81E-04 001.0 185.5 -46.4 0.191974 0.156028 0.190961 hargrave 2020-10-10 09:46:23 
TT 630 296.0  33.4 296.0  33.4 1.52E-04 002.0 189.4 -48.0 0.254050 0.420880 0.180200 hargrave 2020-10-10 21:36:14 
TT 640 284.5  28.5 284.5  28.5 1.25E-04 001.0 174.1 -53.3 0.147463 0.110836 0.139082 hargrave 2020-10-13 14:05:46 
TT 650 294.8  30.3 294.8  30.3 1.07E-04 002.1 188.6 -51.2 0.209138 0.303481 0.129834 hargrave 2020-10-14 09:21:32 
TT 660 298.1  31.6 298.1  31.6 8.54E-05 002.2 192.5 -49.4 0.235558 0.170712 0.161148 hargrave 2020-10-16 17:19:36 
TT 664 300.1  26.5 300.1  26.5 7.54E-05 001.8 197.7 -53.7 0.193891 0.061401 0.150234 hargrave 2020-10-30 12:15:45 
TT 668 284.9  29.7 284.9  29.7 6.71E-05 003.9 174.9 -52.2 0.194156 0.396363 0.143209 hargrave 2020-10-30 18:58:50 
TT 672 285.4  22.0 285.4  22.0 4.63E-05 002.4 174.3 -59.8 0.103219 0.143307 0.101016 hargrave 2020-11-09 00:42:46 
TT 674 301.7  28.7 301.7  28.7 4.50E-05 001.8 198.6 -51.1 0.109515 0.039013 0.105311 hargrave 2020-11-15 18:12:10 
TT 675 307.1  23.9 307.1  23.9 3.82E-05 001.7 209.2 -53.4 0.102701 0.029526 0.070618 hargrave 2020-11-16 01:18:39 
TT 676 291.4  32.8 291.4  32.8 3.02E-05 003.9 183.7 -49.1 0.058072 0.197523 0.039220 hargrave 2020-11-19 11:23:09 
TT 677 299.1  12.0 299.1  12.0 2.64E-05 000.7 207.9 -67.4 0.028255 0.020983 0.022921 hargrave 2020-11-19 17:34:03 
TT 678 299.7  28.6 299.7  28.6 2.74E-05 001.9 196.0 -51.8 0.042705 0.083903 0.025607 hargrave 2020-11-19 23:37:05 
TT 679 310.1  16.4 310.1  16.4 1.99E-05 001.5 221.2 -57.6 0.043835 0.021534 0.020993 hargrave 2020-11-22 10:32:44 
TT 680 291.6  31.4 291.6  31.4 2.22E-05 002.7 184.1 -50.5 0.042789 0.095426 0.024220 hargrave 2020-11-22 16:31:15 
TT 681 307.5  24.5 307.5  24.5 1.82E-05 003.5 209.2 -52.6 0.061403 0.095039 0.015085 hargrave 2020-11-24 21:50:03 
