CF- 103a mag compass orientation (IGRF corrected)
   48.4   0.5  75.0   0.0   0.0   1.0
NRM    321.6  58.0 321.6  58.0 3.33E-04 001.7 150.6  32.7 0.618731 0.734215 0.271520 hargrave 2020-12-20 20:55:21 
TT 100 318.3  55.9 318.3  55.9 3.19E-04 002.6 149.4  35.3 0.970971 1.016697 0.463833 hargrave 2020-12-22 18:59:19 
TT 200 301.7  50.4 301.7  50.4 2.51E-04 002.5 151.2  46.6 0.708990 0.782661 0.244870 hargrave 2020-12-29 16:37:46 
TT 300 298.7  44.1 298.7  44.1 1.96E-04 002.1 146.2  52.3 0.367816 0.601934 0.095058 hargrave 2020-12-30 12:22:32 
TT 400 115.0  74.6 115.0  74.6 7.05E-05 063.4 186.3  01.0 0.322931 5.338790 13.35259 hargrave 2021-01-01 17:09:28 
TT 400 233.6  02.0 233.6  02.0 2.17E-09 079.8 286.0  49.3 0.000566 0.000508 0.000776 hargrave 2021-01-01 19:09:04 
TT 400 298.2  40.5 298.2  40.5 1.52E-04 001.3 142.0  54.9 0.276933 0.207327 0.048993 hargrave 2021-01-01 19:46:25 
TT 450 297.0  40.5 297.0  40.5 1.32E-04 001.4 143.0  55.6 0.280194 0.163858 0.069030 hargrave 2021-01-02 11:56:26 
TT 500 297.5  39.6 297.5  39.6 1.15E-04 002.4 141.4  55.9 0.399049 0.253683 0.102373 hargrave 2021-01-02 19:14:33 
TT 525 297.6  39.3 297.6  39.3 1.10E-04 001.2 140.9  56.0 0.182021 0.133045 0.042197 hargrave 2021-01-03 16:32:05 
TT 550 297.6  37.9 297.6  37.9 9.89E-05 002.6 138.8  56.9 0.351521 0.289837 0.052780 hargrave 2021-01-03 22:19:43 
TT 560 298.5  35.7 298.5  35.7 9.33E-05 002.0 134.8  57.5 0.280996 0.176619 0.027157 hargrave 2021-01-07 21:04:18 
TT 570 296.9  37.5 296.9  37.5 8.85E-05 001.6 138.9  57.6 0.174088 0.186763 0.025690 hargrave 2021-01-19 16:05:06 
TT 580 298.3  36.2 298.3  36.2 8.04E-05 001.1 135.7  57.4 0.133206 0.094119 0.032446 hargrave 2021-01-24 13:06:22 
TT 590 297.1  37.2 297.1  37.2 7.66E-05 003.2 138.2  57.6 0.357588 0.222112 0.065540 hargrave 2021-01-28 11:52:00 
TT 600 292.0  37.6 292.0  37.6 6.82E-05 001.4 143.9  60.5 0.088746 0.142441 0.018709 hargrave 2021-01-29 09:45:27 
TT 610 289.3  34.2 289.3  34.2 5.88E-05 003.1 141.9  64.4 0.268436 0.167736 0.020532 hargrave 2021-01-29 16:22:53 
TT 620 296.3  33.0 296.3  33.0 5.36E-05 003.2 132.3  60.5 0.216185 0.230974 0.027683 hargrave 2021-01-31 15:17:07 
TT 630 295.4  26.0 295.4  26.0 2.26E-05 023.2 119.3  64.3 0.511100 0.909893 2.173755 hargrave 2021-02-02 10:07:24 
TT 630 296.2  15.4 296.2  15.4 2.25E-05 030.1 094.3  65.2 0.076272 1.006298 2.185420 hargrave 2021-02-02 11:43:52 
TT 630 295.7  18.8 295.7  18.8 4.49E-05 003.8 102.5  65.6 0.283238 0.089739 0.014897 hargrave 2021-02-02 11:53:52 
TT 640 294.2  28.7 294.2  28.7 3.76E-05 001.4 125.9  64.2 0.084204 0.036601 0.009442 hargrave 2021-02-02 17:34:48 
TT 650 297.4  20.2 297.4  20.2 3.41E-05 003.6 105.4  63.8 0.210899 0.043248 0.018519 hargrave 2021-02-04 11:06:20 
TT 660 298.1  24.5 298.1  24.5 2.59E-05 005.0 114.5  62.4 0.218056 0.062356 0.013970 hargrave 2021-02-04 17:49:57 
TT 664 278.7  16.0 278.7  16.0 2.01E-05 002.7 098.1  82.0 0.090913 0.019891 0.022458 hargrave 2021-02-05 13:55:00 
TT 668 291.3  28.6 291.3  28.6 1.84E-05 002.3 128.7  66.5 0.074316 0.014196 0.009635 hargrave 2021-02-05 19:49:37 
TT 672 276.5  08.6 276.5  08.6 1.49E-05 003.0 043.2  81.3 0.076815 0.009076 0.019007 hargrave 2021-02-06 15:48:19 
TT 674 280.1  28.9 280.1  28.9 1.40E-05 003.0 149.1  73.5 0.065544 0.027698 0.014751 hargrave 2021-02-07 18:13:21 
TT 676 287.2  30.9 287.2  30.9 1.53E-05 001.7 138.9  67.9 0.037288 0.022345 0.016942 hargrave 2021-02-09 13:14:45 
TT 678 281.6  28.0 281.6  28.0 1.24E-05 001.6 143.5  73.4 0.032673 0.009482 0.003541 hargrave 2021-02-11 13:50:07 
TT 680 298.0 -02.9 298.0 -02.9 1.01E-05 002.9 058.8  57.4 0.047325 0.014780 0.015557 hargrave 2021-02-11 20:29:33 
TT 682 249.1  17.2 249.1  17.2 7.76E-06 003.3 261.0  69.3 0.044665 0.004836 0.002126 hargrave 2021-02-12 14:14:16 
TT 684 316.7 -11.2 316.7 -11.2 3.60E-06 003.8 062.9  37.3 0.020854 0.012231 0.003253 hargrave 2021-02-13 14:01:42 
TT 687 178.3  50.2 178.3  50.2 3.69E-06 003.1 220.5  10.1 0.015717 0.012630 0.007840 hargrave 2021-02-13 18:59:29 
