CF- 111a mag compass orientation (IGRF corrected)
   51.8 354.5  90.0   0.0   0.0   1.0
NRM    293.7  40.4 293.7  40.4 4.07E-04 001.2 150.2  41.7 0.349011 0.812749 0.210334 hargrave 2020-12-20 21:10:00 
TT 100 293.0  38.7 293.0  38.7 3.65E-04 002.3 149.2  43.3 0.923979 1.151217 0.176130 hargrave 2020-12-22 19:11:07 
TT 200 291.6  35.9 291.6  35.9 3.18E-04 000.8 147.8  46.2 0.185252 0.401374 0.140833 hargrave 2020-12-29 16:49:44 
TT 300 289.8  34.2 289.8  34.2 2.57E-04 000.5 147.9  48.4 0.158142 0.127944 0.121013 hargrave 2020-12-30 12:38:04 
TT 400 288.6  32.7 288.6  32.7 1.95E-04 001.8 147.5  50.2 0.264126 0.573519 0.073535 hargrave 2021-01-01 17:22:49 
TT 450 288.4  32.5 288.4  32.5 1.71E-04 000.6 147.5  50.4 0.129121 0.024097 0.150409 hargrave 2021-01-02 12:12:25 
TT 500 288.9  31.3 288.9  31.3 1.52E-04 000.9 145.9  51.1 0.155887 0.192464 0.065334 hargrave 2021-01-02 19:27:53 
TT 525 285.5  32.8 285.5  32.8 1.41E-04 005.6 151.0  51.7 0.526162 1.275914 0.124265 hargrave 2021-01-03 16:44:41 
TT 550 286.4  32.1 286.4  32.1 1.25E-04 001.7 149.3  51.8 0.228233 0.301026 0.085473 hargrave 2021-01-03 22:31:38 
TT 560 289.4  28.9 289.4  28.9 1.19E-04 001.7 142.7  52.6 0.194014 0.295961 0.117612 hargrave 2021-01-07 21:18:08 
TT 570 290.8  28.3 290.8  28.3 1.09E-04 002.1 140.5  52.1 0.139071 0.361081 0.133232 hargrave 2021-01-19 16:16:51 
TT 580 287.2  31.2 287.2  31.2 1.05E-04 002.6 147.5  52.1 0.379205 0.136970 0.249395 hargrave 2021-01-24 13:20:12 
TT 590 286.9  28.6 286.9  28.6 9.90E-05 001.8 145.1  54.3 0.098430 0.236988 0.188720 hargrave 2021-01-28 12:05:58 
TT 600 288.2  28.3 288.2  28.3 9.43E-05 002.2 143.3  53.8 0.168021 0.314141 0.109957 hargrave 2021-01-29 09:59:33 
TT 610 285.6  28.1 285.6  28.1 8.43E-05 001.4 146.1  55.4 0.131445 0.084861 0.145142 hargrave 2021-01-29 16:36:41 
TT 620 286.6  29.0 286.6  29.0 7.83E-05 001.5 145.8  54.2 0.153985 0.098781 0.114448 hargrave 2021-01-31 15:29:32 
TT 630 283.2  26.7 283.2  26.7 7.32E-05 001.1 147.5  57.8 0.064840 0.119876 0.073257 hargrave 2021-02-02 10:21:20 
TT 640 285.1  27.3 285.1  27.3 6.66E-05 001.3 145.7  56.3 0.090543 0.117965 0.051441 hargrave 2021-02-02 17:48:36 
TT 650 283.3  26.3 283.3  26.3 6.14E-05 001.1 146.9  58.0 0.075270 0.097406 0.030463 hargrave 2021-02-04 11:20:25 
TT 660 287.1  27.5 287.1  27.5 5.19E-05 001.1 143.6  55.0 0.054938 0.075794 0.060518 hargrave 2021-02-04 18:03:52 
TT 664 283.8  24.3 283.8  24.3 4.45E-05 001.8 143.9  59.4 0.109219 0.097564 0.036856 hargrave 2021-02-05 14:08:56 
TT 668 281.0  28.9 281.0  28.9 3.91E-05 002.8 152.7  57.1 0.107654 0.162864 0.028447 hargrave 2021-02-05 20:03:23 
TT 672 280.0  24.0 280.0  24.0 3.13E-05 001.1 149.1  61.7 0.057603 0.025592 0.034614 hargrave 2021-02-06 16:02:14 
TT 674 280.9  30.6 280.9  30.6 2.56E-05 001.5 154.5  55.7 0.060966 0.037483 0.044399 hargrave 2021-02-07 18:27:12 
TT 676 276.5  32.1 276.5  32.1 2.21E-05 001.1 161.7  55.9 0.025921 0.040838 0.021809 hargrave 2021-02-09 13:28:43 
TT 678 281.6  30.8 281.6  30.8 1.51E-05 002.4 153.8  55.2 0.032582 0.054397 0.030343 hargrave 2021-02-11 14:04:09 
TT 680 291.5  38.0 291.5  38.0 9.00E-06 001.9 149.8  44.6 0.016894 0.026201 0.007687 hargrave 2021-02-11 20:43:29 
TT 682 343.0  89.5 343.0  89.5 3.66E-06 053.6 179.5  00.1 0.011647 0.173987 0.468677 hargrave 2021-02-12 14:26:02 
TT 682 243.8  89.5 243.8  89.5 3.59E-06 055.0 180.2  00.5 0.011260 0.180459 0.483163 hargrave 2021-02-12 15:45:54 
TT 682 285.5  36.2 285.5  36.2 5.91E-06 001.5 153.9  48.9 0.017830 0.008546 0.002611 hargrave 2021-02-13 09:51:25 
