CF- 10a mag compass orientation (IGRF corrected)
    5.8 197.5  80.0   0.0   0.0   1.0
NRM    309.3  62.6 309.3  62.6 1.65E-03 001.0 190.2 -15.5 0.963928 1.699949 2.014163 hargrave 2020-08-30 18:56:57 
TT 100 311.6  59.6 311.6  59.6 1.54E-03 002.1 192.5 -17.8 0.447598 3.566133 4.242900 hargrave 2020-09-01 16:38:29 
TT 200 290.2  46.4 290.2  46.4 9.36E-04 001.7 182.2 -33.5 1.303654 1.438262 1.884862 hargrave 2020-09-05 16:25:51 
TT 300 291.4  37.9 291.4  37.9 6.79E-04 002.6 184.1 -42.0 1.403910 2.476567 1.272061 hargrave 2020-09-06 18:59:12 
TT 400 294.8  33.4 294.8  33.4 4.93E-04 002.3 188.7 -46.1 0.468256 1.842467 0.589565 hargrave 2020-09-15 15:56:32 
TT 450 292.0  33.6 292.0  33.6 4.39E-04 002.9 185.5 -46.2 1.094021 1.891372 0.620661 hargrave 2020-09-17 22:45:14 
TT 500 294.9  29.9 294.9  29.9 3.89E-04 003.7 189.9 -49.5 1.098317 2.190431 0.503969 hargrave 2020-09-19 15:11:39 
TT 525 291.1  28.8 291.1  28.8 3.55E-04 002.7 185.1 -51.1 0.797077 1.381975 0.455779 hargrave 2020-09-19 20:10:16 
TT 550 290.8  30.4 290.8  30.4 3.15E-04 001.8 184.4 -49.4 0.739477 0.559330 0.405516 hargrave 2020-09-22 15:44:25 
TT 560 290.3  30.4 290.3  30.4 2.87E-04 001.6 183.8 -49.5 0.679556 0.119204 0.442017 hargrave 2020-09-24 20:11:21 
TT 570 293.7  29.7 293.7  29.7 2.71E-04 001.6 188.3 -49.9 0.642876 0.222526 0.396589 hargrave 2020-09-26 14:47:42 
TT 580 294.6  26.3 294.6  26.3 2.47E-04 001.3 190.7 -53.0 0.522652 0.067026 0.272137 hargrave 2020-09-27 13:55:18 
TT 590 287.2  27.3 287.2  27.3 2.29E-04 001.5 179.5 -52.7 0.273501 0.537098 0.130532 hargrave 2020-10-03 13:50:22 
TT 600 289.7  27.2 289.7  27.2 2.01E-04 000.5 183.2 -52.8 0.098306 0.152076 0.094125 hargrave 2020-10-07 21:36:29 
TT 610 291.7  23.9 291.7  23.9 1.75E-04 001.8 186.8 -55.9 0.132718 0.527350 0.077267 hargrave 2020-10-08 21:06:14 
TT 620 293.5  24.7 293.5  24.7 1.46E-04 001.0 189.5 -54.8 0.144073 0.211022 0.055173 hargrave 2020-10-10 09:36:08 
TT 630 289.9  27.0 289.9  27.0 1.27E-04 000.9 183.6 -53.0 0.082659 0.167630 0.056673 hargrave 2020-10-10 21:23:40 
TT 640 293.0  25.7 293.0  25.7 1.13E-04 001.2 188.4 -53.9 0.086954 0.215351 0.045916 hargrave 2020-10-13 13:54:40 
TT 650 297.1  21.5 297.1  21.5 1.00E-04 002.5 196.6 -57.1 0.199021 0.384515 0.039592 hargrave 2020-10-14 09:08:48 
TT 660 293.3  25.9 293.3  25.9 8.57E-05 001.3 188.8 -53.6 0.165847 0.058388 0.105145 hargrave 2020-10-16 17:05:15 
TT 664 285.2  25.4 285.2  25.4 8.00E-05 001.7 176.3 -54.6 0.169835 0.139942 0.093914 hargrave 2020-10-30 12:03:08 
TT 668 287.6  25.0 287.6  25.0 7.18E-05 002.0 180.1 -55.0 0.156855 0.173111 0.111788 hargrave 2020-10-30 18:46:09 
TT 672 275.9  10.5 275.9  10.5 4.59E-05 003.3 150.3 -66.5 0.225975 0.128650 0.056782 hargrave 2020-11-09 00:33:04 
TT 674 279.8  26.5 279.8  26.5 4.52E-05 002.2 168.5 -52.7 0.099271 0.139040 0.060925 hargrave 2020-11-15 17:59:32 
TT 675 305.0  19.9 305.0  19.9 4.02E-05 003.3 210.0 -55.5 0.178899 0.143159 0.042274 hargrave 2020-11-16 01:05:07 
TT 676 276.2  16.5 276.2  16.5 3.46E-05 003.0 157.0 -61.2 0.080329 0.166575 0.013878 hargrave 2020-11-19 11:10:30 
TT 677 309.1  03.9 309.1  03.9 2.80E-05 002.0 238.2 -64.4 0.067070 0.072196 0.010736 hargrave 2020-11-19 17:21:07 
TT 678 272.4  18.4 272.4  18.4 2.65E-05 003.0 152.3 -57.9 0.070722 0.121613 0.014398 hargrave 2020-11-19 23:23:55 
TT 679 303.7  21.0 303.7  21.0 2.66E-05 001.4 207.1 -55.2 0.057527 0.039782 0.016606 hargrave 2020-11-22 10:17:55 
TT 680 267.7  16.1 267.7  16.1 2.48E-05 001.2 142.9 -57.4 0.025326 0.037495 0.027851 hargrave 2020-11-22 16:17:49 
TT 681 259.2  03.4 259.2  03.4 2.14E-05 001.7 114.0 -58.8 0.044108 0.047161 0.007106 hargrave 2020-11-24 21:43:43 
