CF- 137a sun compass orientation
   63.3 348.8  91.0   0.0   0.0   1.0
NRM    296.1  36.5 296.1  36.5 2.79E-04 000.7 141.2  39.0 0.129140 0.292623 0.205342 hargrave 2020-12-20 21:56:04 
TT 100 297.1  34.4 297.1  34.4 2.63E-04 004.1 138.4  39.6 1.341583 1.315870 0.194651 hargrave 2020-12-22 19:47:12 
TT 200 294.1  28.2 294.1  28.2 2.20E-04 001.9 133.6  45.3 0.554922 0.432804 0.168684 hargrave 2020-12-29 17:28:13 
TT 300 291.9  26.7 291.9  26.7 8.68E-05 042.2 133.4  47.8 4.289459 4.532785 6.873862 hargrave 2020-12-30 13:24:51 
TT 300 293.2  24.6 293.2  24.6 8.69E-05 036.0 129.9  47.9 3.994869 4.771664 6.894276 hargrave 2020-12-30 15:00:39 
TT 300 294.2  23.2 294.2  23.2 1.75E-04 002.2 127.4  47.9 0.569964 0.366489 0.108241 hargrave 2020-12-30 16:47:00 
TT 400 296.1  20.1 296.1  20.1 1.34E-04 001.4 122.0  47.8 0.275573 0.094358 0.148191 hargrave 2021-01-01 18:10:28 
TT 450 293.5  22.9 293.5  22.9 1.19E-04 001.3 127.5  48.6 0.244102 0.057771 0.114400 hargrave 2021-01-02 13:00:59 
TT 500 295.7  20.6 295.7  20.6 1.06E-04 001.3 123.0  47.9 0.203520 0.118303 0.135765 hargrave 2021-01-03 10:52:56 
TT 525 294.9  21.1 294.9  21.1 1.03E-04 002.6 124.1  48.4 0.430363 0.180005 0.110760 hargrave 2021-01-03 17:22:53 
TT 550 294.4  21.7 294.4  21.7 9.15E-05 002.8 125.3  48.5 0.357875 0.276947 0.083059 hargrave 2021-01-03 23:09:50 
TT 560 293.5  24.2 293.5  24.2 4.31E-05 057.8 129.1  48.0 1.947097 2.393320 3.425174 hargrave 2021-01-07 22:02:27 
TT 560 293.6  21.8 293.6  21.8 8.61E-05 005.4 126.0  49.1 0.683308 0.437196 0.055533 hargrave 2021-01-08 09:00:48 
TT 570 292.5  22.1 292.5  22.1 8.01E-05 002.2 127.1  49.8 0.265345 0.181264 0.096696 hargrave 2021-01-19 16:54:24 
TT 580 295.5  17.8 295.5  17.8 7.45E-05 001.4 119.2  49.3 0.122842 0.067825 0.132249 hargrave 2021-01-24 14:04:47 
TT 590 294.6  18.9 294.6  18.9 7.29E-05 002.1 121.4  49.6 0.238403 0.086803 0.090796 hargrave 2021-01-28 12:51:27 
TT 600 289.5  20.3 289.5  20.3 6.46E-05 001.8 127.0  53.1 0.183014 0.071042 0.054092 hargrave 2021-01-29 10:44:23 
TT 610 293.6  16.5 293.6  16.5 6.00E-05 001.1 118.6  51.5 0.078619 0.087594 0.060639 hargrave 2021-01-29 17:21:32 
TT 620 293.4  16.9 293.4  16.9 5.25E-05 001.7 119.2  51.4 0.125828 0.101868 0.047754 hargrave 2021-01-31 16:06:20 
TT 630 294.4  17.1 294.4  17.1 4.68E-05 001.4 119.0  50.5 0.096170 0.041986 0.065452 hargrave 2021-02-02 11:06:13 
TT 640 297.0  15.7 297.0  15.7 4.07E-05 003.1 115.5  48.7 0.198907 0.092107 0.046316 hargrave 2021-02-02 18:32:07 
TT 650 294.0  19.3 294.0  19.3 3.78E-05 000.9 122.3  50.0 0.046306 0.051157 0.043347 hargrave 2021-02-04 12:04:00 
TT 660 298.3  17.5 298.3  17.5 3.13E-05 001.0 117.4  46.9 0.046643 0.038824 0.043197 hargrave 2021-02-04 18:46:43 
TT 664 294.4  19.3 294.4  19.3 2.60E-05 001.1 122.0  49.6 0.035457 0.028625 0.039149 hargrave 2021-02-05 14:52:09 
TT 668 300.6  13.6 300.6  13.6 2.54E-05 003.0 111.0  46.1 0.124448 0.056803 0.021864 hargrave 2021-02-05 20:44:44 
TT 672 301.4  09.6 301.4  09.6 2.21E-05 001.6 105.0  46.3 0.057109 0.035540 0.015769 hargrave 2021-02-06 16:43:49 
TT 674 296.1  11.6 296.1  11.6 1.98E-05 002.7 109.8  50.8 0.084303 0.043595 0.019499 hargrave 2021-02-07 19:08:49 
TT 676 306.4  12.6 306.4  12.6 2.12E-05 002.6 107.7  40.8 0.090612 0.039442 0.023833 hargrave 2021-02-09 14:11:08 
TT 678 299.8  16.1 299.8  16.1 1.81E-05 001.9 114.6  46.0 0.058970 0.033506 0.029319 hargrave 2021-02-11 14:46:06 
TT 680 297.1  11.5 297.1  11.5 1.18E-05 003.8 109.3  49.9 0.071382 0.035440 0.009604 hargrave 2021-02-11 21:25:04 
TT 682 295.5  16.4 295.5  16.4 1.05E-05 001.7 117.2  49.8 0.022667 0.015531 0.030844 hargrave 2021-02-12 15:07:57 
TT 684 184.8  40.5 184.8  40.5 8.07E-07 006.2 228.3  11.4 0.001855 0.009372 0.004527 hargrave 2021-02-13 14:38:58 
TT 687 047.7  55.9 047.7  55.9 1.20E-06 004.2 160.5 -29.7 0.004238 0.008143 0.003170 hargrave 2021-02-13 19:34:26 
