CF- 14a mag compass orientation (IGRF corrected)
    7.6 180.5  49.0   0.0   0.0   1.0
NRM    318.7  48.4 318.7  48.4 1.34E-03 014.9 210.1  09.0 18.09002 30.58510 2.420525 hargrave 2020-08-30 19:04:24 
NRM    304.2  53.2 304.2  53.2 1.37E-03 004.2 199.7  08.5 3.496402 9.434999 0.933764 hargrave 2020-08-31 09:36:01 
TT 100 299.0  50.9 299.0  50.9 1.27E-03 002.4 197.6  05.2 1.807847 3.802116 3.164383 hargrave 2020-09-01 16:48:02 
TT 200 285.3  39.7 285.3  39.7 9.12E-04 002.7 191.5 -08.1 0.461421 3.619526 2.343679 hargrave 2020-09-05 16:31:49 
TT 300 291.0  32.5 291.0  32.5 6.98E-04 002.2 197.7 -14.1 0.439678 2.232482 1.341184 hargrave 2020-09-06 19:06:36 
TT 400 286.9  28.2 286.9  28.2 4.88E-04 001.8 195.3 -19.2 0.532288 1.319328 0.590405 hargrave 2020-09-15 16:06:23 
TT 450 283.2  27.5 283.2  27.5 4.32E-04 002.4 192.0 -20.5 0.129259 1.621738 0.877999 hargrave 2020-09-17 22:54:12 
TT 500 281.2  26.3 281.2  26.3 3.77E-04 001.4 190.4 -22.0 0.389576 0.604213 0.620800 hargrave 2020-09-19 15:19:51 
TT 525 288.2  24.0 288.2  24.0 3.41E-04 003.3 197.5 -22.9 0.267393 1.803604 0.672670 hargrave 2020-09-19 20:19:09 
TT 550 285.6  23.4 285.6  23.4 3.02E-04 001.2 195.2 -24.1 0.345667 0.140445 0.542019 hargrave 2020-09-22 15:52:34 
TT 560 284.9  22.5 284.9  22.5 2.78E-04 002.4 194.7 -25.1 0.550745 0.889706 0.523683 hargrave 2020-09-24 20:20:21 
TT 570 285.8  23.4 285.8  23.4 2.63E-04 001.4 195.4 -24.1 0.374244 0.200502 0.492836 hargrave 2020-09-26 14:57:34 
TT 580 281.4  22.4 281.4  22.4 2.44E-04 002.1 191.2 -25.8 0.060100 0.825502 0.382194 hargrave 2020-09-27 14:04:15 
TT 590 284.8  20.6 284.8  20.6 2.19E-04 003.0 195.1 -27.0 0.213957 1.100626 0.174854 hargrave 2020-10-03 13:59:19 
TT 600 284.1  22.0 284.1  22.0 1.99E-04 001.4 194.0 -25.8 0.122601 0.456100 0.159095 hargrave 2020-10-07 21:44:48 
TT 610 286.9  17.8 286.9  17.8 1.70E-04 000.4 197.9 -29.3 0.053393 0.063448 0.111708 hargrave 2020-10-08 21:14:18 
TT 620 283.8  18.0 283.8  18.0 1.49E-04 001.8 194.6 -29.7 0.141858 0.436739 0.095973 hargrave 2020-10-10 09:42:48 
TT 630 281.2  16.8 281.2  16.8 1.33E-04 000.9 192.0 -31.3 0.073874 0.193462 0.084347 hargrave 2020-10-10 21:31:47 
TT 640 286.8  15.7 286.8  15.7 1.17E-04 001.0 198.4 -31.3 0.096582 0.201148 0.071452 hargrave 2020-10-13 14:02:09 
TT 650 292.0  09.1 292.0  09.1 9.43E-05 001.0 206.6 -36.1 0.094996 0.132986 0.056388 hargrave 2020-10-14 09:16:58 
TT 660 280.6  16.4 280.6  16.4 8.10E-05 002.3 191.5 -31.8 0.149956 0.285031 0.100189 hargrave 2020-10-16 17:14:13 
TT 664 281.0  16.0 281.0  16.0 7.45E-05 001.2 192.0 -32.2 0.087850 0.098205 0.112915 hargrave 2020-10-30 12:11:16 
TT 668 282.7  14.2 282.7  14.2 6.46E-05 001.6 194.3 -33.7 0.102769 0.127766 0.085971 hargrave 2020-10-30 18:54:18 
TT 672 277.3  03.8 277.3  03.8 4.09E-05 001.4 189.5 -44.8 0.065289 0.087341 0.065614 hargrave 2020-11-09 00:39:04 
TT 674 280.4  05.8 280.4  05.8 4.55E-05 001.7 193.4 -42.3 0.087476 0.093589 0.059940 hargrave 2020-11-15 18:07:39 
TT 675 283.6  10.0 283.6  10.0 3.73E-05 001.6 196.4 -37.6 0.040482 0.082036 0.063559 hargrave 2020-11-16 01:14:08 
TT 676 278.8  09.9 278.8  09.9 2.98E-05 002.7 190.5 -38.6 0.077906 0.133077 0.017858 hargrave 2020-11-19 11:18:37 
TT 677 293.7  02.0 293.7  02.0 2.76E-05 001.6 212.1 -42.1 0.051765 0.064194 0.021313 hargrave 2020-11-19 17:29:30 
TT 678 273.5  02.8 273.5  02.8 2.48E-05 002.8 184.3 -46.1 0.038148 0.115213 0.016747 hargrave 2020-11-19 23:32:39 
TT 679 291.4  09.2 291.4  09.2 2.48E-05 002.3 205.8 -36.3 0.058019 0.083045 0.017361 hargrave 2020-11-22 10:27:28 
TT 680 275.0  06.8 275.0  06.8 2.16E-05 001.5 186.1 -42.0 0.034478 0.047185 0.015453 hargrave 2020-11-22 16:26:46 
TT 681 309.0 -07.5 309.0 -07.5 1.46E-05 003.2 236.4 -42.2 0.072171 0.034576 0.019982 hargrave 2020-11-24 21:46:50 
