CF- 11a mag compass orientation (IGRF corrected)
    6.2 188.5  65.0   0.0   0.0   1.0
NRM    319.1  61.8 319.1  61.8 3.27E-03 003.2 197.9  02.7 4.580374 14.84398 9.714363 hargrave 2020-08-30 18:59:51 
TT 100 301.0  63.7 301.0  63.7 3.04E-03 002.6 189.8  00.5 0.642269 6.293675 12.50240 hargrave 2020-09-01 16:42:52 
TT 200 296.4  51.9 296.4  51.9 1.99E-03 002.1 191.2 -11.5 1.753033 1.593704 6.977514 hargrave 2020-09-05 16:28:13 
TT 300 298.4  45.2 298.4  45.2 1.40E-03 004.9 194.6 -17.5 3.964250 10.62852 4.011138 hargrave 2020-09-06 19:02:04 
TT 400 291.0  42.5 291.0  42.5 9.44E-04 005.6 189.8 -21.5 2.361282 8.581068 2.320199 hargrave 2020-09-15 16:01:02 
TT 450 297.4  40.0 297.4  40.0 8.26E-04 004.8 195.6 -22.7 2.937198 5.837173 2.552006 hargrave 2020-09-17 22:49:41 
TT 500 296.9  38.6 296.9  38.6 7.09E-04 003.3 195.7 -24.2 1.797585 3.051928 1.941852 hargrave 2020-09-19 15:15:19 
TT 525 291.1  39.2 291.1  39.2 6.29E-04 002.0 190.7 -24.7 0.923672 0.362520 1.935685 hargrave 2020-09-19 20:14:41 
TT 550 289.1  39.8 289.1  39.8 5.67E-04 002.2 188.9 -24.4 0.869712 1.105943 1.696864 hargrave 2020-09-22 15:48:03 
TT 560 291.5  38.3 291.5  38.3 5.14E-04 002.3 191.2 -25.5 1.051553 0.689777 1.685251 hargrave 2020-09-24 20:15:51 
TT 570 293.9  37.1 293.9  37.1 4.65E-04 002.5 193.7 -26.3 0.470112 1.473075 1.280770 hargrave 2020-09-26 14:52:14 
TT 580 294.4  36.6 294.4  36.6 4.35E-04 002.4 194.2 -26.6 0.967801 1.119769 1.094524 hargrave 2020-09-27 13:59:46 
TT 590 294.8  35.4 294.8  35.4 3.73E-04 003.2 195.0 -27.6 0.919969 1.771698 0.694404 hargrave 2020-10-03 13:54:47 
TT 600 288.7  35.9 288.7  35.9 3.37E-04 001.9 189.4 -28.4 0.444794 0.935939 0.442609 hargrave 2020-10-07 21:40:10 
TT 610 296.6  32.2 296.6  32.2 2.82E-04 001.0 197.7 -30.3 0.301289 0.176841 0.341349 hargrave 2020-10-08 21:09:50 
TT 620 296.6  31.7 296.6  31.7 2.49E-04 000.9 197.9 -30.7 0.087535 0.279728 0.266527 hargrave 2020-10-10 09:39:09 
TT 630 298.0  30.7 298.0  30.7 2.06E-04 000.9 199.7 -31.3 0.191810 0.098725 0.258573 hargrave 2020-10-10 21:27:18 
TT 640 299.1  30.1 299.1  30.1 1.77E-04 002.0 200.9 -31.4 0.275324 0.512286 0.206453 hargrave 2020-10-13 13:57:42 
TT 650 304.3  29.0 304.3  29.0 1.52E-04 004.8 206.2 -30.6 0.691620 1.052190 0.212429 hargrave 2020-10-14 09:12:27 
TT 660 295.2  34.3 295.2  34.3 1.31E-04 002.1 195.7 -28.6 0.270907 0.250846 0.325409 hargrave 2020-10-16 17:09:42 
TT 664 291.2  34.6 291.2  34.6 1.15E-04 002.7 192.0 -29.1 0.237735 0.390058 0.294663 hargrave 2020-10-30 12:06:46 
TT 668 278.3  33.6 278.3  33.6 9.52E-05 004.5 179.8 -31.4 0.173036 0.690935 0.255925 hargrave 2020-10-30 18:49:48 
TT 672 278.4  18.5 278.4  18.5 4.32E-05 002.2 179.9 -46.5 0.085003 0.118992 0.098293 hargrave 2020-11-09 00:35:25 
TT 674 263.5  21.1 263.5  21.1 4.15E-05 002.1 161.2 -41.7 0.137168 0.055416 0.097560 hargrave 2020-11-15 18:03:10 
TT 675 315.8  24.6 315.8  24.6 4.24E-05 003.8 218.8 -28.6 0.195100 0.182435 0.096998 hargrave 2020-11-16 01:09:36 
TT 676 299.3  35.3 299.3  35.3 3.87E-05 002.1 198.9 -26.5 0.045742 0.140279 0.027162 hargrave 2020-11-19 11:14:07 
TT 677 325.9  11.9 325.9  11.9 3.58E-05 003.8 237.0 -30.9 0.192182 0.141874 0.044006 hargrave 2020-11-19 17:22:55 
TT 678 276.8  40.1 276.8  40.1 3.25E-05 003.0 178.5 -24.9 0.037599 0.166670 0.030666 hargrave 2020-11-19 23:25:25 
TT 679 354.5  08.0 354.5  08.0 2.71E-05 004.2 256.7 -09.1 0.192132 0.059162 0.027874 hargrave 2020-11-22 10:19:26 
TT 680 303.7  36.8 303.7  36.8 3.45E-05 001.3 201.9 -23.8 0.053959 0.046121 0.051274 hargrave 2020-11-22 16:19:20 
