CF- 102a mag compass orientation (IGRF corrected)
   47.8  -1.5  67.0   0.0   0.0   1.0
NRM    306.0  55.4 306.0  55.4 3.94E-04 002.5 149.2  47.4 0.254739 1.459708 0.890076 hargrave 2020-12-20 20:53:59 
TT 100 303.7  54.7 303.7  54.7 3.71E-04 002.3 149.6  48.9 1.089064 0.329488 0.995125 hargrave 2020-12-22 18:58:13 
TT 200 296.7  46.2 296.7  46.2 3.03E-04 003.6 142.4  57.5 1.688962 0.165022 0.832321 hargrave 2020-12-29 16:36:39 
TT 300 292.9  43.3 292.9  43.3 2.38E-04 001.7 141.0  61.4 0.523514 0.289478 0.355521 hargrave 2020-12-30 12:21:11 
TT 400 102.1  67.6 102.1  67.6 7.72E-05 066.3 185.2  01.2 0.623404 1.916285 18.02036 hargrave 2021-01-01 17:07:38 
TT 400 188.3 -82.1 188.3 -82.1 2.80E-09 080.2 351.7 -20.7 0.000382 0.000283 0.001657 hargrave 2021-01-01 19:07:15 
TT 400 289.7  42.6 289.7  42.6 1.86E-04 003.2 143.2  63.7 0.683702 0.616833 0.465036 hargrave 2021-01-01 19:45:04 
TT 450 101.0  66.2 101.0  66.2 4.58E-05 073.4 185.0 -00.3 0.500877 4.884507 15.95806 hargrave 2021-01-02 11:55:01 
TT 450 293.5  43.2 293.5  43.2 8.12E-05 067.3 140.3  61.1 3.224067 2.672384 7.600725 hargrave 2021-01-02 13:29:13 
TT 500 290.2  40.4 290.2  40.4 1.41E-04 002.3 138.6  64.8 0.496136 0.188171 0.235369 hargrave 2021-01-02 19:13:27 
TT 525 081.9  67.5 081.9  67.5 4.18E-05 072.1 177.5  00.7 0.447776 4.094024 13.19124 hargrave 2021-01-03 16:30:17 
TT 525 295.3  42.3 295.3  42.3 6.81E-05 014.6 137.3  60.5 2.633394 2.429771 6.331927 hargrave 2021-01-03 18:29:12 
TT 550 291.4  39.4 291.4  39.4 1.22E-04 003.0 135.5  64.6 0.556687 0.189333 0.259486 hargrave 2021-01-03 22:18:37 
TT 560 292.0  40.2 292.0  40.2 1.16E-04 002.4 136.4  63.8 0.301679 0.291266 0.256993 hargrave 2021-01-07 21:02:56 
TT 570 293.9  41.6 293.9  41.6 5.26E-05 064.4 137.3  61.8 1.956042 1.804857 4.951313 hargrave 2021-01-19 16:03:56 
TT 570 291.4  45.1 291.4  45.1 5.28E-05 059.2 145.5  61.1 2.250053 1.548747 4.937133 hargrave 2021-01-19 17:35:28 
TT 570 292.4  40.2 292.4  40.2 1.05E-04 003.9 136.0  63.5 0.654411 0.214279 0.184796 hargrave 2021-01-19 17:51:41 
TT 580 291.7  39.3 291.7  39.3 9.40E-05 003.4 135.1  64.5 0.373391 0.317396 0.266057 hargrave 2021-01-24 13:05:00 
TT 590 165.3  07.3 165.3  07.3 2.62E-09 076.4 258.0 -08.9 0.000891 0.001262 0.000540 hargrave 2021-01-28 11:50:37 
TT 590 291.5  43.5 291.5  43.5 4.56E-05 023.8 142.7  62.1 1.818794 1.384646 4.306125 hargrave 2021-01-28 13:14:32 
TT 590 292.3  39.6 292.3  39.6 9.13E-05 002.9 135.1  63.9 0.439412 0.106601 0.130894 hargrave 2021-01-28 13:27:22 
TT 600 291.4  37.7 291.4  37.7 4.13E-05 020.5 132.1  65.5 1.228661 1.357179 4.014006 hargrave 2021-01-29 09:44:04 
TT 600 104.2 -07.5 104.2 -07.5 4.15E-05 068.3 226.7 -68.4 1.121802 1.188742 4.126024 hargrave 2021-01-29 11:00:42 
TT 600 289.4  40.3 289.4  40.3 4.15E-05 019.6 139.2  65.3 1.402672 1.210041 4.025774 hargrave 2021-01-29 11:09:09 
TT 600 288.8  35.8 288.8  35.8 8.29E-05 003.3 130.7  68.2 0.371356 0.226446 0.183672 hargrave 2021-01-29 11:24:17 
TT 610 290.8  41.6 290.8  41.6 3.54E-05 064.6 140.3  63.7 1.294449 1.074569 3.395701 hargrave 2021-01-29 16:21:25 
TT 610 287.7  41.9 287.7  41.9 7.14E-05 002.3 144.2  65.3 0.211481 0.150946 0.131742 hargrave 2021-01-29 17:42:08 
TT 620 289.1  39.2 289.1  39.2 3.12E-05 055.3 137.6  66.2 1.001253 0.906353 3.052693 hargrave 2021-01-31 15:15:48 
TT 620 286.9  38.3 286.9  38.3 6.22E-05 003.1 138.4  68.1 0.312484 0.069250 0.104332 hargrave 2021-01-31 16:36:40 
TT 630 294.8  31.0 294.8  31.0 2.73E-05 055.2 114.6  65.3 0.505279 1.112243 2.648663 hargrave 2021-02-02 10:04:25 
TT 630 293.7  30.8 293.7  30.8 5.44E-05 001.8 114.6  66.2 0.139074 0.069453 0.066424 hargrave 2021-02-02 11:40:50 
TT 640 284.6  39.9 284.6  39.9 2.02E-05 056.0 144.9  68.3 0.651970 0.465074 2.008703 hargrave 2021-02-02 17:33:20 
TT 640 279.3  41.8 279.3  41.8 2.04E-05 057.3 156.9  69.1 0.712422 0.309719 2.039294 hargrave 2021-02-03 09:17:16 
TT 640 281.1  37.6 281.1  37.6 4.08E-05 003.3 146.4  71.8 0.211455 0.077989 0.078990 hargrave 2021-02-03 09:25:52 
TT 650 286.5  41.1 286.5  41.1 1.86E-05 080.4 144.4  66.4 0.651673 0.463969 1.830890 hargrave 2021-02-04 11:04:56 
TT 650 284.5  40.4 284.5  40.4 3.75E-05 001.5 146.1  68.0 0.072518 0.056795 0.031009 hargrave 2021-02-04 12:26:52 
TT 660 296.0  40.6 296.0  40.6 1.42E-05 078.8 133.8  60.9 0.516267 0.534552 1.336864 hargrave 2021-02-04 17:48:31 
TT 660 295.4  37.9 295.4  37.9 2.86E-05 002.7 129.1  62.6 0.080444 0.105516 0.027906 hargrave 2021-02-04 19:16:02 
TT 664 295.2  35.1 295.2  35.1 1.13E-05 082.0 123.6  63.9 0.298319 0.445496 1.092790 hargrave 2021-02-05 13:53:36 
TT 664 294.6  31.6 294.6  31.6 2.27E-05 001.4 116.0  65.3 0.050757 0.019271 0.021450 hargrave 2021-02-05 15:12:48 
TT 668 294.6  32.0 294.6  32.0 2.07E-05 001.2 117.1  65.3 0.039121 0.020667 0.008031 hargrave 2021-02-05 19:48:14 
TT 672 274.7  11.7 274.7  11.7 1.41E-05 001.7 028.6  77.2 0.023485 0.033158 0.011352 hargrave 2021-02-06 15:46:55 
TT 674 257.1  34.1 257.1  34.1 1.35E-05 001.9 219.6  75.1 0.036339 0.027159 0.006464 hargrave 2021-02-07 18:11:58 
TT 676 255.0  21.2 255.0  21.2 5.33E-06 054.6 275.8  77.4 0.013127 0.123971 0.556358 hargrave 2021-02-09 13:13:21 
TT 676 255.2  20.1 255.2  20.1 1.08E-05 001.1 280.8  77.3 0.003470 0.020832 0.002623 hargrave 2021-02-09 15:53:49 
TT 678 259.8  42.2 259.8  42.2 5.21E-06 070.6 198.7  69.4 0.185691 0.062703 0.522317 hargrave 2021-02-11 13:48:43 
TT 678 257.8  40.6 257.8  40.6 1.06E-05 001.6 204.6  70.2 0.008705 0.027306 0.012336 hargrave 2021-02-11 15:39:44 
TT 680 313.1  27.0 313.1  27.0 8.04E-06 001.6 105.3  49.6 0.018159 0.014803 0.018713 hargrave 2021-02-11 20:28:09 
TT 682 219.4  36.8 219.4  36.8 5.72E-06 001.6 240.2  45.8 0.008258 0.010185 0.010998 hargrave 2021-02-12 14:12:52 
TT 684 195.5  53.6 195.5  53.6 1.70E-06 070.6 220.2  28.3 0.122386 0.103309 0.086364 hargrave 2021-02-13 14:00:10 
TT 684 194.7  57.8 194.7  57.8 1.70E-06 044.6 215.3  27.9 0.131129 0.093079 0.083737 hargrave 2021-02-13 14:59:37 
TT 687 168.3  58.7 168.3  58.7 4.51E-06 003.4 211.9  14.4 0.012550 0.020468 0.014016 hargrave 2021-02-13 18:58:05 
