CF- 126a mag compass orientation (IGRF corrected)
     57  27.5  62.0   0.0   0.0   1.0
NRM    303.3  47.7 303.3  47.7 7.27E-04 001.9 168.7  69.8 0.566005 2.327914 0.331033 hargrave 2020-12-20 21:35:29 
TT 100 303.9  46.4 303.9  46.4 6.80E-04 001.2 166.4  70.9 0.578829 1.272537 0.184038 hargrave 2020-12-22 19:31:07 
TT 200 297.6  38.4 297.6  38.4 5.20E-04 001.4 179.7  79.6 0.216451 1.237441 0.072995 hargrave 2020-12-29 17:10:34 
TT 300 294.8  36.0 294.8  36.0 3.99E-04 001.2 195.2  81.6 0.203409 0.785841 0.048197 hargrave 2020-12-30 13:03:33 
TT 400 294.3  34.0 294.3  34.0 3.19E-04 001.4 203.7  83.4 0.487677 0.610834 0.083381 hargrave 2021-01-01 17:52:11 
TT 450 293.6  34.3 293.6  34.3 2.68E-04 001.6 206.9  82.9 0.142104 0.834576 1.710507 hargrave 2021-01-02 12:38:53 
TT 500 294.7  32.8 294.7  32.8 2.58E-04 001.1 206.0  84.7 0.243036 0.404813 0.042874 hargrave 2021-01-03 10:36:04 
TT 525 294.2  32.9 294.2  32.9 2.38E-04 001.3 209.4  84.4 0.148642 0.535141 0.023934 hargrave 2021-01-03 17:05:19 
TT 550 294.5  33.1 294.5  33.1 2.06E-04 000.5 205.7  84.3 0.152459 0.117246 0.024477 hargrave 2021-01-03 22:52:21 
TT 560 293.4  32.4 293.4  32.4 1.96E-04 000.8 218.0  84.3 0.120315 0.237065 0.027785 hargrave 2021-01-07 21:42:47 
TT 570 292.3  31.8 292.3  31.8 1.82E-04 000.9 228.4  84.1 0.262989 0.078484 0.048590 hargrave 2021-01-19 16:37:27 
TT 580 296.2  31.9 296.2  31.9 1.69E-04 001.6 195.4  85.9 0.406871 0.206144 0.045786 hargrave 2021-01-24 13:44:54 
TT 590 292.4  31.5 292.4  31.5 1.62E-04 000.8 230.8  84.4 0.164043 0.161638 0.032030 hargrave 2021-01-28 12:30:51 
TT 600 292.3  30.4 292.3  30.4 1.44E-04 000.5 241.2  84.9 0.078867 0.100102 0.030332 hargrave 2021-01-29 10:24:33 
TT 610 292.2  32.1 292.2  32.1 1.25E-04 001.1 226.9  83.8 0.229721 0.081080 0.036806 hargrave 2021-01-29 17:01:47 
TT 620 291.4  30.2 291.4  30.2 1.09E-04 001.0 246.1  84.3 0.184452 0.063789 0.031763 hargrave 2021-01-31 15:50:06 
TT 630 287.6  30.2 287.6  30.2 9.71E-05 001.1 253.3  81.1 0.161684 0.100712 0.024575 hargrave 2021-02-02 10:45:30 
TT 640 294.6  28.8 294.6  28.8 8.44E-05 001.2 251.3  87.3 0.070839 0.158458 0.009662 hargrave 2021-02-02 18:13:26 
TT 650 286.7  29.9 286.7  29.9 7.90E-05 000.9 255.8  80.3 0.107810 0.074776 0.017310 hargrave 2021-02-04 11:44:48 
TT 660 294.7  33.3 294.7  33.3 6.36E-05 000.9 203.6  84.2 0.083378 0.061589 0.033549 hargrave 2021-02-04 18:27:51 
TT 664 287.2  30.5 287.2  30.5 5.44E-05 000.4 252.1  80.7 0.016576 0.030810 0.017010 hargrave 2021-02-05 14:33:08 
TT 668 296.1  32.0 296.1  32.0 4.41E-05 000.5 197.0  85.8 0.037630 0.015227 0.029258 hargrave 2021-02-05 20:26:35 
TT 672 297.9  29.0 297.9  29.0 3.64E-05 000.8 159.0  88.9 0.035956 0.034951 0.012686 hargrave 2021-02-06 16:25:34 
TT 674 291.3  31.3 291.3  31.3 3.50E-05 000.8 237.1  83.7 0.036641 0.035792 0.007521 hargrave 2021-02-07 18:50:34 
TT 676 105.4 -21.9 105.4 -21.9 2.94E-05 001.2 116.3 -77.5 0.044919 0.042362 0.007135 hargrave 2021-02-09 13:52:56 
TT 678 288.8  30.9 288.8  30.9 2.28E-05 000.9 247.2  81.9 0.029805 0.021760 0.011552 hargrave 2021-02-11 14:27:42 
TT 680 272.5  35.6 272.5  35.6 1.56E-05 000.8 243.8  67.5 0.017083 0.014864 0.004644 hargrave 2021-02-11 21:06:50 
TT 682 274.0  37.3 274.0  37.3 1.03E-05 000.9 238.8  68.2 0.014163 0.007214 0.005359 hargrave 2021-02-12 14:49:33 
