CF- 161a mag compass orientation (IGRF corrected)
   77.5 355.5  78.0   0.0   0.0   1.0
NRM    339.8  73.2 339.8  73.2 1.14E-03 002.5 163.2  16.0 1.216158 4.814685 0.733097 hargrave 2021-01-09 13:25:22 
TT 100 337.2  72.9 337.2  72.9 1.09E-03 000.6 163.0  16.8 0.403096 0.825427 0.633397 hargrave 2021-01-09 17:20:34 
TT 200 322.4  63.2 322.4  63.2 6.97E-04 000.3 155.4  25.2 0.189523 0.148778 0.374672 hargrave 2021-01-10 13:16:35 
TT 300 306.7  53.1 306.7  53.1 4.18E-04 002.4 150.1  37.5 0.784897 1.548680 0.191684 hargrave 2021-01-10 17:33:23 
TT 400 300.6  50.2 300.6  50.2 2.65E-04 001.7 150.2  42.2 0.443527 0.631236 0.117218 hargrave 2021-01-11 13:51:58 
TT 450 300.7  49.9 300.7  49.9 2.35E-04 001.2 149.8  42.4 0.201023 0.499766 0.129485 hargrave 2021-01-11 18:58:35 
TT 500 299.1  50.6 299.1  50.6 2.05E-04 001.8 151.5  42.7 0.265109 0.573318 0.092843 hargrave 2021-01-12 15:31:34 
TT 525 296.5  50.8 296.5  50.8 1.90E-04 000.9 153.2  43.7 0.271762 0.136509 0.107428 hargrave 2021-01-13 09:25:27 
TT 550 302.2  50.7 302.2  50.7 1.67E-04 003.0 149.8  41.1 0.338933 0.813243 0.090073 hargrave 2021-01-13 17:09:02 
TT 560 301.9  52.4 301.9  52.4 1.52E-04 002.6 151.7  40.2 0.355687 0.588425 0.095077 hargrave 2021-01-23 15:58:58 
TT 570 304.2  49.6 304.2  49.6 1.38E-04 001.3 147.7  40.8 0.210795 0.144346 0.211844 hargrave 2021-01-24 17:24:46 
TT 570 304.0  49.7 304.0  49.7 1.38E-04 001.4 147.8  40.8 0.214945 0.172250 0.206961 hargrave 2021-01-24 18:40:31 
TT 580 305.0  49.0 305.0  49.0 1.27E-04 001.6 146.6  40.7 0.203266 0.269701 0.103211 hargrave 2021-01-28 15:29:10 
TT 590 302.1  49.0 302.1  49.0 1.17E-04 005.2 148.1  42.2 0.627721 0.862701 0.110614 hargrave 2021-01-29 13:36:03 
TT 600 300.0  45.4 300.0  45.4 1.00E-04 002.5 145.5  45.6 0.126722 0.434681 0.090522 hargrave 2021-01-31 12:13:50 
TT 610 304.3  44.4 304.3  44.4 9.34E-05 001.5 141.7  43.6 0.169653 0.156496 0.115778 hargrave 2021-01-31 20:16:39 
TT 620 300.2  44.6 300.2  44.6 7.50E-05 002.6 144.3  45.9 0.191735 0.296591 0.036708 hargrave 2021-02-02 13:58:13 
TT 630 305.2  43.2 305.2  43.2 6.81E-05 004.8 139.9  43.7 0.349164 0.464219 0.028334 hargrave 2021-02-03 20:30:50 
TT 640 305.0  49.0 305.0  49.0 5.28E-05 001.0 146.5  40.7 0.074738 0.069681 0.029249 hargrave 2021-02-04 14:32:52 
TT 650 320.4  41.5 320.4  41.5 4.63E-05 002.2 132.3  34.0 0.137613 0.120415 0.026024 hargrave 2021-02-05 09:14:41 
TT 660 317.1  50.3 317.1  50.3 3.38E-05 003.3 143.2  33.2 0.131729 0.157093 0.021146 hargrave 2021-02-05 17:19:23 
TT 664 326.6  43.4 326.6  43.4 3.15E-05 002.6 133.3  29.1 0.092090 0.125491 0.015412 hargrave 2021-02-06 10:58:56 
TT 668 326.8  47.8 326.8  47.8 2.65E-05 004.5 138.2  28.0 0.174655 0.155634 0.013037 hargrave 2021-02-07 13:38:40 
TT 672 333.5  43.0 333.5  43.0 2.13E-05 002.1 132.0  24.2 0.067593 0.057317 0.009411 hargrave 2021-02-09 18:12:31 
TT 674 304.4  52.8 304.4  52.8 1.27E-05 003.2 150.8  38.8 0.026928 0.067431 0.028133 hargrave 2021-02-11 17:58:06 
TT 676 339.6  33.0 339.6  33.0 1.66E-05 003.1 121.0  19.7 0.072388 0.060295 0.017919 hargrave 2021-02-12 11:47:06 
TT 678 291.1  60.9 291.1  60.9 1.07E-05 004.8 164.6  37.6 0.025625 0.086703 0.028550 hargrave 2021-02-13 11:38:46 
TT 680 359.8  38.3 359.8  38.3 1.01E-05 001.8 128.4  04.1 0.017420 0.036628 0.006238 hargrave 2021-02-13 16:32:21 
TT 682 349.2 -23.9 349.2 -23.9 8.84E-06 003.2 065.4  00.8 0.047583 0.020839 0.011413 hargrave 2021-02-16 11:08:09 
TT 684 000.7  44.1 000.7  44.1 6.55E-06 001.2 134.1  04.7 0.016314 0.011188 0.005910 hargrave 2021-02-16 17:24:51 
