CF- 157a mag compass orientation (IGRF corrected)
     75  11.5  83.0   0.0   0.0   1.0
NRM    300.2  45.6 300.2  45.6 8.87E-04 004.3 160.4  48.2 3.443948 5.606672 0.867672 hargrave 2021-01-09 13:20:25 
TT 100 296.6  45.5 296.6  45.5 8.32E-04 002.2 163.7  49.4 1.665830 2.679000 0.722736 hargrave 2021-01-09 17:15:03 
TT 200 293.8  33.5 293.8  33.5 6.20E-04 002.2 158.4  61.2 1.460394 1.899481 0.396539 hargrave 2021-01-10 13:10:40 
TT 300 289.6  26.0 289.6  26.0 4.53E-04 000.9 158.8  69.5 0.668429 0.227843 0.182918 hargrave 2021-01-10 17:27:27 
TT 400 287.6  23.3 287.6  23.3 3.33E-04 000.9 160.8  72.7 0.511946 0.155738 0.115238 hargrave 2021-01-11 13:47:14 
TT 450 288.1  23.0 288.1  23.0 3.01E-04 001.4 159.1  72.8 0.677681 0.210061 0.135674 hargrave 2021-01-11 18:53:51 
TT 500 286.8  22.4 286.8  22.4 2.65E-04 001.9 162.2  73.8 0.262706 0.810822 0.101245 hargrave 2021-01-12 15:26:36 
TT 525 287.1  22.2 287.1  22.2 2.49E-04 001.5 161.0  73.8 0.515423 0.393326 0.109869 hargrave 2021-01-13 09:20:30 
TT 550 288.9  21.5 288.9  21.5 2.13E-04 001.4 154.4  73.8 0.400008 0.355029 0.087339 hargrave 2021-01-13 17:04:04 
TT 560 288.7  20.8 288.7  20.8 2.00E-04 000.7 153.8  74.6 0.160107 0.200380 0.040319 hargrave 2021-01-23 15:52:57 
TT 570 285.8  20.0 285.8  20.0 1.85E-04 001.6 162.8  76.4 0.212084 0.479640 0.064818 hargrave 2021-01-24 17:18:51 
TT 570 286.0  19.9 286.0  19.9 1.86E-04 001.4 161.7  76.4 0.191417 0.395122 0.059373 hargrave 2021-01-24 18:34:38 
TT 580 286.8  20.3 286.8  20.3 1.73E-04 000.9 159.5  75.7 0.127921 0.228158 0.025316 hargrave 2021-01-28 15:23:16 
TT 590 285.8  20.5 285.8  20.5 1.61E-04 001.5 163.4  75.9 0.120956 0.410040 0.026919 hargrave 2021-01-29 13:30:09 
TT 600 283.3  20.2 283.3  20.2 1.43E-04 003.8 172.4  76.7 0.107353 0.941679 0.028665 hargrave 2021-01-31 12:08:59 
TT 610 287.0  18.4 287.0  18.4 1.27E-04 000.5 155.5  77.4 0.070803 0.097846 0.033314 hargrave 2021-01-31 20:12:05 
TT 620 285.3  19.2 285.3  19.2 1.02E-04 001.8 163.3  77.3 0.096353 0.310579 0.020852 hargrave 2021-02-02 13:53:30 
TT 630 289.8  19.0 289.8  19.0 9.56E-05 001.2 146.7  75.5 0.172618 0.117598 0.018772 hargrave 2021-02-03 20:24:27 
TT 640 286.2  20.1 286.2  20.1 8.15E-05 002.0 161.1  76.1 0.072560 0.272523 0.012516 hargrave 2021-02-04 14:26:31 
TT 650 293.7  13.0 293.7  13.0 6.91E-05 001.6 117.7  76.6 0.070871 0.172830 0.037168 hargrave 2021-02-05 09:08:21 
TT 660 280.1  11.8 280.1  11.8 5.13E-05 001.9 195.8  85.0 0.020787 0.165647 0.006587 hargrave 2021-02-05 17:12:59 
TT 664 289.6  19.6 289.6  19.6 4.51E-05 001.3 148.9  75.2 0.043400 0.089075 0.015113 hargrave 2021-02-06 10:52:33 
TT 668 294.9  17.3 294.9  17.3 3.75E-05 002.4 129.7  73.4 0.018717 0.154040 0.033425 hargrave 2021-02-07 13:33:49 
TT 672 279.8  17.9 279.8  17.9 2.72E-05 001.1 188.4  79.0 0.013214 0.051626 0.015815 hargrave 2021-02-09 18:07:32 
TT 674 280.2  20.4 280.2  20.4 2.04E-05 002.1 185.3  76.5 0.014422 0.070654 0.017345 hargrave 2021-02-11 17:53:10 
TT 676 300.7  19.3 300.7  19.3 1.54E-05 002.5 125.4  67.7 0.021825 0.061682 0.012818 hargrave 2021-02-12 11:41:12 
TT 678 298.6  37.0 298.6  37.0 9.79E-06 000.8 155.1  56.2 0.021250 0.009900 0.023258 hargrave 2021-02-13 11:31:46 
TT 680 283.3 -15.5 283.3 -15.5 1.09E-05 003.9 004.6  67.4 0.009797 0.073443 0.025775 hargrave 2021-02-13 16:26:27 
TT 682 312.6  31.8 312.6  31.8 4.33E-06 029.0 134.7  51.9 0.201416 0.203264 0.363224 hargrave 2021-02-16 11:00:46 
TT 682 312.4  34.3 312.4  34.3 4.19E-06 055.6 138.1  50.5 0.212001 0.189414 0.345470 hargrave 2021-02-16 12:12:12 
TT 684 338.5  44.2 338.5  44.2 2.94E-06 029.6 136.9  28.2 0.202511 0.188544 0.146858 hargrave 2021-02-16 17:17:45 
TT 684 340.0  43.3 340.0  43.3 5.91E-06 003.0 135.6  27.5 0.016493 0.028464 0.005587 hargrave 2021-02-16 18:20:54 
