CF- 166a mag compass orientation (IGRF corrected)
   80.6  20.5  88.0   0.0   0.0   1.0
NRM    300.4  44.5 300.4  44.5 2.57E-04 001.0 169.7  46.6 0.209775 0.292224 0.293863 hargrave 2021-01-09 13:33:16 
TT 100 303.5  42.8 303.5  42.8 2.51E-04 007.2 165.8  47.6 0.424022 3.143529 0.341645 hargrave 2021-01-09 17:28:24 
TT 200 298.7  42.2 298.7  42.2 2.38E-04 005.3 170.7  49.2 0.110210 2.187160 0.361785 hargrave 2021-01-10 13:26:08 
TT 300 289.2  31.3 289.2  31.3 1.78E-04 001.3 182.3  60.6 0.363824 0.057552 0.197342 hargrave 2021-01-10 17:43:44 
TT 400 286.1  26.4 286.1  26.4 1.32E-04 002.3 189.5  65.2 0.259452 0.467130 0.083397 hargrave 2021-01-11 13:59:52 
TT 450 284.5  26.1 284.5  26.1 1.11E-04 002.1 192.9  65.3 0.153350 0.372686 0.060021 hargrave 2021-01-11 19:06:23 
TT 500 284.4  25.1 284.4  25.1 9.42E-05 001.3 193.7  66.1 0.168224 0.104616 0.066256 hargrave 2021-01-12 15:39:43 
TT 525 283.0  25.4 283.0  25.4 8.95E-05 002.1 196.6  65.5 0.160434 0.287670 0.041929 hargrave 2021-01-13 09:33:36 
TT 550 282.7  25.0 282.7  25.0 7.82E-05 002.8 197.5  65.8 0.191571 0.338056 0.056178 hargrave 2021-01-13 17:17:04 
TT 560 284.7  25.4 284.7  25.4 7.37E-05 002.2 193.0  65.9 0.224933 0.164251 0.083148 hargrave 2021-01-24 10:05:16 
TT 570 281.5  24.3 281.5  24.3 6.89E-05 002.8 200.7  66.1 0.228188 0.233112 0.098784 hargrave 2021-01-24 17:34:37 
TT 570 281.4  24.3 281.4  24.3 6.89E-05 002.8 200.8  66.0 0.229117 0.225180 0.097350 hargrave 2021-01-24 18:50:22 
TT 580 283.4  23.6 283.4  23.6 6.57E-05 002.7 197.1  67.3 0.198031 0.226725 0.076222 hargrave 2021-01-28 15:38:49 
TT 590 280.2  24.8 280.2  24.8 6.07E-05 001.5 202.6  65.1 0.130756 0.087255 0.052689 hargrave 2021-01-29 13:45:41 
TT 600 282.7  20.1 282.7  20.1 5.77E-05 003.5 202.2  70.4 0.225381 0.261337 0.055092 hargrave 2021-01-31 12:22:14 
TT 610 283.4  20.7 283.4  20.7 5.51E-05 003.1 199.8  70.1 0.150206 0.253892 0.036166 hargrave 2021-01-31 20:24:42 
TT 620 282.2  21.4 282.2  21.4 4.98E-05 003.4 201.9  68.9 0.148151 0.250659 0.046517 hargrave 2021-02-02 14:06:20 
TT 630 284.6  23.9 284.6  23.9 4.43E-05 004.1 194.2  67.4 0.147462 0.280840 0.058711 hargrave 2021-02-03 20:40:10 
TT 640 282.9  21.9 282.9  21.9 3.61E-05 001.0 199.9  68.8 0.047696 0.035168 0.022157 hargrave 2021-02-04 14:42:17 
TT 650 276.9  23.0 276.9  23.0 3.16E-05 000.9 210.9  65.2 0.033766 0.036231 0.026595 hargrave 2021-02-05 09:24:03 
TT 660 284.6  23.6 284.6  23.6 2.47E-05 001.6 194.3  67.7 0.042830 0.046495 0.032845 hargrave 2021-02-05 17:28:47 
TT 664 282.9  21.1 282.9  21.1 2.36E-05 002.1 200.7  69.5 0.069904 0.050821 0.030483 hargrave 2021-02-06 11:06:52 
TT 668 276.1  23.1 276.1  23.1 2.11E-05 003.3 212.3  64.7 0.077139 0.099257 0.009471 hargrave 2021-02-07 13:45:43 
TT 672 280.4  20.5 280.4  20.5 1.61E-05 002.9 207.3  69.0 0.049100 0.066951 0.012242 hargrave 2021-02-09 18:18:52 
TT 674 274.9  22.2 274.9  22.2 1.51E-05 003.9 215.7  64.7 0.077973 0.069321 0.021114 hargrave 2021-02-11 18:04:36 
TT 676 262.2  20.2 262.2  20.2 1.23E-05 004.9 234.7  56.9 0.091962 0.051570 0.027534 hargrave 2021-02-12 11:54:10 
TT 678 274.0  28.8 274.0  28.8 8.88E-06 005.0 208.8  58.9 0.053764 0.056138 0.028597 hargrave 2021-02-13 11:43:33 
TT 680 272.7  31.6 272.7  31.6 9.39E-06 005.0 207.7  56.0 0.063086 0.052500 0.028555 hargrave 2021-02-13 16:37:21 
TT 682 287.0  22.9 287.0  22.9 8.82E-06 004.8 189.1  68.8 0.055641 0.045088 0.032628 hargrave 2021-02-16 11:13:39 
TT 684 263.6  35.8 263.6  35.8 7.74E-06 003.4 213.2  48.0 0.030053 0.024274 0.031841 hargrave 2021-02-16 17:31:02 
