CF- 122a mag compass orientation (IGRF corrected)
     56 352.5  92.0   0.0   0.0   1.0
NRM    291.1  34.2 291.1  34.2 4.56E-04 005.8 146.0  44.9 2.597466 3.791706 0.178714 hargrave 2020-12-20 21:29:11 
TT 100 292.8  31.3 292.8  31.3 4.44E-04 004.1 141.7  46.0 1.846457 2.559439 0.246095 hargrave 2020-12-22 19:26:00 
TT 200 290.9  24.7 290.9  24.7 3.99E-04 002.7 135.9  51.6 1.080953 1.519657 0.272586 hargrave 2020-12-29 17:05:26 
TT 300 289.7  23.0 289.7  23.0 3.44E-04 001.3 134.8  53.6 0.612787 0.465914 0.123581 hargrave 2020-12-30 12:57:15 
TT 400 290.6  18.8 290.6  18.8 2.86E-04 003.7 128.3  55.4 1.140660 1.398278 0.272062 hargrave 2021-01-01 17:46:23 
TT 450 289.4  20.6 289.4  20.6 2.57E-04 002.9 131.9  55.3 0.901574 0.961295 0.082558 hargrave 2021-01-02 12:32:20 
TT 500 290.6  17.4 290.6  17.4 2.28E-04 003.4 126.2  56.2 0.873549 1.024623 0.171434 hargrave 2021-01-02 19:44:50 
TT 525 290.1  18.7 290.1  18.7 2.19E-04 001.8 128.5  55.8 0.411224 0.529477 0.121687 hargrave 2021-01-03 17:00:12 
TT 550 289.4  19.6 289.4  19.6 2.02E-04 003.2 130.5  55.9 0.796674 0.798740 0.098391 hargrave 2021-01-03 22:47:13 
TT 560 290.6  17.4 290.6  17.4 1.95E-04 003.3 126.2  56.2 0.871448 0.720507 0.062562 hargrave 2021-01-07 21:36:30 
TT 570 291.8  15.2 291.8  15.2 1.86E-04 002.5 121.7  56.3 0.590488 0.546572 0.073970 hargrave 2021-01-19 16:32:13 
TT 580 291.4  16.2 291.4  16.2 1.75E-04 004.2 123.7  56.1 1.085277 0.700955 0.093484 hargrave 2021-01-24 13:38:36 
TT 590 291.2  16.1 291.2  16.1 1.71E-04 001.9 123.6  56.3 0.388789 0.432424 0.072069 hargrave 2021-01-28 12:24:32 
TT 600 288.9  18.2 288.9  18.2 1.60E-04 003.3 128.9  57.1 0.542281 0.722803 0.145893 hargrave 2021-01-29 10:18:14 
TT 610 288.9  16.5 288.9  16.5 1.50E-04 001.8 126.4  58.0 0.348744 0.336394 0.043171 hargrave 2021-01-29 16:55:30 
TT 620 288.9  14.4 288.9  14.4 1.39E-04 001.8 123.0  59.1 0.345119 0.282191 0.037727 hargrave 2021-01-31 15:45:11 
TT 630 290.1  15.1 290.1  15.1 1.31E-04 001.8 123.1  57.8 0.267059 0.310014 0.054066 hargrave 2021-02-02 10:39:36 
TT 640 290.0  14.3 290.0  14.3 1.20E-04 002.6 121.8  58.2 0.391358 0.357409 0.081520 hargrave 2021-02-02 18:07:32 
TT 650 289.4  14.6 289.4  14.6 1.12E-04 000.8 122.8  58.6 0.049146 0.146283 0.055452 hargrave 2021-02-04 11:38:51 
TT 660 290.0  12.6 290.0  12.6 9.81E-05 002.3 118.9  59.1 0.280976 0.263422 0.054828 hargrave 2021-02-04 18:22:00 
TT 664 289.3  10.2 289.3  10.2 8.33E-05 003.6 115.0  60.7 0.428881 0.310382 0.042213 hargrave 2021-02-05 14:27:14 
TT 668 289.2  14.1 289.2  14.1 7.85E-05 003.4 122.2  59.0 0.350753 0.306364 0.046295 hargrave 2021-02-05 20:20:42 
TT 672 288.2  12.5 288.2  12.5 6.31E-05 003.1 120.3  60.6 0.254282 0.237596 0.020262 hargrave 2021-02-06 16:19:42 
TT 674 289.6  12.5 289.6  12.5 6.23E-05 002.9 119.0  59.4 0.220640 0.228284 0.037410 hargrave 2021-02-07 18:44:39 
TT 676 288.0  11.8 288.0  11.8 5.92E-05 003.9 119.2  61.1 0.313230 0.252959 0.040436 hargrave 2021-02-09 13:47:01 
TT 678 290.9  12.1 290.9  12.1 5.38E-05 004.0 117.3  58.5 0.302730 0.226177 0.013333 hargrave 2021-02-11 14:21:46 
TT 680 286.1  11.4 286.1  11.4 4.08E-05 004.4 120.3  62.9 0.260756 0.176822 0.009612 hargrave 2021-02-11 21:00:56 
TT 682 285.3  18.1 285.3  18.1 2.86E-05 006.2 132.9  59.9 0.224395 0.217988 0.011374 hargrave 2021-02-12 14:43:35 
TT 684 284.0  14.9 284.0  14.9 2.41E-05 002.6 129.1  62.8 0.077349 0.080715 0.009728 hargrave 2021-02-13 14:24:10 
TT 687 284.8  18.0 284.8  18.0 1.54E-05 003.6 133.2  60.3 0.067361 0.072851 0.018988 hargrave 2021-02-13 19:19:53 
