CF- 153a mag compass orientation (IGRF corrected)
   72.6  31.5  95.0   0.0   0.0   1.0
NRM    288.8  27.3 288.8  27.3 3.82E-04 003.2 200.2  55.5 0.926935 1.885200 0.184075 hargrave 2021-01-09 13:14:37 
TT 100 289.0  25.7 289.0  25.7 3.72E-04 001.7 200.9  57.0 0.500508 0.970625 0.170253 hargrave 2021-01-09 17:09:31 
TT 200 289.1  22.4 289.1  22.4 3.50E-04 001.6 203.4  60.0 0.423239 0.868652 0.142238 hargrave 2021-01-10 13:03:52 
TT 300 288.8  20.1 288.8  20.1 2.93E-04 002.5 206.0  62.0 0.508769 1.163746 0.091123 hargrave 2021-01-10 17:20:40 
TT 400 288.0  19.3 288.0  19.3 2.32E-04 000.6 208.2  62.3 0.118089 0.186100 0.073624 hargrave 2021-01-11 13:42:23 
TT 450 289.7  20.3 289.7  20.3 2.11E-04 002.2 204.3  62.2 0.353812 0.736024 0.070195 hargrave 2021-01-11 18:49:01 
TT 500 289.3  20.1 289.3  20.1 1.86E-04 000.5 205.2  62.2 0.102329 0.118570 0.064833 hargrave 2021-01-12 15:21:35 
TT 525 289.2  19.9 289.2  19.9 1.78E-04 000.9 205.7  62.3 0.215576 0.171427 0.064251 hargrave 2021-01-13 09:15:29 
TT 550 289.3  19.5 289.3  19.5 1.56E-04 003.4 205.8  62.7 0.424026 0.821106 0.050835 hargrave 2021-01-13 16:59:05 
TT 560 286.9  19.1 286.9  19.1 7.50E-05 067.4 210.3  61.9 3.257145 1.906717 7.076330 hargrave 2021-01-23 15:46:54 
TT 570 288.7  18.8 288.7  18.8 1.42E-04 002.1 207.6  63.1 0.082092 0.495929 0.104942 hargrave 2021-01-24 17:12:56 
TT 570 288.5  18.6 288.5  18.6 1.42E-04 002.3 208.2  63.2 0.111129 0.543052 0.098598 hargrave 2021-01-24 18:28:45 
TT 580 287.4  18.2 287.4  18.2 1.38E-04 002.1 210.6  62.9 0.198952 0.462060 0.048077 hargrave 2021-01-28 15:17:18 
TT 590 285.7  17.9 285.7  17.9 1.34E-04 001.3 213.8  62.3 0.069633 0.294613 0.061112 hargrave 2021-01-29 13:24:07 
TT 600 286.6  18.5 286.6  18.5 1.29E-04 001.1 211.5  62.3 0.120909 0.214626 0.075411 hargrave 2021-01-31 12:04:20 
TT 610 288.4  18.6 288.4  18.6 1.22E-04 000.7 208.5  63.1 0.090120 0.131796 0.035458 hargrave 2021-01-31 20:07:23 
TT 620 285.9  17.0 285.9  17.0 5.93E-05 038.8 214.8  63.1 2.351959 1.631467 5.652779 hargrave 2021-02-02 13:48:29 
TT 620 283.9  15.3 283.9  15.3 5.91E-05 044.0 220.3  63.2 2.169854 1.839747 5.640321 hargrave 2021-02-02 15:06:50 
TT 620 287.4  17.6 287.4  17.6 1.18E-04 002.1 211.4  63.5 0.191694 0.387934 0.036329 hargrave 2021-02-02 15:23:15 
TT 630 288.5  16.5 288.5  16.5 5.79E-05 070.5 210.6  64.9 2.260889 1.341159 5.610668 hargrave 2021-02-03 20:18:49 
TT 630 287.7  15.7 287.7  15.7 1.16E-04 000.8 213.1  65.2 0.056531 0.152375 0.044791 hargrave 2021-02-03 21:25:13 
TT 640 287.6  18.9 287.6  18.9 1.06E-04 000.6 209.4  62.5 0.041292 0.092785 0.031817 hargrave 2021-02-04 14:21:00 
TT 650 289.8  19.6 289.8  19.6 9.63E-05 000.9 204.8  62.8 0.047419 0.140276 0.032646 hargrave 2021-02-05 09:02:51 
TT 660 287.7  20.1 287.7  20.1 8.61E-05 000.7 207.9  61.5 0.081442 0.070375 0.028100 hargrave 2021-02-05 17:07:28 
TT 664 289.3  19.6 289.3  19.6 6.98E-05 000.8 205.7  62.7 0.063621 0.070621 0.020710 hargrave 2021-02-06 10:46:55 
TT 668 288.3  21.9 288.3  21.9 3.18E-05 076.7 205.3  60.2 1.534208 0.722380 2.954560 hargrave 2021-02-07 13:28:35 
TT 668 286.9  21.3 286.9  21.3 3.18E-05 047.4 208.1  60.0 1.499845 0.801819 2.948304 hargrave 2021-02-07 14:33:01 
TT 668 287.2  21.9 287.2  21.9 6.42E-05 002.6 207.0  59.7 0.278937 0.162590 0.038845 hargrave 2021-02-07 14:49:50 
TT 672 291.6  20.6 291.6  20.6 2.19E-05 069.8 200.4  62.6 1.013600 0.379145 2.081765 hargrave 2021-02-09 18:02:17 
TT 672 290.9  22.0 290.9  22.0 4.40E-05 002.5 200.6  61.1 0.082129 0.172505 0.014861 hargrave 2021-02-11 09:47:48 
TT 674 287.4  18.3 287.4  18.3 4.23E-05 001.1 210.5  62.9 0.052593 0.050948 0.045649 hargrave 2021-02-11 17:48:01 
TT 676 283.4  18.1 283.4  18.1 2.05E-05 035.2 217.2  60.8 0.852327 0.646384 1.910929 hargrave 2021-02-12 11:34:48 
TT 676 286.6  20.0 286.6  20.0 4.08E-05 003.7 209.9  61.1 0.123486 0.236890 0.012844 hargrave 2021-02-12 12:30:56 
TT 678 281.2  26.0 281.2  26.0 1.27E-05 060.4 211.3  53.3 0.695073 0.423405 1.088253 hargrave 2021-02-13 11:30:34 
TT 678 283.4  25.9 283.4  25.9 2.57E-05 005.1 208.7  54.5 0.105490 0.204665 0.027089 hargrave 2021-02-13 12:14:04 
TT 680 278.5  23.5 278.5  23.5 2.31E-05 001.2 217.2  53.7 0.030971 0.033833 0.028495 hargrave 2021-02-13 16:25:07 
TT 682 289.5  04.5 289.5  04.5 7.54E-09 036.6 232.0  74.0 0.000362 0.000406 0.000300 hargrave 2021-02-16 10:59:17 
TT 682 286.5  29.4 286.5  29.4 9.47E-06 045.4 201.8  52.7 0.569319 0.229108 0.805164 hargrave 2021-02-16 12:10:42 
TT 684 320.5  01.8 320.5  01.8 5.68E-09 076.7 109.2  68.9 0.000255 0.000342 0.000965 hargrave 2021-02-16 17:16:18 
TT 684 339.8  83.1 339.8  83.1 5.85E-06 054.6 175.8  00.4 0.022795 0.319879 0.763766 hargrave 2021-02-16 18:19:28 
