CF- 178a mag compass orientation (IGRF corrected)
   88.9   6.5  88.0   0.0   0.0   1.0
NRM    304.6  46.9 304.6  46.9 7.04E-05 002.6 155.5  38.9 0.261851 0.207991 0.084170 hargrave 2021-01-09 13:50:21 
TT 100 301.2  45.6 301.2  45.6 6.94E-05 002.2 157.1  41.3 0.214781 0.148715 0.096314 hargrave 2021-01-09 17:45:41 
TT 200 298.3  42.7 298.3  42.7 6.47E-05 001.4 157.3  44.9 0.132669 0.074760 0.057275 hargrave 2021-01-10 13:46:13 
TT 300 293.4  38.4 293.4  38.4 4.78E-05 001.4 159.1  50.4 0.105595 0.063914 0.025914 hargrave 2021-01-10 18:03:51 
TT 400 298.5  39.2 298.5  39.2 2.88E-05 002.3 154.4  47.7 0.096944 0.076053 0.022222 hargrave 2021-01-11 14:39:24 
TT 450 294.3  42.3 294.3  42.3 2.53E-05 004.2 160.8  46.6 0.145079 0.111332 0.056212 hargrave 2021-01-11 19:22:08 
TT 500 292.3  43.9 292.3  43.9 2.01E-05 002.8 163.6  45.9 0.079727 0.067530 0.020288 hargrave 2021-01-12 15:55:52 
TT 525 295.3  46.5 295.3  46.5 1.75E-05 003.3 162.4  42.5 0.082231 0.083922 0.028954 hargrave 2021-01-13 09:50:37 
TT 550 300.4  50.7 300.4  50.7 1.24E-05 004.6 161.2  37.3 0.070665 0.082805 0.016871 hargrave 2021-01-13 17:34:46 
TT 560 305.4  52.0 305.4  52.0 1.06E-05 005.3 158.9  34.5 0.062749 0.086662 0.015181 hargrave 2021-01-24 10:22:30 
TT 570 305.5  50.3 305.5  50.3 9.97E-06 004.2 157.5  35.8 0.040721 0.067842 0.023969 hargrave 2021-01-24 17:54:15 
TT 570 298.3  49.8 298.3  49.8 1.01E-05 007.9 162.1  38.7 0.040550 0.133103 0.029802 hargrave 2021-01-24 19:10:03 
TT 580 300.9  47.5 300.9  47.5 9.69E-06 002.5 158.7  39.8 0.041953 0.036150 0.013739 hargrave 2021-01-28 15:59:04 
TT 590 293.6  48.6 293.6  48.6 7.99E-06 003.7 165.0  41.1 0.035407 0.046008 0.013355 hargrave 2021-01-29 14:05:01 
TT 600 307.6  40.3 307.6  40.3 7.38E-06 005.2 147.7  42.5 0.054289 0.052703 0.012645 hargrave 2021-01-31 12:39:20 
TT 610 299.7  44.3 299.7  44.3 7.36E-06 004.5 157.3  43.0 0.045673 0.045750 0.017327 hargrave 2021-01-31 20:39:48 
TT 620 303.6  35.7 303.6  35.7 5.70E-06 005.1 146.5  47.9 0.042535 0.039517 0.015150 hargrave 2021-02-02 14:21:53 
TT 630 305.0  35.0 305.0  35.0 5.45E-06 003.4 144.5  47.7 0.035807 0.024552 0.019394 hargrave 2021-02-03 20:59:14 
TT 640 299.6  53.1 299.6  53.1 4.32E-06 004.1 163.2  35.5 0.024967 0.026577 0.012763 hargrave 2021-02-04 15:01:25 
TT 650 313.3  32.1 313.3  32.1 3.70E-06 002.4 135.0  44.2 0.008712 0.009962 0.009219 hargrave 2021-02-05 09:43:00 
TT 660 276.4  49.0 276.4  49.0 3.14E-06 003.2 180.1  43.0 0.005650 0.015968 0.005305 hargrave 2021-02-05 17:47:48 
TT 664 292.3  45.9 292.3  45.9 2.82E-06 004.6 164.7  43.9 0.013617 0.016261 0.007831 hargrave 2021-02-06 11:25:57 
TT 668 275.0  43.2 275.0  43.2 1.64E-06 004.6 181.7  48.7 0.005891 0.012885 0.004679 hargrave 2021-02-07 14:03:09 
