CF- 119a mag compass orientation (IGRF corrected)
   55.2   6.5  88.0   0.0   0.0   1.0
NRM    295.4  44.5 295.4  44.5 4.50E-04 000.8 161.1  44.4 0.260217 0.577961 0.193726 hargrave 2020-12-20 21:24:42 
TT 100 295.0  44.5 295.0  44.5 4.36E-04 000.9 161.5  44.4 0.244614 0.619305 0.170167 hargrave 2020-12-22 19:22:20 
TT 200 294.3  37.7 294.3  37.7 3.69E-04 000.6 157.6  50.7 0.195789 0.290123 0.137399 hargrave 2020-12-29 17:01:45 
TT 300 294.7  30.7 294.7  30.7 3.02E-04 001.9 150.9  56.5 0.409765 0.906938 0.096174 hargrave 2020-12-30 12:52:46 
TT 400 295.0  26.8 295.0  26.8 2.35E-04 001.8 146.0  59.5 0.303002 0.672450 0.130076 hargrave 2021-01-01 17:35:30 
TT 450 293.8  27.2 293.8  27.2 2.03E-04 000.4 148.2  59.8 0.094996 0.106112 0.056233 hargrave 2021-01-02 12:27:38 
TT 500 293.8  26.3 293.8  26.3 1.78E-04 001.2 147.1  60.6 0.256698 0.265402 0.095030 hargrave 2021-01-02 19:41:09 
TT 525 295.0  25.6 295.0  25.6 1.71E-04 001.5 144.6  60.4 0.232503 0.385217 0.054402 hargrave 2021-01-03 16:56:32 
TT 550 295.1  25.3 295.1  25.3 1.58E-04 000.6 144.0  60.6 0.096378 0.124859 0.051372 hargrave 2021-01-03 22:43:31 
TT 560 295.4  24.4 295.4  24.4 1.52E-04 001.2 142.3  61.1 0.194598 0.248198 0.043800 hargrave 2021-01-07 21:32:02 
TT 570 295.4  24.4 295.4  24.4 1.44E-04 002.4 142.4  61.1 0.453430 0.396006 0.067066 hargrave 2021-01-19 16:28:29 
TT 580 296.0  25.8 296.0  25.8 1.30E-04 001.8 143.4  59.7 0.321415 0.246133 0.106971 hargrave 2021-01-24 13:34:06 
TT 590 297.5  24.2 297.5  24.2 1.23E-04 001.2 139.3  59.9 0.166022 0.190510 0.045682 hargrave 2021-01-28 12:19:59 
TT 600 292.9  22.2 292.9  22.2 1.16E-04 000.9 142.9  64.3 0.056151 0.176962 0.043582 hargrave 2021-01-29 10:13:42 
TT 610 294.8  23.9 294.8  23.9 1.01E-04 001.0 142.6  61.8 0.108223 0.126063 0.036977 hargrave 2021-01-29 16:50:39 
TT 620 293.8  20.7 293.8  20.7 9.82E-05 001.6 139.1  64.8 0.227791 0.139333 0.034669 hargrave 2021-01-31 15:41:04 
TT 630 297.0  22.1 297.0  22.1 8.77E-05 001.9 136.9  61.7 0.159027 0.248545 0.029047 hargrave 2021-02-02 10:35:13 
TT 640 295.0  23.3 295.0  23.3 7.35E-05 000.9 141.3  62.2 0.045063 0.100694 0.032813 hargrave 2021-02-02 18:02:13 
TT 650 301.4  16.9 301.4  16.9 6.62E-05 000.8 122.9  61.3 0.083459 0.045534 0.025170 hargrave 2021-02-04 11:34:25 
TT 660 293.2  22.5 293.2  22.5 5.54E-05 001.2 143.0  63.9 0.058507 0.091742 0.029156 hargrave 2021-02-04 18:17:39 
TT 664 296.7  22.9 296.7  22.9 4.61E-05 001.3 138.6  61.3 0.054166 0.094495 0.020790 hargrave 2021-02-05 14:22:50 
TT 668 294.0  20.4 294.0  20.4 3.75E-05 001.5 138.3  64.9 0.084876 0.048333 0.023907 hargrave 2021-02-05 20:16:19 
TT 672 301.5  21.0 301.5  21.0 3.22E-05 002.3 129.7  59.1 0.078698 0.105560 0.012303 hargrave 2021-02-06 16:15:19 
TT 674 290.2  10.2 290.2  10.2 2.67E-05 001.0 121.7  74.1 0.024205 0.043522 0.006930 hargrave 2021-02-07 18:40:16 
TT 676 301.8  25.4 301.8  25.4 2.66E-05 001.1 136.0  56.2 0.033936 0.042996 0.009469 hargrave 2021-02-09 13:41:50 
TT 678 302.3  03.4 302.3  03.4 1.58E-05 001.9 093.7  64.2 0.048075 0.018572 0.009545 hargrave 2021-02-11 14:17:21 
TT 680 309.1  18.2 309.1  18.2 1.45E-05 001.0 119.0  54.1 0.020029 0.016510 0.006743 hargrave 2021-02-11 20:56:33 
TT 682 274.7  12.3 274.7  12.3 9.11E-06 001.2 189.7  79.5 0.012372 0.012105 0.008207 hargrave 2021-02-12 14:37:59 
TT 684 274.8  29.7 274.8  29.7 8.86E-06 001.9 183.2  62.3 0.009397 0.027630 0.009871 hargrave 2021-02-13 14:19:46 
TT 687 233.8  44.0 233.8  44.0 4.44E-06 003.2 215.9  33.6 0.012462 0.022037 0.005668 hargrave 2021-02-13 19:15:07 
