CF- 146a mag compass orientation (IGRF corrected)
   68.5 351.5  93.0   0.0   0.0   1.0
NRM    314.4  58.7 314.4  58.7 6.92E-04 002.6 154.5  15.6 0.587710 2.527458 1.873877 hargrave 2021-01-09 13:03:56 
TT 100 312.5  58.3 312.5  58.3 6.72E-04 002.4 154.7  16.6 1.399741 1.613758 1.809123 hargrave 2021-01-09 16:58:14 
TT 200 307.3  56.8 307.3  56.8 5.87E-04 002.5 155.4  19.7 1.376909 1.638789 1.435729 hargrave 2021-01-10 12:50:51 
TT 300 299.8  45.4 299.8  45.4 3.72E-04 001.8 149.5  30.9 0.199640 0.792929 0.845939 hargrave 2021-01-10 17:07:41 
TT 400 300.3  39.0 300.3  39.0 2.58E-04 001.9 143.6  34.9 0.652740 0.282218 0.459470 hargrave 2021-01-11 13:32:29 
TT 450 300.7  39.2 300.7  39.2 2.24E-04 001.4 143.5  34.5 0.223379 0.237899 0.468306 hargrave 2021-01-11 18:39:11 
TT 500 301.4  37.0 301.4  37.0 1.89E-04 003.9 141.0  35.5 0.969916 0.785318 0.373117 hargrave 2021-01-12 15:11:19 
TT 525 302.0  36.2 302.0  36.2 1.81E-04 003.2 139.9  35.6 0.788683 0.548089 0.363473 hargrave 2021-01-13 09:04:35 
TT 550 304.3  37.7 304.3  37.7 1.56E-04 002.9 140.0  33.2 0.612659 0.368357 0.334724 hargrave 2021-01-13 16:48:49 
TT 560 306.1  32.5 306.1  32.5 1.46E-04 001.5 133.8  34.9 0.243033 0.050177 0.287872 hargrave 2021-01-23 15:34:36 
TT 570 304.8  32.9 304.8  32.9 1.32E-04 002.7 134.9  35.5 0.113926 0.451336 0.406956 hargrave 2021-01-24 17:00:23 
TT 570 304.9  32.5 304.9  32.5 1.32E-04 002.7 134.5  35.7 0.184685 0.478887 0.379829 hargrave 2021-01-24 18:16:13 
TT 580 305.8  33.1 305.8  33.1 1.24E-04 002.5 134.6  34.7 0.214568 0.405990 0.289778 hargrave 2021-01-28 15:05:08 
TT 590 304.0  34.3 304.0  34.3 1.14E-04 003.2 136.8  35.3 0.495994 0.295362 0.287498 hargrave 2021-01-29 13:11:47 
TT 600 301.9  35.1 301.9  35.1 1.05E-04 001.9 138.9  36.3 0.175466 0.139268 0.269158 hargrave 2021-01-31 11:53:49 
TT 610 307.3  27.4 307.3  27.4 9.02E-05 002.4 127.8  36.5 0.141731 0.203751 0.289850 hargrave 2021-01-31 19:55:53 
TT 620 304.7  32.9 304.7  32.9 6.97E-05 002.7 135.0  35.7 0.282737 0.079776 0.169347 hargrave 2021-02-02 13:38:25 
TT 630 320.9  31.9 320.9  31.9 6.44E-05 002.0 127.0  23.8 0.172346 0.091722 0.125494 hargrave 2021-02-03 20:05:41 
TT 640 309.7  32.7 309.7  32.7 4.77E-05 001.7 132.2  32.1 0.089927 0.028376 0.106340 hargrave 2021-02-04 14:08:30 
TT 650 316.2  18.5 316.2  18.5 3.97E-05 001.5 114.1  32.1 0.063885 0.070703 0.060485 hargrave 2021-02-05 08:50:24 
TT 660 314.8  15.5 314.8  15.5 3.09E-05 003.6 111.0  34.1 0.183277 0.058664 0.033387 hargrave 2021-02-05 16:54:58 
TT 664 316.4  28.2 316.4  28.2 2.76E-05 001.6 124.7  28.8 0.050986 0.050301 0.047316 hargrave 2021-02-06 10:34:30 
TT 668 323.8  36.8 323.8  36.8 2.71E-05 001.5 131.1  19.9 0.027100 0.053193 0.055922 hargrave 2021-02-07 13:18:22 
TT 672 297.1  39.5 297.1  39.5 1.95E-05 001.3 146.1  36.4 0.017348 0.032729 0.041180 hargrave 2021-02-09 17:52:05 
TT 674 297.0  48.6 297.0  48.6 1.79E-05 002.6 153.7  29.9 0.015393 0.066568 0.058021 hargrave 2021-02-11 17:37:58 
TT 676 306.9  41.5 306.9  41.5 1.53E-05 002.1 142.3  29.4 0.033715 0.021061 0.047497 hargrave 2021-02-12 11:22:55 
TT 678 298.5  18.0 298.5  18.0 4.65E-06 001.0 121.3  47.9 0.004978 0.005061 0.009276 hargrave 2021-02-13 11:22:12 
TT 680 316.1  13.1 316.1  13.1 1.07E-05 002.0 107.8  33.5 0.031891 0.015306 0.017557 hargrave 2021-02-13 16:16:31 
TT 682 225.4  45.9 225.4  45.9 1.07E-05 005.0 208.8  31.6 0.030374 0.083714 0.033092 hargrave 2021-02-16 10:49:09 
TT 684 337.9 -33.6 337.9 -33.6 6.50E-06 005.2 056.2  13.0 0.048025 0.035823 0.009530 hargrave 2021-02-16 17:07:03 
