CF- 170a mag compass orientation (IGRF corrected)
   82.9 356.5  82.0   0.0   0.0   1.0
NRM    290.8  29.8 290.8  29.8 2.16E-04 001.8 136.9  58.5 0.225236 0.566089 0.319072 hargrave 2021-01-09 13:38:38 
TT 100 290.2  28.2 290.2  28.2 2.09E-04 003.0 135.0  59.9 1.011980 0.178939 0.335602 hargrave 2021-01-09 17:33:38 
TT 200 288.6  28.0 288.6  28.0 2.01E-04 001.9 136.6  61.2 0.570175 0.231265 0.299231 hargrave 2021-01-10 13:32:26 
TT 300 286.6  26.7 286.6  26.7 1.71E-04 002.2 136.9  63.3 0.564987 0.163825 0.268983 hargrave 2021-01-10 17:50:03 
TT 400 284.2  28.2 284.2  28.2 1.36E-04 004.7 142.7  63.8 1.157861 0.228052 0.184834 hargrave 2021-01-11 14:05:00 
TT 450 286.8  24.1 286.8  24.1 1.19E-04 001.7 131.9  64.8 0.277775 0.160431 0.146616 hargrave 2021-01-11 19:11:30 
TT 500 284.1  26.7 284.1  26.7 1.03E-04 002.7 140.4  64.9 0.429173 0.195716 0.139425 hargrave 2021-01-12 15:45:00 
TT 525 284.3  25.9 284.3  25.9 9.94E-05 002.5 138.8  65.4 0.386536 0.182370 0.105801 hargrave 2021-01-13 09:38:49 
TT 550 284.5  26.1 284.5  26.1 8.92E-05 002.7 138.8  65.1 0.393629 0.139150 0.098021 hargrave 2021-01-13 17:23:02 
TT 560 284.1  26.5 284.1  26.5 8.37E-05 002.9 140.0  65.1 0.392270 0.107638 0.151534 hargrave 2021-01-24 10:10:41 
TT 570 285.4  24.5 285.4  24.5 8.04E-05 002.9 134.6  65.5 0.355211 0.102016 0.166076 hargrave 2021-01-24 17:40:46 
TT 570 285.6  24.2 285.6  24.2 8.04E-05 002.6 133.8  65.6 0.303267 0.122377 0.159764 hargrave 2021-01-24 18:56:33 
TT 580 285.0  24.8 285.0  24.8 7.79E-05 002.5 135.6  65.6 0.305751 0.053674 0.133170 hargrave 2021-01-28 15:45:09 
TT 590 283.8  24.5 283.8  24.5 7.52E-05 002.5 136.9  66.7 0.296108 0.057389 0.131225 hargrave 2021-01-29 13:51:57 
TT 600 282.8  24.2 282.8  24.2 3.61E-05 047.0 137.9  67.5 1.098708 0.997978 3.567104 hargrave 2021-01-31 12:28:28 
TT 600 283.7  25.2 283.7  25.2 7.21E-05 002.8 138.4  66.2 0.320892 0.099454 0.096918 hargrave 2021-01-31 13:20:13 
TT 610 283.8  23.8 283.8  23.8 6.93E-05 002.8 135.6  67.1 0.214982 0.218281 0.137257 hargrave 2021-01-31 20:29:27 
TT 620 284.7  24.9 284.7  24.9 6.62E-05 002.3 136.4  65.8 0.233254 0.095452 0.099850 hargrave 2021-02-02 14:11:10 
TT 630 284.8  24.0 284.8  24.0 6.54E-05 002.7 134.6  66.3 0.274579 0.101149 0.102887 hargrave 2021-02-03 20:46:23 
TT 640 285.6  24.8 285.6  24.8 5.75E-05 002.0 135.0  65.2 0.180333 0.049385 0.086738 hargrave 2021-02-04 14:48:28 
TT 650 283.3  25.2 283.3  25.2 5.32E-05 003.3 139.1  66.5 0.271741 0.133316 0.066381 hargrave 2021-02-05 09:30:12 
TT 660 285.1  23.5 285.1  23.5 4.58E-05 002.5 133.0  66.4 0.185160 0.033888 0.077169 hargrave 2021-02-05 17:34:57 
TT 664 279.8  24.7 279.8  24.7 3.76E-05 002.6 144.2  69.0 0.165006 0.030597 0.038697 hargrave 2021-02-06 11:13:02 
TT 668 285.0  23.7 285.0  23.7 3.60E-05 001.2 133.7  66.4 0.021241 0.068725 0.032867 hargrave 2021-02-07 13:51:33 
TT 672 286.4  24.2 286.4  24.2 3.12E-05 001.4 132.8  65.0 0.029640 0.061569 0.044448 hargrave 2021-02-09 18:24:35 
TT 674 279.7  19.8 279.7  19.8 2.72E-05 001.7 133.9  72.6 0.047980 0.053698 0.036128 hargrave 2021-02-11 18:09:58 
TT 676 286.6  23.8 286.6  23.8 2.71E-05 001.9 131.6  65.1 0.073593 0.032708 0.040630 hargrave 2021-02-12 12:00:25 
TT 678 288.8  20.8 288.8  20.8 1.19E-05 061.2 123.1  65.0 0.293314 0.449386 1.151227 hargrave 2021-02-13 11:49:32 
TT 678 287.6  25.2 287.6  25.2 2.36E-05 002.5 133.1  63.5 0.085207 0.033631 0.054944 hargrave 2021-02-13 12:15:29 
TT 680 291.6  18.7 291.6  18.7 1.74E-05 002.2 116.2  63.4 0.061162 0.021700 0.015162 hargrave 2021-02-13 16:43:38 
TT 682 290.5  30.1 290.5  30.1 6.58E-06 048.0 137.7  58.4 0.272397 0.248174 0.598946 hargrave 2021-02-16 11:22:02 
TT 682 288.9  36.1 288.9  36.1 6.52E-06 050.1 147.2  55.3 0.333798 0.214509 0.572543 hargrave 2021-02-16 12:18:34 
TT 684 025.1  00.9 025.1  00.9 2.35E-09 059.5 095.4 -27.0 0.000559 0.000512 0.000328 hargrave 2021-02-16 17:37:10 
TT 684 284.1  32.1 284.1  32.1 1.08E-05 005.6 148.3  60.9 0.077743 0.069463 0.023471 hargrave 2021-02-16 18:35:14 
