CF- 151A mag compass orientation (IGRF corrected)
   70.6 355.5  93.0   0.0   0.0   1.0
NRM    358.4  44.6 358.4  44.6 3.71E-04 001.6 134.5 -04.2 0.501673 0.312136 0.872097 hargrave 2021-01-09 13:09:36 
TT 100 001.5  43.9 001.5  43.9 3.52E-04 001.5 133.8 -06.4 0.229548 0.427222 0.796871 hargrave 2021-01-09 17:04:38 
TT 200 009.3  40.8 009.3  40.8 2.71E-04 001.2 131.1 -12.4 0.088220 0.215707 0.544583 hargrave 2021-01-10 12:57:55 
TT 300 022.6  36.7 022.6  36.7 2.02E-04 004.3 129.0 -23.3 1.055916 1.053775 0.353415 hargrave 2021-01-10 17:14:44 
TT 400 023.7  33.4 023.7  33.4 1.34E-04 001.7 125.7 -25.0 0.085021 0.291925 0.272803 hargrave 2021-01-11 13:38:10 
TT 450 023.0  31.7 023.0  31.7 1.17E-04 001.6 123.7 -24.8 0.097962 0.214964 0.250320 hargrave 2021-01-11 18:44:48 
TT 500 018.3  30.1 018.3  30.1 9.37E-05 001.6 121.2 -21.1 0.168215 0.107490 0.198830 hargrave 2021-01-12 15:17:14 
TT 525 014.3  33.4 014.3  33.4 8.26E-05 002.0 124.1 -17.3 0.098278 0.228217 0.174813 hargrave 2021-01-13 09:10:29 
TT 550 357.6  35.5 357.6  35.5 5.91E-05 002.5 125.4 -03.4 0.167774 0.189961 0.116863 hargrave 2021-01-13 16:54:41 
TT 560 357.5  39.1 357.5  39.1 5.40E-05 001.2 129.0 -03.5 0.047584 0.051825 0.095280 hargrave 2021-01-23 15:41:40 
TT 570 351.6  40.3 351.6  40.3 4.29E-05 001.3 130.4  01.0 0.087948 0.049975 0.049284 hargrave 2021-01-24 17:07:32 
TT 570 351.6  40.2 351.6  40.2 4.29E-05 001.4 130.4  01.0 0.095703 0.046672 0.049536 hargrave 2021-01-24 18:23:22 
TT 580 348.7  38.4 348.7  38.4 3.84E-05 001.5 128.8  03.4 0.074313 0.058466 0.070966 hargrave 2021-01-28 15:12:07 
TT 590 341.4  39.3 341.4  39.3 3.78E-05 001.2 130.5  08.9 0.063424 0.039355 0.059838 hargrave 2021-01-29 13:18:50 
TT 600 327.1  36.2 327.1  36.2 3.46E-05 001.4 130.7  20.6 0.060463 0.068960 0.061665 hargrave 2021-01-31 11:59:46 
TT 610 312.9  29.6 312.9  29.6 3.11E-05 002.4 129.3  34.2 0.133105 0.056594 0.022404 hargrave 2021-01-31 20:03:11 
TT 620 294.6  29.4 294.6  29.4 2.37E-05 003.4 141.4  47.2 0.126961 0.063363 0.031440 hargrave 2021-02-02 13:44:14 
TT 630 308.4  23.8 308.4  23.8 2.93E-05 002.4 125.2  40.4 0.106185 0.052992 0.053895 hargrave 2021-02-03 20:14:09 
TT 640 278.8  30.7 278.8  30.7 2.19E-05 002.4 160.4  54.0 0.047066 0.080691 0.024873 hargrave 2021-02-04 14:16:09 
TT 650 293.6  14.4 293.6  14.4 1.81E-05 002.4 122.8  57.2 0.030331 0.072069 0.017018 hargrave 2021-02-05 08:58:01 
TT 660 281.0  38.0 281.0  38.0 1.47E-05 002.5 162.1  46.5 0.021273 0.063284 0.012662 hargrave 2021-02-05 17:02:37 
TT 664 271.8  14.5 271.8  14.5 1.05E-05 001.7 160.6  71.4 0.024508 0.026070 0.016819 hargrave 2021-02-06 10:42:11 
TT 668 284.9  43.9 284.9  43.9 1.40E-05 002.5 161.8  39.9 0.032006 0.058691 0.014303 hargrave 2021-02-07 13:24:20 
TT 672 313.6  12.7 313.6  12.7 1.01E-05 001.9 109.2  39.8 0.035957 0.025623 0.011014 hargrave 2021-02-09 17:58:21 
TT 674 281.0  51.5 281.0  51.5 8.19E-06 003.1 168.4  33.9 0.009789 0.045742 0.016394 hargrave 2021-02-11 17:44:09 
TT 676 317.5  20.5 317.5  20.5 1.22E-05 001.6 117.2  33.9 0.021139 0.038133 0.010373 hargrave 2021-02-12 11:30:04 
TT 678 324.0  35.4 324.0  35.4 9.68E-06 003.9 130.9  23.3 0.056264 0.032446 0.014393 hargrave 2021-02-13 11:28:14 
TT 680 318.9  26.1 318.9  26.1 8.70E-06 010.0 123.0  30.7 0.139496 0.064859 0.016047 hargrave 2021-02-13 16:22:19 
TT 680 317.6  28.1 317.6  28.1 8.80E-06 005.9 125.7  31.1 0.078431 0.047834 0.011201 hargrave 2021-02-13 17:47:59 
TT 682 297.3  47.9 297.3  47.9 7.86E-06 003.4 155.4  32.1 0.020926 0.040046 0.020320 hargrave 2021-02-16 10:56:26 
