CF- 18a mag compass orientation (IGRF corrected)
    9.1 192.5  92.0   0.0   0.0   1.0
NRM    330.5  60.4 330.5  60.4 1.93E-03 003.4 203.2 -21.1 5.938762 8.760523 4.728853 hargrave 2020-08-30 19:10:05 
TT 100 326.5  60.7 326.5  60.7 1.84E-03 003.1 201.6 -22.4 1.518021 5.151620 8.327200 hargrave 2020-09-01 16:53:45 
TT 200 306.2  56.9 306.2  56.9 1.21E-03 002.9 195.0 -31.9 3.510925 1.653829 4.851735 hargrave 2020-09-05 16:36:34 
TT 300 302.5  52.8 302.5  52.8 8.95E-04 004.6 195.0 -36.6 3.547088 5.641984 2.773181 hargrave 2020-09-06 19:12:37 
TT 400 298.8  49.1 298.8  49.1 5.86E-04 001.9 194.1 -40.9 0.887046 1.138495 1.296809 hargrave 2020-09-15 16:12:21 
TT 450 300.8  48.3 300.8  48.3 4.90E-04 002.9 196.0 -41.1 1.768195 0.935942 1.469995 hargrave 2020-09-17 23:00:57 
TT 500 300.2  45.1 300.2  45.1 4.05E-04 002.1 197.4 -44.2 0.910526 0.497269 1.084631 hargrave 2020-09-19 15:25:50 
TT 525 299.4  45.6 299.4  45.6 3.75E-04 002.7 196.4 -44.0 1.274947 0.468451 1.113309 hargrave 2020-09-19 20:25:05 
TT 550 297.4  47.1 297.4  47.1 3.30E-04 002.8 193.9 -43.1 1.140612 0.577246 1.007113 hargrave 2020-09-22 15:59:20 
TT 560 301.4  43.4 301.4  43.4 3.01E-04 002.7 199.5 -45.3 1.047318 0.338605 0.881433 hargrave 2020-09-24 20:26:18 
TT 570 296.2  42.9 296.2  42.9 2.70E-04 006.3 194.8 -47.4 1.511701 2.455170 0.722852 hargrave 2020-09-26 15:03:32 
TT 580 294.8  41.9 294.8  41.9 2.47E-04 002.2 193.9 -48.6 0.734199 0.290487 0.526589 hargrave 2020-09-27 14:10:10 
TT 590 294.7  40.8 294.7  40.8 2.16E-04 001.4 194.4 -49.7 0.348325 0.269051 0.327991 hargrave 2020-10-03 14:05:15 
TT 600 297.3  41.8 297.3  41.8 2.06E-04 001.2 196.6 -48.1 0.267271 0.198708 0.287579 hargrave 2020-10-07 21:50:56 
TT 610 289.6  39.9 289.6  39.9 1.61E-04 003.1 188.7 -51.6 0.331060 0.782951 0.180572 hargrave 2020-10-08 21:20:12 
TT 620 297.7  41.2 297.7  41.2 1.40E-04 001.1 197.3 -48.4 0.181368 0.157717 0.151481 hargrave 2020-10-10 09:47:33 
TT 630 296.8  36.1 296.8  36.1 1.10E-04 001.1 199.5 -53.4 0.156878 0.092679 0.139627 hargrave 2020-10-10 21:37:41 
TT 640 296.2  39.7 296.2  39.7 9.64E-05 001.6 196.5 -50.3 0.077986 0.229608 0.129440 hargrave 2020-10-13 14:06:57 
TT 650 298.7  32.9 298.7  32.9 8.16E-05 002.0 204.4 -55.6 0.195287 0.183126 0.098267 hargrave 2020-10-14 09:23:01 
TT 660 303.5  30.0 303.5  30.0 6.28E-05 002.5 213.4 -55.6 0.228768 0.124865 0.096822 hargrave 2020-10-16 17:21:03 
TT 664 285.6  32.9 285.6  32.9 5.40E-05 002.9 185.1 -58.9 0.173880 0.163124 0.142809 hargrave 2020-10-30 12:17:13 
TT 668 305.9  42.2 305.9  42.2 4.90E-05 002.8 204.4 -44.6 0.166267 0.113862 0.150610 hargrave 2020-10-30 19:00:19 
TT 672 295.7  33.2 295.7  33.2 3.31E-05 002.7 200.3 -56.4 0.111426 0.056492 0.105723 hargrave 2020-11-09 00:43:57 
TT 674 309.4  41.1 309.4  41.1 3.12E-05 006.0 208.3 -44.0 0.201961 0.239006 0.118894 hargrave 2020-11-15 18:13:37 
TT 675 333.2  23.9 333.2  23.9 2.48E-05 003.5 241.4 -36.3 0.132562 0.080527 0.057581 hargrave 2020-11-16 01:20:07 
TT 676 308.1  39.6 308.1  39.6 1.64E-05 003.2 208.6 -45.8 0.051242 0.080963 0.049213 hargrave 2020-11-19 11:24:37 
TT 677 325.5  17.5 325.5  17.5 1.95E-05 002.1 247.0 -45.1 0.059882 0.044676 0.024488 hargrave 2020-11-19 17:35:31 
TT 678 329.5  38.5 329.5  38.5 1.61E-05 003.3 223.5 -33.7 0.054430 0.076199 0.037827 hargrave 2020-11-19 23:38:35 
TT 679 341.5  30.4 341.5  30.4 2.04E-05 002.2 236.5 -27.5 0.058447 0.040777 0.047843 hargrave 2020-11-22 10:34:14 
TT 680 286.3  12.9 286.3  12.9 1.20E-05 002.5 199.0 -78.5 0.031065 0.039762 0.041210 hargrave 2020-11-22 16:32:59 
TT 681 336.1  15.1 336.1  15.1 1.77E-05 001.6 252.8 -35.5 0.038664 0.035388 0.037109 hargrave 2020-11-24 21:51:33 
