CF- 156a mag compass orientation (IGRF corrected)
   73.9  88.5  87.0   0.0   0.0   1.0
NRM    305.4  40.5 305.4  40.5 2.51E-04 001.7 224.3  29.3 0.171403 0.538868 0.522272 hargrave 2021-01-09 13:19:09 
TT 100 300.5  32.9 300.5  32.9 2.25E-04 001.6 233.9  28.2 0.461037 0.141338 0.402240 hargrave 2021-01-09 17:13:12 
TT 200 298.3  29.2 298.3  29.2 1.97E-04 002.0 238.5  27.3 0.550871 0.205522 0.391162 hargrave 2021-01-10 13:08:23 
TT 300 296.3  24.2 296.3  24.2 1.41E-04 001.4 244.3  26.5 0.195553 0.189575 0.208196 hargrave 2021-01-10 17:25:59 
TT 400 297.2  23.0 297.2  23.0 9.78E-05 001.4 245.6  27.5 0.096643 0.148004 0.187385 hargrave 2021-01-11 13:46:03 
TT 450 297.5  18.6 297.5  18.6 8.70E-05 005.1 250.5  28.4 0.703606 0.303086 0.159480 hargrave 2021-01-11 18:52:41 
TT 500 297.9  17.1 297.9  17.1 7.40E-05 001.6 252.1  28.9 0.137498 0.091596 0.141530 hargrave 2021-01-12 15:25:22 
TT 525 298.9  17.7 298.9  17.7 6.85E-05 004.3 251.2  29.8 0.481783 0.122957 0.144667 hargrave 2021-01-13 09:19:15 
TT 550 297.4  20.2 297.4  20.2 5.88E-05 001.7 248.6  28.1 0.138944 0.069097 0.105364 hargrave 2021-01-13 17:02:51 
TT 560 298.1  15.9 298.1  15.9 5.16E-05 002.7 253.4  29.3 0.228123 0.080010 0.058482 hargrave 2021-01-23 15:51:30 
TT 570 300.5  21.6 300.5  21.6 4.82E-05 002.3 246.6  30.7 0.162744 0.116754 0.036895 hargrave 2021-01-24 17:17:20 
TT 570 300.2  22.0 300.2  22.0 4.81E-05 002.7 246.2  30.4 0.201624 0.112670 0.028241 hargrave 2021-01-24 18:33:08 
TT 580 298.0  19.8 298.0  19.8 4.71E-05 002.1 249.0  28.7 0.135556 0.107458 0.060821 hargrave 2021-01-28 15:21:49 
TT 590 298.5  17.5 298.5  17.5 4.29E-05 004.9 251.6  29.5 0.352237 0.104878 0.049971 hargrave 2021-01-29 13:28:38 
TT 600 297.8  16.5 297.8  16.5 4.05E-05 001.5 252.8  28.9 0.078183 0.074325 0.061902 hargrave 2021-01-31 12:07:53 
TT 610 301.2  18.2 301.2  18.2 3.52E-05 003.7 250.4  31.9 0.196006 0.106871 0.098642 hargrave 2021-01-31 20:10:59 
TT 620 303.5  12.8 303.5  12.8 2.99E-05 001.3 256.5  34.7 0.063910 0.041438 0.041008 hargrave 2021-02-02 13:52:16 
TT 630 300.6  11.9 300.6  11.9 3.19E-05 001.4 257.8  32.0 0.045937 0.059461 0.045636 hargrave 2021-02-03 20:22:58 
TT 640 308.0  03.4 308.0  03.4 2.47E-05 001.4 268.1  39.6 0.035925 0.051202 0.033615 hargrave 2021-02-04 14:25:05 
TT 650 314.2  09.0 314.2  09.0 1.96E-05 002.9 260.1  45.5 0.056976 0.043988 0.098328 hargrave 2021-02-05 09:06:56 
TT 660 308.9  17.0 308.9  17.0 1.42E-05 001.5 250.4  39.3 0.036683 0.015894 0.015409 hargrave 2021-02-05 17:11:34 
TT 664 305.9  16.0 305.9  16.0 1.70E-05 003.1 252.2  36.7 0.088770 0.020283 0.025658 hargrave 2021-02-06 10:51:05 
TT 668 301.1  08.1 301.1  08.1 1.47E-05 004.8 262.3  32.7 0.121951 0.010194 0.025048 hargrave 2021-02-07 13:32:39 
TT 672 305.7  19.1 305.7  19.1 8.94E-06 002.3 248.5  36.0 0.030742 0.017915 0.014687 hargrave 2021-02-09 18:05:58 
TT 674 292.1  06.4 292.1  06.4 9.46E-06 002.8 264.4  23.8 0.044657 0.011247 0.013864 hargrave 2021-02-11 17:51:40 
TT 676 345.1  05.1 345.1  05.1 5.08E-06 000.6 260.7  76.5 0.003956 0.004810 0.003515 hargrave 2021-02-12 11:39:36 
