CF- 19a sun compass orientation
   10.7  51.8   5.0   0.0   0.0   1.0
NRM    302.2  48.7 302.2  48.7 6.98E-04 003.0 338.2  53.4 2.170837 2.877172 0.544970 hargrave 2020-08-30 19:11:37 
TT 100 304.8  46.6 304.8  46.6 6.65E-04 002.8 341.2  51.3 0.733516 2.940595 1.324658 hargrave 2020-09-01 16:55:18 
TT 200 301.7  40.6 301.7  40.6 5.63E-04 001.4 338.2  45.3 0.459120 1.026658 0.770975 hargrave 2020-09-05 16:38:34 
TT 300 299.1  37.3 299.1  37.3 4.50E-04 001.5 335.6  41.9 0.254060 0.920836 0.673924 hargrave 2020-09-06 19:14:05 
TT 400 299.5  35.4 299.5  35.4 3.19E-04 003.5 336.2  40.0 0.705481 1.787213 0.232488 hargrave 2020-09-15 16:13:48 
TT 450 298.2  33.6 298.2  33.6 2.76E-04 002.0 334.9  38.2 0.086418 0.872023 0.374200 hargrave 2020-09-17 23:03:14 
TT 500 299.7  31.7 299.7  31.7 2.40E-04 001.1 336.6  36.3 0.093744 0.356690 0.250056 hargrave 2020-09-19 15:27:17 
TT 525 298.9  33.5 298.9  33.5 2.25E-04 001.7 335.7  38.1 0.472360 0.333343 0.329024 hargrave 2020-09-19 20:26:31 
TT 550 301.0  34.1 301.0  34.1 2.04E-04 001.5 337.9  38.8 0.376835 0.276331 0.272100 hargrave 2020-09-22 16:00:46 
TT 560 296.0  30.8 296.0  30.8 1.96E-04 001.2 332.8  35.2 0.239822 0.190552 0.306987 hargrave 2020-09-24 20:27:45 
TT 570 290.7  31.5 290.7  31.5 1.76E-04 006.6 327.1  35.8 0.880899 1.804407 0.282843 hargrave 2020-09-26 15:05:00 
TT 580 297.6  33.4 297.6  33.4 1.62E-04 001.4 334.3  37.9 0.280943 0.187883 0.205569 hargrave 2020-09-27 14:11:37 
TT 590 295.8  30.1 295.8  30.1 1.50E-04 001.4 332.6  34.6 0.145620 0.309529 0.107949 hargrave 2020-10-03 14:07:32 
TT 600 294.8  31.7 294.8  31.7 1.43E-04 000.7 331.4  36.1 0.113902 0.139090 0.089162 hargrave 2020-10-07 21:52:25 
TT 610 296.2  30.8 296.2  30.8 1.14E-04 001.3 332.9  35.3 0.114702 0.217940 0.067361 hargrave 2020-10-08 21:21:38 
TT 620 299.1  28.7 299.1  28.7 1.01E-04 002.4 336.1  33.3 0.157560 0.389019 0.069918 hargrave 2020-10-10 09:48:44 
TT 630 294.3  29.2 294.3  29.2 7.67E-05 001.0 331.0  33.6 0.085652 0.112636 0.051106 hargrave 2020-10-10 21:39:07 
TT 640 292.1  30.8 292.1  30.8 6.63E-05 003.4 328.6  35.1 0.242379 0.304340 0.063787 hargrave 2020-10-13 14:08:07 
TT 650 300.4  25.3 300.4  25.3 6.25E-05 001.0 337.6  30.0 0.056915 0.108605 0.046776 hargrave 2020-10-14 09:24:30 
TT 660 301.8  28.2 301.8  28.2 5.39E-05 002.3 339.0  32.9 0.065415 0.200878 0.049322 hargrave 2020-10-16 17:22:30 
TT 664 308.3  25.5 308.3  25.5 4.84E-05 001.5 345.8  30.3 0.060916 0.112801 0.031440 hargrave 2020-10-30 12:18:39 
TT 668 300.2  24.9 300.2  24.9 4.26E-05 001.8 337.4  29.5 0.030767 0.132753 0.027096 hargrave 2020-10-30 19:01:45 
TT 672 310.9  19.1 310.9  19.1 3.71E-05 002.3 348.7  24.1 0.032362 0.146529 0.028777 hargrave 2020-11-09 00:45:06 
TT 674 300.4  29.0 300.4  29.0 3.00E-05 002.9 337.5  33.7 0.060441 0.139693 0.019737 hargrave 2020-11-15 18:15:04 
TT 675 306.6  25.3 306.6  25.3 2.83E-05 004.8 344.0  30.1 0.052084 0.247717 0.023073 hargrave 2020-11-16 01:21:36 
TT 676 301.9  26.8 301.9  26.8 2.59E-05 001.8 339.1  31.5 0.030965 0.069522 0.036912 hargrave 2020-11-19 11:26:04 
TT 677 303.7  23.6 303.7  23.6 2.68E-05 002.3 341.1  28.3 0.032301 0.089825 0.053151 hargrave 2020-11-19 17:36:58 
TT 678 302.7  25.5 302.7  25.5 2.25E-05 002.1 340.0  30.3 0.043186 0.075417 0.019306 hargrave 2020-11-19 23:40:20 
TT 679 296.1  22.7 296.1  22.7 2.26E-05 001.8 333.2  27.2 0.038710 0.064443 0.014607 hargrave 2020-11-22 10:35:58 
TT 680 314.1  22.2 314.1  22.2 1.91E-05 004.0 352.0  27.2 0.036759 0.132965 0.011093 hargrave 2020-11-22 16:34:34 
TT 681 302.0  17.6 302.0  17.6 1.59E-05 001.4 339.6  22.3 0.030959 0.028582 0.022614 hargrave 2020-11-24 21:53:02 
