CF- 24a mag compass orientation (IGRF corrected)
     13  56.5  16.0   0.0   0.0   1.0
NRM    311.2  61.5 311.2  61.5 1.31E-03 000.6 327.9  76.4 0.708135 1.124070 0.329890 hargrave 2020-08-30 19:22:05 
TT 100 311.1  59.8 311.1  59.8 1.24E-03 001.7 329.5  74.7 3.324077 1.033607 0.804719 hargrave 2020-09-01 17:06:50 
TT 200 300.9  50.7 300.9  50.7 7.60E-04 001.0 320.8  64.3 0.582196 0.992318 0.539801 hargrave 2020-09-05 16:47:26 
TT 300 291.8  48.6 291.8  48.6 5.37E-04 000.8 310.0  60.6 0.606804 0.433286 0.202716 hargrave 2020-09-06 19:23:46 
TT 400 292.2  43.8 292.2  43.8 3.59E-04 003.8 313.2  56.1 1.517396 1.829994 0.214323 hargrave 2020-09-15 16:22:43 
TT 450 293.8  40.8 293.8  40.8 3.10E-04 001.9 316.6  53.5 0.953688 0.294349 0.305890 hargrave 2020-09-17 23:13:38 
TT 500 294.9  39.5 294.9  39.5 2.74E-04 000.6 318.5  52.5 0.125306 0.207623 0.170170 hargrave 2020-09-19 15:36:56 
TT 525 292.9  39.6 292.9  39.6 2.49E-04 001.2 316.0  52.2 0.447125 0.130576 0.246148 hargrave 2020-09-19 20:36:57 
TT 550 294.9  40.9 294.9  40.9 2.12E-04 001.1 317.9  53.8 0.278853 0.208655 0.223639 hargrave 2020-09-22 16:11:11 
TT 560 294.6  38.2 294.6  38.2 2.00E-04 002.7 318.5  51.2 0.827782 0.360882 0.251704 hargrave 2020-09-24 20:37:22 
TT 570 292.6  39.5 292.6  39.5 1.85E-04 003.7 315.7  52.0 0.985751 0.645512 0.147637 hargrave 2020-09-26 15:15:30 
TT 580 287.8  36.8 287.8  36.8 1.71E-04 002.2 311.1  48.4 0.588003 0.270024 0.144593 hargrave 2020-09-27 14:21:19 
TT 590 295.5  34.2 295.5  34.2 1.55E-04 001.5 321.0  47.4 0.331442 0.201339 0.102413 hargrave 2020-10-03 14:17:54 
TT 600 286.8  34.4 286.8  34.4 1.24E-04 001.9 310.8  45.9 0.342952 0.209479 0.074822 hargrave 2020-10-07 22:03:00 
TT 610 303.9  36.9 303.9  36.9 1.10E-04 002.7 330.5  51.3 0.302518 0.421805 0.062624 hargrave 2020-10-08 21:31:12 
TT 620 290.6  34.0 290.6  34.0 8.47E-05 004.6 315.3  46.3 0.478277 0.481208 0.059902 hargrave 2020-10-10 09:56:40 
TT 630 288.7  28.5 288.7  28.5 6.42E-05 002.6 314.9  40.5 0.204328 0.209794 0.046974 hargrave 2020-10-10 21:48:39 
TT 640 285.8  26.4 285.8  26.4 6.29E-05 001.4 312.2  37.9 0.074531 0.136980 0.047844 hargrave 2020-10-13 14:16:17 
TT 650 289.0  27.7 289.0  27.7 4.38E-05 002.4 315.5  39.9 0.141931 0.121482 0.037974 hargrave 2020-10-14 09:34:19 
TT 660 280.0  23.8 280.0  23.8 3.99E-05 001.6 306.6  34.2 0.071035 0.076791 0.044662 hargrave 2020-10-16 17:32:58 
TT 664 291.5  21.4 291.5  21.4 3.73E-05 001.2 319.8  34.1 0.052558 0.069818 0.030071 hargrave 2020-10-30 12:28:16 
TT 668 285.7  24.3 285.7  24.3 2.76E-05 002.2 312.7  35.8 0.070594 0.086210 0.024088 hargrave 2020-10-30 19:11:23 
TT 672 284.0  16.2 284.0  16.2 2.09E-05 001.4 313.0  27.7 0.052812 0.060929 0.019153 hargrave 2020-11-09 00:53:43 
TT 674 297.4  22.4 297.4  22.4 1.78E-05 001.6 326.2  36.1 0.032511 0.041971 0.012981 hargrave 2020-11-15 18:25:35 
TT 675 279.7  24.1 279.7  24.1 1.43E-05 003.2 306.2  34.4 0.067760 0.044737 0.009327 hargrave 2020-11-16 01:32:05 
TT 676 293.1  22.1 293.1  22.1 1.28E-05 001.9 321.4  35.1 0.032942 0.027329 0.014565 hargrave 2020-11-19 11:35:41 
TT 677 295.9  16.0 295.9  16.0 1.07E-05 002.1 325.8  29.6 0.019218 0.033860 0.015324 hargrave 2020-11-19 17:48:24 
TT 678 262.9 -00.9 262.9 -00.9 8.33E-06 002.9 295.8  06.2 0.032871 0.032829 0.007980 hargrave 2020-11-19 23:52:36 
TT 679 265.6 -13.9 265.6 -13.9 4.57E-06 001.8 301.5 -05.7 0.010128 0.013593 0.008244 hargrave 2020-11-22 10:46:38 
TT 680 345.8 -09.7 345.8 -09.7 2.78E-06 003.7 019.1  05.4 0.007400 0.015437 0.011102 hargrave 2020-11-22 16:45:23 
