CF- 29a mag compass orientation (IGRF corrected)
   17.2  74.5   8.0   0.0   0.0   1.0
NRM    303.7  44.0 303.7  44.0 8.12E-04 000.9 313.3  49.7 1.000697 0.714669 0.312920 hargrave 2020-08-30 20:19:14 
TT 100 306.6  40.8 306.6  40.8 7.89E-04 001.6 317.1  46.9 0.347229 1.846376 1.175324 hargrave 2020-09-01 17:14:23 
TT 200 298.5  37.0 298.5  37.0 7.37E-04 001.1 309.0  42.3 0.236584 0.996748 1.010097 hargrave 2020-09-05 16:53:40 
TT 300 302.0  31.8 302.0  31.8 6.01E-04 000.7 313.6  37.5 0.555702 0.266062 0.479431 hargrave 2020-09-06 19:31:39 
TT 400 301.2  29.9 301.2  29.9 4.33E-04 001.0 313.0  35.6 0.622135 0.284025 0.334774 hargrave 2020-09-15 16:30:34 
TT 450 296.7  29.5 296.7  29.5 3.62E-04 002.4 308.4  34.6 0.862163 1.146922 0.458399 hargrave 2020-09-17 23:21:28 
TT 500 299.8  26.6 299.8  26.6 3.09E-04 001.3 312.1  32.1 0.570021 0.372796 0.266240 hargrave 2020-09-19 15:45:33 
TT 525 292.8  28.8 292.8  28.8 2.85E-04 003.0 304.4  33.6 1.253080 0.686583 0.363963 hargrave 2020-09-19 21:37:01 
TT 550 298.7  29.6 298.7  29.6 2.56E-04 002.3 310.5  35.0 0.870744 0.450907 0.317944 hargrave 2020-09-22 16:19:46 
TT 560 296.5  28.5 296.5  28.5 2.24E-04 001.9 308.3  33.6 0.656429 0.244419 0.229721 hargrave 2020-09-24 20:45:08 
TT 570 299.9  27.1 299.9  27.1 2.03E-04 001.4 312.1  32.6 0.158620 0.392279 0.253593 hargrave 2020-09-26 15:23:20 
TT 580 296.8  25.7 296.8  25.7 2.02E-04 001.2 309.1  30.9 0.361571 0.173107 0.170178 hargrave 2020-09-27 14:29:54 
TT 590 299.1  24.6 299.1  24.6 1.66E-04 001.3 311.6  30.1 0.274514 0.254384 0.128447 hargrave 2020-10-03 14:25:39 
TT 600 301.0  26.0 301.0  26.0 1.56E-04 000.9 313.3  31.7 0.196913 0.136942 0.122360 hargrave 2020-10-07 22:10:56 
TT 610 294.9  28.2 294.9  28.2 1.05E-04 003.7 306.7  33.2 0.519130 0.421219 0.212098 hargrave 2020-10-08 21:53:58 
TT 620 294.3  25.3 294.3  25.3 1.24E-04 002.3 306.5  30.3 0.373544 0.306980 0.094797 hargrave 2020-10-10 10:03:07 
TT 630 296.0  27.3 296.0  27.3 1.02E-04 003.0 307.9  32.4 0.444666 0.291091 0.080668 hargrave 2020-10-10 21:56:24 
TT 640 296.4  22.6 296.4  22.6 9.22E-05 002.2 309.1  27.8 0.323398 0.138815 0.096344 hargrave 2020-10-13 14:22:44 
TT 650 293.2  22.3 293.2  22.3 7.91E-05 004.2 305.7  27.1 0.468568 0.340997 0.057887 hargrave 2020-10-14 09:42:13 
TT 660 292.4  25.1 292.4  25.1 5.77E-05 001.7 304.5  29.9 0.149333 0.077301 0.041305 hargrave 2020-10-16 17:41:33 
TT 664 301.8  26.8 301.8  26.8 3.90E-05 001.2 314.2  32.5 0.053513 0.060826 0.030259 hargrave 2020-10-30 12:36:04 
TT 668 313.9  25.8 313.9  25.8 3.83E-05 002.8 327.0  32.6 0.119738 0.145773 0.032865 hargrave 2020-10-30 19:19:12 
TT 672 305.2  26.0 305.2  26.0 2.27E-05 002.4 317.8  32.1 0.074485 0.064755 0.023209 hargrave 2020-11-09 01:00:06 
TT 674 285.7  16.5 285.7  16.5 3.32E-05 001.6 298.8  20.5 0.084552 0.035793 0.030543 hargrave 2020-11-15 18:34:04 
TT 675 242.2  34.1 242.2  34.1 1.54E-05 001.6 252.6  32.0 0.024384 0.041764 0.020126 hargrave 2020-11-16 01:40:00 
TT 676 248.8  27.2 248.8  27.2 1.47E-05 002.3 260.3  26.1 0.052864 0.039863 0.009807 hargrave 2020-11-19 11:43:33 
TT 677 282.6  11.2 282.6  11.2 2.06E-05 002.8 296.5  14.9 0.090861 0.056061 0.024511 hargrave 2020-11-19 17:54:46 
TT 678 255.4  22.2 255.4  22.2 1.00E-05 001.6 267.6  22.0 0.023913 0.027420 0.008698 hargrave 2020-11-19 23:58:46 
TT 679 242.3  15.0 242.3  15.0 1.40E-05 002.2 255.8  13.1 0.045866 0.033170 0.017761 hargrave 2020-11-22 10:52:51 
TT 680 162.3  35.9 162.3  35.9 6.12E-06 006.7 178.0  27.9 0.015082 0.069899 0.019110 hargrave 2020-11-22 16:51:46 
