CF- 21a sun compass orientation
   11.3  22.0   5.0   0.0   0.0   1.0
NRM    325.9  58.5 325.9  58.5 1.22E-03 002.6 039.2  62.6 5.193396 0.974383 1.644337 hargrave 2020-08-30 19:17:45 
TT 100 321.8  58.1 321.8  58.1 1.15E-03 005.5 034.5  62.4 9.497666 4.947311 2.828161 hargrave 2020-09-01 17:02:22 
TT 200 305.6  51.7 305.6  51.7 7.72E-04 005.6 015.4  56.5 4.920375 5.307648 2.225193 hargrave 2020-09-05 16:43:45 
TT 300 303.1  48.1 303.1  48.1 5.98E-04 003.0 012.3  53.0 2.148640 1.429015 1.738475 hargrave 2020-09-06 19:19:12 
TT 400 301.7  45.1 301.7  45.1 4.15E-04 004.0 010.6  50.0 1.184054 2.384943 1.176535 hargrave 2020-09-15 16:18:10 
TT 450 299.4  43.6 299.4  43.6 3.63E-04 003.9 008.1  48.6 1.922945 0.750535 1.331971 hargrave 2020-09-17 23:09:07 
TT 500 294.2  41.9 294.2  41.9 3.17E-04 005.6 002.4  46.9 1.378820 2.566800 1.013337 hargrave 2020-09-19 15:32:24 
TT 525 298.9  39.6 298.9  39.6 3.00E-04 003.6 007.5  44.6 1.400632 0.596824 1.122109 hargrave 2020-09-19 20:32:28 
TT 550 296.7  38.9 296.7  38.9 2.66E-04 003.4 005.1  43.9 1.169576 0.335373 1.009911 hargrave 2020-09-22 16:06:41 
TT 560 298.1  38.0 298.1  38.0 2.55E-04 004.8 006.5  42.9 1.233964 1.479127 0.973105 hargrave 2020-09-24 20:32:51 
TT 570 297.2  37.8 297.2  37.8 2.32E-04 004.6 005.6  42.8 1.049746 1.346389 0.793630 hargrave 2020-09-26 15:10:56 
TT 580 294.2  38.8 294.2  38.8 2.12E-04 003.2 002.4  43.8 0.836245 0.498385 0.709093 hargrave 2020-09-27 14:16:48 
TT 590 298.0  34.4 298.0  34.4 2.05E-04 002.5 006.4  39.3 0.664321 0.105272 0.594804 hargrave 2020-10-03 14:13:24 
TT 600 294.2  37.1 294.2  37.1 1.89E-04 002.1 002.4  42.1 0.508586 0.253753 0.418167 hargrave 2020-10-07 21:58:23 
TT 610 294.5  32.6 294.5  32.6 1.54E-04 001.9 002.7  37.6 0.307208 0.266864 0.302831 hargrave 2020-10-08 21:26:43 
TT 620 294.8  33.4 294.8  33.4 1.38E-04 003.6 003.0  38.4 0.294495 0.781336 0.260434 hargrave 2020-10-10 09:52:55 
TT 630 294.2  32.8 294.2  32.8 1.07E-04 002.0 002.4  37.8 0.244663 0.113960 0.256322 hargrave 2020-10-10 21:44:10 
TT 640 289.7  33.2 289.7  33.2 9.31E-05 002.0 357.5  38.2 0.209685 0.163275 0.199476 hargrave 2020-10-13 14:12:27 
TT 650 290.7  33.1 290.7  33.1 8.28E-05 003.8 358.6  38.1 0.165780 0.500303 0.165928 hargrave 2020-10-14 09:29:43 
TT 660 293.2  32.8 293.2  32.8 7.57E-05 003.4 001.3  37.8 0.290759 0.166318 0.297084 hargrave 2020-10-16 17:28:25 
TT 664 297.2  29.6 297.2  29.6 6.91E-05 004.9 005.5  34.6 0.227548 0.444787 0.317835 hargrave 2020-10-30 12:23:44 
TT 668 301.0  33.8 301.0  33.8 6.04E-05 004.0 009.6  38.8 0.247422 0.270412 0.206677 hargrave 2020-10-30 19:06:52 
TT 672 296.5  28.6 296.5  28.6 5.30E-05 003.4 004.8  33.5 0.181202 0.159291 0.210065 hargrave 2020-11-09 00:49:58 
TT 674 292.6  33.4 292.6  33.4 4.79E-05 002.9 000.6  38.4 0.166846 0.070147 0.168548 hargrave 2020-11-15 18:20:07 
TT 675 294.9  32.7 294.9  32.7 3.77E-05 003.9 003.0  37.7 0.133199 0.178972 0.125391 hargrave 2020-11-16 01:27:30 
TT 676 289.8  35.2 289.8  35.2 3.62E-05 001.5 357.7  40.2 0.056082 0.063926 0.049252 hargrave 2020-11-19 11:31:10 
TT 677 291.4  31.9 291.4  31.9 3.63E-05 001.3 359.4  36.9 0.064210 0.048194 0.035667 hargrave 2020-11-19 17:41:02 
TT 678 293.3  34.6 293.3  34.6 3.21E-05 001.2 001.4  39.6 0.051315 0.045743 0.027194 hargrave 2020-11-19 23:44:52 
TT 679 295.0  37.1 295.0  37.1 2.88E-05 003.4 003.2  42.1 0.076534 0.150103 0.040126 hargrave 2020-11-22 10:39:00 
TT 680 298.0  31.5 298.0  31.5 2.70E-05 005.9 006.4  36.5 0.092485 0.259131 0.050960 hargrave 2020-11-22 16:37:34 
TT 681 292.1  30.6 292.1  30.6 2.88E-05 005.3 000.1  35.6 0.050738 0.262743 0.030221 hargrave 2020-11-24 21:57:33 
