CF- 23a sun compass orientation
   11.8  40.5  10.0   0.0   0.0   1.0
NRM    301.2  52.6 301.2  52.6 6.06E-04 001.4 347.8  62.5 0.745112 1.237500 0.339789 hargrave 2020-08-30 19:20:40 
TT 100 300.3  51.5 300.3  51.5 5.65E-04 002.2 346.7  61.3 1.904612 0.384338 0.983903 hargrave 2020-09-01 17:05:21 
TT 200 292.3  42.1 292.3  42.1 4.22E-04 002.0 338.2  51.5 1.159540 0.277438 0.831067 hargrave 2020-09-05 16:46:12 
TT 300 286.8  37.3 286.8  37.3 3.32E-04 002.1 332.5  46.3 0.242484 1.109651 0.453534 hargrave 2020-09-06 19:22:14 
TT 400 290.6  35.5 290.6  35.5 2.29E-04 003.5 337.0  44.8 0.200169 1.346498 0.363895 hargrave 2020-09-15 16:21:11 
TT 450 288.3  33.6 288.3  33.6 2.00E-04 002.3 334.6  42.8 0.645895 0.279488 0.381883 hargrave 2020-09-17 23:12:08 
TT 500 289.2  31.0 289.2  31.0 1.78E-04 001.5 335.9  40.2 0.343997 0.094326 0.308797 hargrave 2020-09-19 15:35:26 
TT 525 292.5  30.3 292.5  30.3 1.63E-04 004.2 339.7  39.8 0.129623 1.147874 0.279208 hargrave 2020-09-19 20:35:27 
TT 550 292.7  29.8 292.7  29.8 1.45E-04 002.2 339.9  39.3 0.168428 0.457053 0.273124 hargrave 2020-09-22 16:09:41 
TT 560 292.4  30.4 292.4  30.4 1.41E-04 001.9 339.6  39.9 0.332868 0.157038 0.301900 hargrave 2020-09-24 20:35:52 
TT 570 291.1  30.2 291.1  30.2 1.24E-04 001.9 338.1  39.6 0.140076 0.348286 0.208562 hargrave 2020-09-26 15:13:59 
TT 580 291.4  29.8 291.4  29.8 1.15E-04 003.2 338.5  39.1 0.431793 0.456542 0.170588 hargrave 2020-09-27 14:19:49 
TT 590 292.9  28.0 292.9  28.0 1.04E-04 001.0 340.3  37.5 0.111570 0.135114 0.089056 hargrave 2020-10-03 14:16:24 
TT 600 288.2  28.6 288.2  28.6 9.44E-05 001.3 335.0  37.7 0.151341 0.157044 0.067795 hargrave 2020-10-07 22:01:27 
TT 610 293.3  27.0 293.3  27.0 7.35E-05 001.0 340.9  36.5 0.056330 0.114444 0.054858 hargrave 2020-10-08 21:29:43 
TT 620 290.9  24.2 290.9  24.2 6.39E-05 001.5 338.5  33.5 0.059740 0.162536 0.048537 hargrave 2020-10-10 09:55:22 
TT 630 293.6  19.7 293.6  19.7 5.08E-05 001.4 341.7  29.3 0.056763 0.109993 0.041380 hargrave 2020-10-10 21:47:09 
TT 640 294.6  20.5 294.6  20.5 4.99E-05 002.6 342.8  30.1 0.125541 0.207357 0.041352 hargrave 2020-10-13 14:14:58 
TT 650 288.7  21.5 288.7  21.5 3.92E-05 007.0 336.3  30.8 0.163100 0.452462 0.031654 hargrave 2020-10-14 09:32:47 
TT 660 287.6  21.3 287.6  21.3 3.71E-05 004.8 335.1  30.4 0.099061 0.295621 0.048910 hargrave 2020-10-16 17:31:26 
TT 664 297.2  19.9 297.2  19.9 3.59E-05 001.7 345.6  29.6 0.077879 0.057740 0.067115 hargrave 2020-10-30 12:26:43 
TT 668 297.3  20.6 297.3  20.6 3.03E-05 001.8 345.7  30.3 0.068340 0.060051 0.052478 hargrave 2020-10-30 19:09:52 
TT 672 299.2  17.5 299.2  17.5 2.24E-05 001.9 347.9  27.3 0.059933 0.056699 0.031255 hargrave 2020-11-09 00:52:25 
TT 674 292.8  20.8 292.8  20.8 2.03E-05 005.6 340.7  30.3 0.042397 0.195068 0.037625 hargrave 2020-11-15 18:24:03 
TT 675 295.2  14.2 295.2  14.2 2.08E-05 001.6 343.7  23.8 0.036172 0.047344 0.032798 hargrave 2020-11-16 01:30:33 
TT 676 293.0  19.0 293.0  19.0 1.80E-05 002.1 341.1  28.5 0.028493 0.059090 0.027244 hargrave 2020-11-19 11:34:10 
TT 677 296.0  14.0 296.0  14.0 1.47E-05 003.4 344.6  23.6 0.040155 0.073404 0.037211 hargrave 2020-11-19 17:46:53 
TT 678 294.5  19.7 294.5  19.7 1.45E-05 002.0 342.7  29.3 0.023919 0.048813 0.010978 hargrave 2020-11-19 23:50:55 
TT 679 290.2  16.7 290.2  16.7 1.23E-05 001.3 338.3  26.1 0.020775 0.024439 0.010784 hargrave 2020-11-22 10:45:01 
TT 680 289.1  12.6 289.1  12.6 1.13E-05 002.0 337.4  21.8 0.021634 0.035891 0.011023 hargrave 2020-11-22 16:43:47 
TT 681 288.8  09.6 288.8  09.6 1.24E-05 004.0 337.4  18.9 0.036528 0.077331 0.031173 hargrave 2020-11-24 22:00:39 
