CF- 26a sun compass orientation
   15.5  48.7   9.0   0.0   0.0   1.0
NRM    022.9  58.4 022.9  58.4 7.80E-04 000.8 079.0  61.3 0.670776 0.808452 0.402415 hargrave 2020-08-30 20:14:45 
TT 100 025.3  59.4 025.3  59.4 7.50E-04 002.7 082.1  61.8 3.478432 0.625235 0.620239 hargrave 2020-09-01 17:09:53 
TT 200 020.2  48.0 020.2  48.0 5.19E-04 002.1 071.3  51.7 1.810649 0.308665 0.623743 hargrave 2020-09-05 16:50:03 
TT 300 017.8  41.2 017.8  41.2 3.91E-04 001.2 066.7  45.3 0.693844 0.351396 0.353584 hargrave 2020-09-06 19:27:01 
TT 400 021.6  37.5 021.6  37.5 2.79E-04 003.1 069.7  41.1 1.460727 0.197687 0.362281 hargrave 2020-09-15 16:25:57 
TT 450 019.6  37.5 019.6  37.5 2.43E-04 002.9 067.6  41.5 1.171225 0.124100 0.320563 hargrave 2020-09-17 23:16:51 
TT 500 019.2  35.6 019.2  35.6 2.00E-04 003.6 066.7  39.7 0.980982 0.752953 0.260860 hargrave 2020-09-19 15:40:58 
TT 525 022.2  33.6 022.2  33.6 1.83E-04 003.5 069.4  37.2 1.086925 0.170632 0.215590 hargrave 2020-09-19 20:40:08 
TT 550 023.0  33.9 023.0  33.9 1.62E-04 003.0 070.3  37.4 0.829307 0.062420 0.177693 hargrave 2020-09-22 16:14:23 
TT 560 020.2  33.4 020.2  33.4 1.51E-04 001.3 067.3  37.3 0.165126 0.281602 0.163192 hargrave 2020-09-24 20:40:34 
TT 570 021.8  36.2 021.8  36.2 1.39E-04 001.1 069.6  39.8 0.169050 0.195757 0.116382 hargrave 2020-09-26 15:18:43 
TT 580 020.9  33.8 020.9  33.8 1.21E-04 001.9 068.1  37.6 0.378389 0.062114 0.161719 hargrave 2020-09-27 14:25:20 
TT 590 020.2  31.4 020.2  31.4 1.09E-04 000.8 066.9  35.3 0.122228 0.081913 0.076633 hargrave 2020-10-03 14:21:06 
TT 600 021.6  24.6 021.6  24.6 9.17E-05 003.8 067.0  28.5 0.578294 0.164896 0.057599 hargrave 2020-10-07 22:06:14 
TT 610 025.9  23.0 025.9  23.0 7.58E-05 000.9 071.1  26.2 0.076916 0.088077 0.068373 hargrave 2020-10-08 21:34:23 
TT 620 025.6  25.2 025.6  25.2 6.97E-05 001.5 071.1  28.5 0.177803 0.064428 0.038240 hargrave 2020-10-10 09:59:22 
TT 630 025.0  27.2 025.0  27.2 5.80E-05 003.2 070.9  30.5 0.312092 0.069676 0.036393 hargrave 2020-10-10 21:51:50 
TT 640 024.6  25.1 024.6  25.1 5.13E-05 001.6 070.1  28.4 0.132146 0.085613 0.036895 hargrave 2020-10-13 14:18:54 
TT 650 026.4  25.8 026.4  25.8 4.29E-05 001.5 072.1  28.9 0.110704 0.023029 0.022400 hargrave 2020-10-14 09:37:34 
TT 660 031.9  16.6 031.9  16.6 2.96E-05 008.5 076.0  19.0 0.155389 1.016773 0.389968 hargrave 2020-10-16 17:36:59 
TT 660 030.1  17.4 030.1  17.4 3.96E-05 001.7 074.4  20.1 0.119596 0.024955 0.030117 hargrave 2020-10-17 15:54:37 
TT 664 035.7  19.2 035.7  19.2 3.33E-05 004.6 080.2  21.0 0.266581 0.016045 0.020380 hargrave 2020-10-30 12:31:28 
TT 668 036.1  19.0 036.1  19.0 2.97E-05 004.0 080.6  20.8 0.207826 0.017269 0.018349 hargrave 2020-10-30 19:14:34 
TT 672 027.3  24.4 027.3  24.4 1.56E-05 004.6 072.7  27.3 0.108903 0.072099 0.012310 hargrave 2020-11-09 00:56:20 
TT 674 044.0  15.6 044.0  15.6 1.36E-05 004.0 087.8  16.2 0.092844 0.028232 0.023090 hargrave 2020-11-15 18:28:45 
TT 675 029.1  21.9 029.1  21.9 6.39E-06 001.5 074.1  24.7 0.013065 0.016281 0.010380 hargrave 2020-11-16 01:35:18 
TT 676 051.0  02.5 051.0  02.5 8.59E-06 006.0 092.6  02.1 0.070133 0.029921 0.060027 hargrave 2020-11-19 11:38:55 
