CF- 33a mag compass orientation (IGRF corrected)
   18.6 264.5  55.0   0.0   0.0   1.0
NRM    286.1  39.9 286.1  39.9 4.51E-04 005.7 134.0  07.9 3.284127 3.108188 0.267448 hargrave 2020-08-30 20:26:59 
TT 100 287.2  41.4 287.2  41.4 4.36E-04 005.5 135.6  08.1 2.938454 2.691676 1.236370 hargrave 2020-09-01 17:22:02 
TT 200 282.2  30.0 282.2  30.0 3.64E-04 001.6 124.2  04.1 0.631684 0.269507 0.740275 hargrave 2020-09-05 17:00:01 
TT 300 281.7  26.1 281.7  26.1 2.98E-04 004.0 120.9  02.0 1.740537 1.076522 0.315571 hargrave 2020-09-06 19:38:27 
TT 400 283.1  23.1 283.1  23.1 2.31E-04 003.5 119.3 -00.9 1.191903 0.721632 0.192804 hargrave 2020-09-15 16:37:20 
TT 450 279.9  20.4 279.9  20.4 2.06E-04 001.1 115.4 -00.2 0.092097 0.078845 0.390867 hargrave 2020-09-17 23:29:02 
TT 500 281.1  20.8 281.1  20.8 1.77E-04 004.5 116.4 -00.8 1.212653 0.644114 0.179813 hargrave 2020-09-19 15:52:21 
TT 525 282.1  19.5 282.1  19.5 1.64E-04 002.0 115.9 -02.4 0.491228 0.197283 0.210237 hargrave 2020-09-20 11:58:52 
TT 550 283.7  22.3 283.7  22.3 1.47E-04 001.3 119.0 -01.8 0.259558 0.127007 0.155412 hargrave 2020-09-22 16:26:31 
TT 560 280.5  18.2 280.5  18.2 1.37E-04 002.8 114.0 -02.0 0.592790 0.291405 0.099904 hargrave 2020-09-24 20:51:54 
TT 570 279.8  19.8 279.8  19.8 1.25E-04 004.4 114.8 -00.5 0.855877 0.427212 0.135281 hargrave 2020-09-26 15:30:57 
TT 580 280.3  20.2 280.3  20.2 1.23E-04 000.7 115.4 -00.7 0.074126 0.076975 0.108604 hargrave 2020-09-27 14:37:26 
TT 590 281.3  20.8 281.3  20.8 1.14E-04 001.4 116.5 -01.0 0.229354 0.141791 0.094016 hargrave 2020-10-03 14:33:08 
TT 600 277.2  15.7 277.2  15.7 1.05E-04 005.1 110.0 -01.1 0.873714 0.341608 0.083334 hargrave 2020-10-07 22:17:52 
TT 610 280.2  16.0 280.2  16.0 9.34E-05 003.4 112.1 -03.2 0.512409 0.198690 0.083091 hargrave 2020-10-08 21:59:31 
TT 620 278.9  15.3 278.9  15.3 9.00E-05 001.1 110.8 -02.6 0.173720 0.050289 0.057235 hargrave 2020-10-10 10:08:41 
TT 630 278.9  15.0 278.9  15.0 7.48E-05 005.2 110.5 -02.7 0.632105 0.260381 0.055752 hargrave 2020-10-10 22:03:04 
TT 640 281.0  16.7 281.0  16.7 6.99E-05 005.5 113.1 -03.3 0.609248 0.304901 0.052626 hargrave 2020-10-13 14:28:21 
TT 650 277.3  13.6 277.3  13.6 5.92E-05 000.7 108.5 -02.3 0.040348 0.047206 0.061752 hargrave 2020-10-14 09:49:53 
TT 660 278.2  14.3 278.2  14.3 5.29E-05 006.2 109.5 -02.7 0.531375 0.209549 0.048865 hargrave 2020-10-16 17:49:05 
TT 664 280.0  13.7 280.0  13.7 4.91E-05 005.2 110.1 -04.4 0.410237 0.178120 0.051975 hargrave 2020-10-30 12:42:45 
TT 668 281.4  16.8 281.4  16.8 4.14E-05 001.1 113.4 -03.6 0.057411 0.069956 0.052765 hargrave 2020-10-30 19:26:45 
TT 672 278.3  12.3 278.3  12.3 3.39E-05 002.8 108.0 -03.9 0.154798 0.065156 0.034766 hargrave 2020-11-09 09:26:57 
TT 674 280.3  13.6 280.3  13.6 3.09E-05 004.3 110.2 -04.7 0.210981 0.091668 0.036090 hargrave 2020-11-15 18:40:45 
TT 675 276.1  10.2 276.1  10.2 2.94E-05 001.1 105.0 -03.5 0.037784 0.033115 0.041700 hargrave 2020-11-16 01:45:58 
TT 676 275.4  05.8 275.4  05.8 2.69E-05 002.8 101.1 -05.6 0.122743 0.046266 0.044797 hargrave 2020-11-19 11:49:28 
TT 677 277.0  07.6 277.0  07.6 2.55E-05 002.8 103.4 -05.8 0.117917 0.051884 0.018487 hargrave 2020-11-19 18:00:24 
TT 678 277.1  07.5 277.1  07.5 2.42E-05 003.1 103.4 -05.9 0.128077 0.049533 0.018047 hargrave 2020-11-20 00:03:39 
TT 679 278.6  11.6 278.6  11.6 2.34E-05 001.8 107.6 -04.6 0.066041 0.042415 0.028274 hargrave 2020-11-22 10:57:47 
TT 680 286.0  11.6 286.0  11.6 1.84E-05 003.2 112.2 -10.3 0.098321 0.042839 0.014330 hargrave 2020-11-22 16:56:30 
TT 681 281.7  10.8 281.7  10.8 1.39E-05 005.9 108.8 -07.5 0.133086 0.057154 0.009093 hargrave 2020-11-24 22:03:58 
