CF- 31a mag compass orientation (IGRF corrected)
     18  17.5   2.0   0.0   0.0   1.0
NRM    301.0  40.7 301.0  40.7 9.01E-04 001.6 014.0  42.6 0.775167 2.170685 1.000745 hargrave 2020-08-30 20:25:28 
TT 100 299.9  40.3 299.9  40.3 8.54E-04 003.1 012.8  42.2 1.594329 3.501792 2.452286 hargrave 2020-09-01 17:20:32 
TT 200 294.9  37.4 294.9  37.4 7.48E-04 003.8 007.6  39.4 2.115812 4.042739 1.887704 hargrave 2020-09-05 16:58:45 
TT 300 305.6  34.6 305.6  34.6 5.89E-04 002.7 018.5  36.5 0.267957 2.562527 1.035381 hargrave 2020-09-06 19:36:52 
TT 400 300.0  33.0 300.0  33.0 4.27E-04 001.4 012.8  34.9 0.831747 0.155622 0.738055 hargrave 2020-09-15 16:35:46 
TT 450 301.3  31.6 301.3  31.6 3.68E-04 005.0 014.1  33.5 1.597853 2.678013 0.928199 hargrave 2020-09-17 23:27:28 
TT 500 298.2  30.5 298.2  30.5 2.95E-04 004.1 010.9  32.5 0.901423 1.844821 0.608894 hargrave 2020-09-19 15:50:47 
TT 525 300.4  29.0 300.4  29.0 2.63E-04 005.9 013.1  31.0 1.030111 2.443883 0.612542 hargrave 2020-09-20 11:57:37 
TT 550 300.4  29.2 300.4  29.2 2.29E-04 002.3 013.1  31.1 0.523554 0.556151 0.573624 hargrave 2020-09-22 16:24:58 
TT 560 295.2  30.5 295.2  30.5 2.12E-04 002.5 007.9  32.5 0.581129 0.500563 0.550228 hargrave 2020-09-24 20:50:21 
TT 570 296.9  28.7 296.9  28.7 1.94E-04 002.1 009.6  30.6 0.452724 0.397333 0.415353 hargrave 2020-09-26 15:29:22 
TT 580 291.5  27.7 291.5  27.7 1.84E-04 002.1 004.0  29.7 0.399680 0.435723 0.351147 hargrave 2020-09-27 14:35:52 
TT 590 297.2  29.5 297.2  29.5 1.59E-04 001.1 009.9  31.4 0.209449 0.178536 0.178043 hargrave 2020-10-03 14:31:35 
TT 600 287.1  30.9 287.1  30.9 1.33E-04 000.7 359.6  32.9 0.127625 0.098095 0.101825 hargrave 2020-10-07 22:16:15 
TT 610 287.5  29.8 287.5  29.8 1.14E-04 002.4 000.0  31.8 0.073646 0.472211 0.076307 hargrave 2020-10-08 21:58:15 
TT 620 285.3  25.7 285.3  25.7 1.09E-04 004.5 357.8  27.7 0.051531 0.849589 0.075428 hargrave 2020-10-10 10:07:24 
TT 630 286.2  29.3 286.2  29.3 8.76E-05 003.8 358.7  31.3 0.045039 0.581227 0.059244 hargrave 2020-10-10 22:01:31 
TT 640 282.3  27.2 282.3  27.2 7.44E-05 002.1 354.7  29.2 0.085555 0.259670 0.050055 hargrave 2020-10-13 14:27:01 
TT 650 272.7  32.8 272.7  32.8 5.91E-05 005.4 344.8  34.8 0.132959 0.538666 0.043526 hargrave 2020-10-14 09:48:18 
TT 660 277.1  29.2 277.1  29.2 4.73E-05 003.4 349.4  31.2 0.042390 0.267121 0.097367 hargrave 2020-10-16 17:47:31 
TT 664 286.5  33.4 286.5  33.4 3.11E-05 003.0 359.0  35.4 0.054039 0.143804 0.054553 hargrave 2020-10-30 12:41:12 
TT 668 306.7  32.6 306.7  32.6 3.16E-05 004.3 019.6  34.5 0.124032 0.196163 0.058778 hargrave 2020-10-30 19:25:12 
TT 672 257.1  34.1 257.1  34.1 2.22E-05 006.5 328.9  35.8 0.153163 0.204027 0.026441 hargrave 2020-11-09 09:25:41 
TT 674 278.0  31.3 278.0  31.3 1.49E-05 002.0 350.2  33.2 0.034760 0.043129 0.016882 hargrave 2020-11-15 18:39:12 
TT 675 260.4  18.6 260.4  18.6 1.69E-05 002.2 332.6  20.4 0.029694 0.059937 0.019440 hargrave 2020-11-16 01:44:24 
TT 676 327.8  24.6 327.8  24.6 9.19E-06 001.4 040.9  26.1 0.034503 0.020937 0.011268 hargrave 2020-11-19 11:47:55 
TT 677 250.0  29.4 250.0  29.4 1.18E-05 001.7 321.8  31.0 0.022330 0.029406 0.009169 hargrave 2020-11-19 17:58:37 
TT 678 276.1  30.0 276.1  30.0 7.42E-06 002.1 348.4  32.0 0.013586 0.026150 0.004214 hargrave 2020-11-20 00:02:05 
TT 679 146.1  64.7 146.1  64.7 5.10E-06 001.7 216.2  63.1 0.007198 0.009673 0.011391 hargrave 2020-11-22 10:56:13 
TT 680 231.0  26.8 231.0  26.8 3.80E-06 004.0 302.7  27.9 0.009479 0.017990 0.018840 hargrave 2020-11-22 16:54:52 
