CF- 37a mag compass orientation (IGRF corrected)
     20 192.5  62.0   0.0   0.0   1.0
NRM    173.5 -08.0 173.5 -08.0 6.47E-04 001.3 073.7  12.6 0.217768 0.220100 1.404856 hargrave 2020-08-30 20:31:26 
TT 100 170.4 -09.6 170.4 -09.6 6.06E-04 001.2 070.6  14.4 1.048753 0.213264 0.760879 hargrave 2020-09-01 17:26:50 
TT 200 165.6  03.0 165.6  03.0 4.13E-04 002.1 079.4  25.0 1.167563 0.607348 0.797768 hargrave 2020-09-05 17:21:50 
TT 300 161.7  04.5 161.7  04.5 3.08E-04 001.8 078.7  29.2 0.707441 0.410216 0.575579 hargrave 2020-09-06 19:43:21 
TT 400 160.1  05.9 160.1  05.9 2.17E-04 002.8 079.3  31.2 1.048556 0.186987 0.196450 hargrave 2020-09-15 16:42:13 
TT 450 158.9  05.8 158.9  05.8 1.80E-04 003.5 078.5  32.2 1.084053 0.183935 0.208331 hargrave 2020-09-17 23:34:41 
TT 500 157.2  02.7 157.2  02.7 1.48E-04 003.1 074.3  32.2 0.673199 0.316102 0.333791 hargrave 2020-09-19 16:15:55 
TT 525 156.8 -00.2 156.8 -00.2 1.42E-04 000.9 071.2  30.9 0.139856 0.079283 0.219283 hargrave 2020-09-20 12:03:29 
TT 550 154.5  05.3 154.5  05.3 1.18E-04 004.0 075.4  35.8 0.796245 0.201997 0.124330 hargrave 2020-09-22 16:31:23 
TT 560 152.6  02.7 152.6  02.7 1.12E-04 001.1 071.3  36.0 0.171848 0.133229 0.108216 hargrave 2020-09-24 20:56:44 
TT 570 153.6  02.8 153.6  02.8 1.01E-04 001.0 072.1  35.2 0.143992 0.070000 0.154838 hargrave 2020-09-26 15:35:49 
TT 580 150.9  03.0 150.9  03.0 9.31E-05 002.0 070.4  37.6 0.296323 0.115482 0.154189 hargrave 2020-09-27 14:43:04 
TT 590 149.5  02.5 149.5  02.5 9.29E-05 000.6 069.0  38.5 0.089317 0.083341 0.101811 hargrave 2020-10-03 14:38:01 
TT 600 149.6  09.2 149.6  09.2 7.79E-05 002.7 076.4  42.0 0.323997 0.126828 0.136630 hargrave 2020-10-07 22:22:49 
TT 610 143.1  02.8 143.1  02.8 6.19E-05 002.5 064.2  43.8 0.239054 0.121559 0.109419 hargrave 2020-10-08 22:03:28 
TT 620 142.4  04.0 142.4  04.0 4.75E-05 003.2 065.1  45.1 0.190501 0.178425 0.087717 hargrave 2020-10-10 10:12:38 
TT 630 148.0  11.7 148.0  11.7 4.54E-05 001.2 078.4  44.6 0.061881 0.052243 0.090636 hargrave 2020-10-10 22:07:52 
TT 640 138.0  08.5 138.0  08.5 3.83E-05 002.0 066.7  51.2 0.089927 0.089043 0.077843 hargrave 2020-10-13 14:32:20 
TT 650 147.2  12.2 147.2  12.2 3.35E-05 003.7 078.5  45.5 0.200859 0.075224 0.084298 hargrave 2020-10-14 09:54:49 
TT 660 142.6  08.2 142.6  08.2 2.75E-05 002.7 070.2  47.4 0.115347 0.069276 0.039787 hargrave 2020-10-16 17:53:55 
TT 664 145.3  21.3 145.3  21.3 2.52E-05 005.6 090.0  50.7 0.244471 0.041957 0.045443 hargrave 2020-10-30 12:47:33 
TT 668 132.7  03.7 132.7  03.7 2.20E-05 001.6 055.3  52.4 0.048183 0.047877 0.017198 hargrave 2020-10-30 19:31:37 
TT 672 126.8  15.0 126.8  15.0 1.50E-05 002.7 065.1  64.1 0.064442 0.040137 0.022256 hargrave 2020-11-09 09:30:55 
TT 674 133.2  15.9 133.2  15.9 1.61E-05 002.7 073.5  59.2 0.066249 0.041810 0.018222 hargrave 2020-11-15 18:45:35 
TT 675 126.1  12.7 126.1  12.7 1.46E-05 002.3 060.1  63.2 0.044556 0.041055 0.012406 hargrave 2020-11-16 01:50:51 
TT 676 144.7  13.4 144.7  13.4 1.54E-05 001.6 078.4  48.2 0.028424 0.032959 0.024677 hargrave 2020-11-19 11:54:20 
TT 677 132.7  19.6 132.7  19.6 1.38E-05 002.6 079.7  61.2 0.053319 0.034670 0.023976 hargrave 2020-11-19 18:07:14 
TT 678 140.5  17.4 140.5  17.4 1.24E-05 002.3 081.4  53.6 0.039541 0.021618 0.025340 hargrave 2020-11-20 00:10:03 
TT 679 113.6  12.9 113.6  12.9 1.09E-05 001.0 036.6  71.7 0.018932 0.009694 0.008447 hargrave 2020-11-22 11:05:52 
TT 680 153.6  21.2 153.6  21.2 1.06E-05 002.0 093.5  43.4 0.032428 0.011118 0.020860 hargrave 2020-11-22 17:04:39 
TT 681 112.8  16.3 112.8  16.3 9.45E-06 002.0 041.3  75.0 0.028197 0.017617 0.013748 hargrave 2020-11-24 22:09:03 
