CF- 48a mag compass orientation (IGRF corrected)
   22.4 269.5  64.0   0.0   0.0   1.0
NRM    286.4  22.7 286.4  22.7 4.49E-04 002.5 117.7 -04.1 0.502953 0.228064 1.855347 hargrave 2020-08-30 20:49:40 
TT 100 291.8  31.3 291.8  31.3 4.43E-04 003.1 127.7 -03.7 0.163699 0.326627 2.413442 hargrave 2020-09-01 17:47:29 
TT 200 285.5  21.5 285.5  21.5 4.07E-04 004.9 116.2 -04.0 2.766766 1.384735 1.668526 hargrave 2020-09-05 17:37:36 
TT 300 291.3  28.0 291.3  28.0 3.66E-04 003.5 124.6 -05.1 1.173205 1.027771 1.600954 hargrave 2020-09-06 20:01:35 
TT 400 284.5  12.8 284.5  12.8 3.05E-04 004.8 108.2 -07.5 2.146473 0.700499 1.179052 hargrave 2020-09-15 17:19:34 
TT 450 285.6  13.2 285.6  13.2 2.81E-04 004.2 109.1 -08.2 1.339770 0.674684 1.414568 hargrave 2020-09-17 23:54:12 
TT 500 286.4  14.1 286.4  14.1 2.58E-04 003.2 110.2 -08.4 0.301938 0.293249 1.399126 hargrave 2020-09-19 16:32:20 
TT 525 283.5  10.0 283.5  10.0 2.50E-04 006.8 105.3 -08.0 2.700820 0.618089 1.110412 hargrave 2020-09-20 12:19:57 
TT 550 285.3  11.3 285.3  11.3 2.30E-04 003.1 107.2 -08.9 0.471741 0.106908 1.157295 hargrave 2020-09-22 16:50:54 
TT 560 286.2  13.9 286.2  13.9 2.21E-04 003.2 110.0 -08.4 0.205902 0.277059 1.190772 hargrave 2020-09-24 21:15:37 
TT 570 285.8  14.5 285.8  14.5 2.10E-04 004.1 110.3 -07.8 1.106252 0.552621 0.892182 hargrave 2020-09-26 15:55:27 
TT 580 287.0  15.1 287.0  15.1 2.02E-04 002.5 111.5 -08.4 0.229931 0.104266 0.847107 hargrave 2020-09-27 15:03:28 
TT 590 287.1  17.6 287.1  17.6 1.98E-04 002.9 113.7 -07.3 0.569029 0.154411 0.830233 hargrave 2020-10-03 14:59:03 
TT 600 286.9  14.2 286.9  14.2 1.91E-04 002.5 110.6 -08.9 0.195224 0.229598 0.780280 hargrave 2020-10-07 22:41:56 
TT 610 286.5  12.3 286.5  12.3 1.85E-04 002.9 108.7 -09.4 0.566143 0.276649 0.706769 hargrave 2020-10-08 22:18:58 
TT 620 286.2  11.2 286.2  11.2 1.77E-04 002.3 107.6 -09.7 0.197674 0.133118 0.704330 hargrave 2020-10-10 10:28:08 
TT 630 284.8  11.5 284.8  11.5 1.68E-04 002.5 107.2 -08.3 0.233079 0.211021 0.674372 hargrave 2020-10-10 22:26:26 
TT 640 286.5  10.9 286.5  10.9 1.58E-04 002.8 107.5 -10.1 0.449559 0.227248 0.604271 hargrave 2020-10-13 14:47:57 
TT 650 284.9  07.5 284.9  07.5 1.52E-04 002.4 103.7 -10.4 0.079194 0.147016 0.612860 hargrave 2020-10-14 10:14:41 
TT 660 285.4  07.6 285.4  07.6 1.44E-04 003.1 104.1 -10.7 0.408222 0.229579 0.637542 hargrave 2020-10-16 18:12:38 
TT 664 283.2  05.5 283.2  05.5 1.39E-04 003.0 101.1 -09.7 0.456402 0.120686 0.581527 hargrave 2020-10-30 13:06:19 
TT 668 285.0  08.3 285.0  08.3 1.34E-04 002.5 104.4 -10.0 0.076132 0.147199 0.578386 hargrave 2020-10-30 19:50:24 
TT 672 300.0  26.4 300.0  26.4 1.01E-04 029.7 127.8 -12.3 4.483974 3.606497 0.574962 hargrave 2020-11-09 09:48:26 
TT 672 003.9  65.5 003.9  65.5 1.71E-05 079.9 181.8  01.6 0.208573 12.02869 1.798961 hargrave 2020-11-09 10:15:27 
TT 672 284.2  05.7 284.2  05.7 1.15E-04 003.4 101.7 -10.6 0.451245 0.173622 0.511092 hargrave 2020-11-09 10:25:01 
TT 674 282.5  03.6 282.5  03.6 1.13E-04 003.1 099.0 -10.0 0.270934 0.173511 0.529694 hargrave 2020-11-15 19:04:15 
TT 675 286.1  08.5 286.1  08.5 1.06E-04 003.9 105.1 -10.9 0.498132 0.237796 0.463692 hargrave 2020-11-16 02:10:31 
TT 676 283.9  05.1 283.9  05.1 1.05E-04 002.5 101.0 -10.6 0.086820 0.122098 0.442833 hargrave 2020-11-19 12:13:07 
TT 677 284.7  05.1 284.7  05.1 1.01E-04 002.8 101.5 -11.3 0.232262 0.175755 0.414713 hargrave 2020-11-19 18:27:00 
TT 678 284.7  05.5 284.7  05.5 9.56E-05 006.8 101.8 -11.1 1.031667 0.283468 0.385973 hargrave 2020-11-20 00:30:14 
TT 679 287.9  10.7 287.9  10.7 9.24E-05 003.7 108.0 -11.3 0.445877 0.196762 0.373740 hargrave 2020-11-22 11:54:41 
TT 680 287.5  06.5 287.5  06.5 9.12E-05 003.5 104.1 -13.0 0.380473 0.193671 0.373114 hargrave 2020-11-22 17:23:06 
TT 681 285.1  07.0 285.1  07.0 8.94E-05 002.8 103.3 -10.8 0.237807 0.163536 0.352270 hargrave 2020-11-24 22:26:24 
TT 682 284.8  08.1 284.8  08.1 8.78E-05 002.3 104.2 -10.0 0.075726 0.082307 0.337270 hargrave 2020-11-25 22:35:35 
