CF- 4a mag compass orientation (IGRF corrected)
    2.2  52.5   2.0   0.0   0.0   1.0
NRM    301.2  46.1 301.2  46.1 5.02E-04 002.0 337.9  48.0 0.518924 1.463269 0.753320 hargrave 2020-08-30 18:48:12 
TT 100 294.8  43.1 294.8  43.1 4.83E-04 002.3 331.4  44.8 0.968149 0.947101 1.421283 hargrave 2020-09-01 16:29:27 
TT 200 296.9  36.8 296.9  36.8 4.26E-04 004.1 333.7  38.6 0.679389 2.775714 0.984841 hargrave 2020-09-05 16:18:27 
TT 300 287.2  29.9 287.2  29.9 3.35E-04 003.2 324.0  31.6 1.343831 0.923942 0.963452 hargrave 2020-09-06 18:50:26 
TT 400 286.1  30.2 286.1  30.2 2.38E-04 002.1 322.9  31.8 0.611736 0.224679 0.599567 hargrave 2020-09-15 15:47:56 
TT 450 288.7  31.1 288.7  31.1 2.11E-04 004.3 325.5  32.7 0.521989 1.417902 0.533028 hargrave 2020-09-17 22:36:35 
TT 500 293.3  26.0 293.3  26.0 1.73E-04 001.7 330.3  27.7 0.281110 0.141753 0.425573 hargrave 2020-09-19 15:02:12 
TT 525 292.0  24.8 292.0  24.8 1.57E-04 001.9 329.0  26.5 0.159578 0.221954 0.434978 hargrave 2020-09-19 20:01:39 
TT 550 286.7  25.2 286.7  25.2 1.39E-04 002.0 323.7  26.8 0.086004 0.281454 0.378521 hargrave 2020-09-22 15:35:02 
TT 560 285.1  26.0 285.1  26.0 1.26E-04 002.5 321.9  27.6 0.095177 0.337891 0.419556 hargrave 2020-09-24 20:02:44 
TT 570 291.4  25.3 291.4  25.3 1.13E-04 002.5 328.3  27.0 0.348087 0.225517 0.284655 hargrave 2020-09-26 14:39:09 
TT 580 287.6  21.3 287.6  21.3 1.06E-04 002.2 324.6  22.9 0.090745 0.317594 0.241464 hargrave 2020-09-27 13:45:54 
TT 590 285.4  18.7 285.4  18.7 9.39E-05 001.8 322.4  20.3 0.139678 0.228580 0.143179 hargrave 2020-10-03 13:41:50 
TT 600 293.4  26.7 293.4  26.7 8.48E-05 001.0 330.4  28.5 0.055059 0.118241 0.081173 hargrave 2020-10-07 21:27:39 
TT 610 311.6 -01.5 311.6 -01.5 6.00E-05 034.7 349.1  00.4 0.723208 3.466200 2.175691 hargrave 2020-10-08 20:56:49 
TT 610 282.8  15.6 282.8  15.6 7.20E-05 002.6 320.0  17.2 0.178890 0.264161 0.095535 hargrave 2020-10-09 08:52:15 
TT 620 278.7  24.2 278.7  24.2 6.17E-05 001.6 315.5  25.6 0.133944 0.096900 0.052403 hargrave 2020-10-10 09:29:07 
TT 630 278.1  25.1 278.1  25.1 4.67E-05 001.8 314.9  26.5 0.081596 0.121241 0.036769 hargrave 2020-10-10 21:15:06 
TT 640 280.2  28.1 280.2  28.1 4.01E-05 001.1 316.9  29.5 0.034494 0.067399 0.037330 hargrave 2020-10-13 13:46:56 
TT 650 276.7  18.3 276.7  18.3 4.45E-05 004.4 313.7  19.7 0.231172 0.249600 0.042475 hargrave 2020-10-14 09:00:17 
TT 660 288.6  25.9 288.6  25.9 2.95E-05 004.3 325.6  27.5 0.092939 0.198856 0.051586 hargrave 2020-10-16 16:55:52 
TT 664 267.2  23.4 267.2  23.4 2.66E-05 001.9 303.9  24.5 0.038754 0.077965 0.045516 hargrave 2020-10-30 11:54:29 
TT 668 269.9  25.2 269.9  25.2 2.01E-05 004.9 306.6  26.4 0.125229 0.120066 0.037758 hargrave 2020-10-30 18:36:43 
TT 672 285.8  11.2 285.8  11.2 2.68E-05 005.5 323.0  12.8 0.183729 0.184138 0.068374 hargrave 2020-11-09 00:26:08 
TT 674 272.0  35.0 272.0  35.0 7.53E-06 008.3 308.4  36.2 0.081929 0.079562 0.008194 hargrave 2020-11-15 17:50:05 
TT 674 286.1  33.2 286.1  33.2 7.80E-06 002.2 322.8  34.8 0.023725 0.017335 0.011638 hargrave 2020-11-15 19:46:57 
TT 675 242.7  07.2 242.7  07.2 1.04E-05 005.0 279.9  07.5 0.090083 0.016107 0.007875 hargrave 2020-11-16 00:56:26 
TT 676 299.4  01.5 299.4  01.5 4.83E-06 004.1 336.9  03.4 0.014495 0.031984 0.007477 hargrave 2020-11-19 11:01:56 
TT 677 265.6  06.2 265.6  06.2 1.47E-05 003.7 302.9  07.3 0.083950 0.052664 0.013779 hargrave 2020-11-19 17:11:37 
TT 678 286.3  17.5 286.3  17.5 5.92E-06 001.7 323.4  19.1 0.012843 0.015225 0.004912 hargrave 2020-11-19 23:14:39 
TT 679 255.7  06.9 255.7  06.9 1.06E-05 004.5 293.0  07.7 0.074193 0.043333 0.013522 hargrave 2020-11-22 10:07:52 
TT 680 095.0  40.8 095.0  40.8 2.49E-06 002.0 133.7  39.4 0.005127 0.003342 0.006727 hargrave 2020-11-22 16:08:32 
