CF- 44a mag compass orientation (IGRF corrected)
   21.2 269.5  57.0   0.0   0.0   1.0
NRM    286.9  18.2 286.9  18.2 2.53E-04 002.9 114.6 -03.9 0.976131 0.431137 0.719491 hargrave 2020-08-30 20:43:28 
TT 100 285.6 -19.3 285.6 -19.3 1.90E-04 039.9 081.6 -23.6 13.55690 5.071859 6.565874 hargrave 2020-09-01 17:40:52 
TT 100 284.0  17.5 284.0  17.5 2.41E-04 009.1 112.4 -02.1 3.478838 1.476340 0.732684 hargrave 2020-09-01 18:12:09 
TT 100 287.4  21.8 287.4  21.8 2.38E-04 011.7 117.9 -02.1 4.337558 2.330320 0.557167 hargrave 2020-09-01 18:23:12 
TT 200 286.4  11.3 286.4  11.3 3.01E-09 055.2 108.8 -07.3 0.000589 0.000422 0.000107 hargrave 2020-09-05 17:32:12 
TT 200 286.8  23.5 286.8  23.5 2.01E-04 004.9 118.9 -00.6 1.441099 0.824805 0.506022 hargrave 2020-09-05 18:00:04 
TT 300 206.9  55.4 206.9  55.4 7.28E-05 064.9 147.9  60.6 6.240487 13.06020 6.721837 hargrave 2020-09-06 19:54:34 
TT 300 205.4  56.3 205.4  56.3 7.44E-05 064.3 150.4  60.7 6.389237 12.95988 6.562961 hargrave 2020-09-06 20:15:23 
TT 300 206.0  54.2 206.0  54.2 7.38E-05 064.5 146.5  61.7 6.123950 13.09432 6.547184 hargrave 2020-09-06 20:20:11 
TT 400 291.1  27.2 291.1  27.2 1.23E-04 001.9 124.2 -01.5 0.153352 0.067021 0.384804 hargrave 2020-09-15 17:13:09 
TT 450 297.3  34.8 297.3  34.8 1.04E-04 004.4 133.4 -00.6 0.577646 0.545831 0.107781 hargrave 2020-09-17 23:47:23 
TT 500 297.7  31.3 297.7  31.3 8.55E-05 003.1 131.0 -03.1 0.371551 0.254280 0.151705 hargrave 2020-09-19 16:24:09 
TT 525 291.1  31.2 291.1  31.2 8.08E-05 009.9 127.3  01.1 1.130338 0.826988 0.163786 hargrave 2020-09-20 12:14:16 
TT 525 354.2  56.8 354.2  56.8 4.30E-05 059.8 177.1 -00.1 0.507268 7.465282 0.059312 hargrave 2020-09-21 09:14:32 
TT 525 291.5  31.9 291.5  31.9 8.06E-05 010.8 128.1  01.2 1.214724 0.922505 0.179956 hargrave 2020-09-21 09:22:15 
TT 550 293.8  32.1 293.8  32.1 6.79E-05 006.4 129.4 -00.2 0.586102 0.482377 0.095201 hargrave 2020-09-22 16:44:04 
TT 560 300.6  30.0 300.6  30.0 7.01E-05 008.1 131.8 -05.9 0.593787 0.620211 0.509894 hargrave 2020-09-24 21:08:41 
TT 560 297.2  32.0 297.2  32.0 7.08E-05 000.7 131.2 -02.4 0.070313 0.051374 0.056469 hargrave 2020-09-24 21:33:21 
TT 570 304.4  34.6 304.4  34.6 5.81E-05 001.8 137.3 -04.9 0.059791 0.055255 0.163493 hargrave 2020-09-26 15:48:34 
TT 580 305.4  38.4 305.4  38.4 5.23E-05 003.3 140.5 -02.7 0.167427 0.245262 0.070766 hargrave 2020-09-27 14:56:33 
TT 590 310.7  33.1 310.7  33.1 5.03E-05 003.8 140.3 -09.6 0.143765 0.256098 0.164148 hargrave 2020-10-03 14:52:15 
TT 600 300.7  34.5 300.7  34.5 4.86E-05 001.8 135.1 -02.8 0.084987 0.118471 0.061444 hargrave 2020-10-07 22:34:57 
TT 610 295.0  36.4 295.0  36.4 4.73E-05 002.8 133.4  01.9 0.129705 0.096453 0.175194 hargrave 2020-10-08 22:13:18 
TT 620 304.3  39.9 304.3  39.9 4.14E-05 003.3 141.0 -01.0 0.145306 0.133513 0.145667 hargrave 2020-10-10 10:22:27 
TT 630 306.9  32.9 306.9  32.9 3.72E-05 003.2 137.7 -07.6 0.062571 0.113833 0.161944 hargrave 2020-10-10 22:19:39 
TT 640 305.4  40.2 305.4  40.2 3.45E-05 006.9 141.8 -01.4 0.290320 0.299043 0.123961 hargrave 2020-10-13 14:42:12 
TT 650 312.6  41.5 312.6  41.5 3.37E-05 003.6 146.8 -03.9 0.119405 0.179927 0.029398 hargrave 2020-10-14 10:07:42 
TT 660 311.6  39.7 311.6  39.7 2.73E-05 005.8 145.0 -04.9 0.173917 0.216968 0.055602 hargrave 2020-10-16 18:05:47 
TT 664 308.8  38.5 308.8  38.5 2.49E-05 005.8 142.6 -04.4 0.141243 0.209815 0.044959 hargrave 2020-10-30 12:59:28 
TT 668 314.6  42.7 314.6  42.7 2.31E-05 006.5 148.7 -03.8 0.123694 0.233338 0.038748 hargrave 2020-10-30 19:43:30 
TT 672 313.7  39.9 313.7  39.9 2.00E-05 003.2 146.5 -05.7 0.056207 0.102540 0.031407 hargrave 2020-11-09 09:42:31 
TT 674 312.2  35.5 312.2  35.5 1.95E-05 005.3 142.8 -08.4 0.113520 0.137592 0.038735 hargrave 2020-11-15 18:57:28 
TT 675 318.3  40.4 318.3  40.4 1.89E-05 005.1 149.6 -07.3 0.096811 0.142763 0.017431 hargrave 2020-11-16 02:03:36 
TT 676 314.4  34.5 314.4  34.5 1.80E-05 003.5 143.6 -10.4 0.079852 0.093376 0.011340 hargrave 2020-11-19 12:06:14 
TT 677 319.4  42.3 319.4  42.3 1.79E-05 003.4 151.4 -06.2 0.077704 0.099676 0.012486 hargrave 2020-11-19 18:17:15 
TT 678 320.6  47.1 320.6  47.1 1.49E-05 006.0 154.7 -02.6 0.084329 0.136531 0.048266 hargrave 2020-11-20 00:20:03 
TT 679 322.9  45.5 322.9  45.5 1.51E-05 001.6 155.2 -04.8 0.062874 0.031544 0.027711 hargrave 2020-11-22 11:46:07 
TT 680 310.9  39.1 310.9  39.1 1.33E-05 004.2 144.2 -05.0 0.055067 0.081054 0.025280 hargrave 2020-11-22 17:12:56 
TT 681 312.0  47.4 312.0  47.4 1.10E-05 010.0 150.1  01.0 0.086903 0.175847 0.018456 hargrave 2020-11-24 22:19:17 
TT 681 309.1  43.6 309.1  43.6 1.11E-05 005.8 146.1 -00.6 0.051632 0.102979 0.017434 hargrave 2020-11-25 15:58:13 
TT 682 310.0  39.4 310.0  39.4 1.23E-05 002.0 143.9 -04.3 0.022899 0.022950 0.036980 hargrave 2020-11-25 22:29:17 
