CF- 43a mag compass orientation (IGRF corrected)
   20.9 275.5  57.0   0.0   0.0   1.0
NRM    307.5  31.1 307.5  31.1 5.93E-04 005.0 133.2 -05.7 3.827427 3.449398 0.699405 hargrave 2020-08-30 20:39:07 
TT 100 309.2  35.8 309.2  35.8 2.91E-04 033.8 137.5 -03.4 22.87414 20.98549 1.861897 hargrave 2020-09-01 17:36:25 
TT 100 305.1  31.3 305.1  31.3 5.82E-04 001.7 131.8 -04.1 1.155170 1.125550 0.750018 hargrave 2020-09-01 18:10:34 
TT 200 298.7  25.5 298.7  25.5 4.96E-04 016.9 123.7 -03.7 12.42144 8.517896 0.492602 hargrave 2020-09-05 17:28:32 
TT 200 297.7  24.4 297.7  24.4 5.15E-04 005.8 122.3 -03.6 4.371228 2.942329 0.312718 hargrave 2020-09-05 17:58:29 
TT 300 294.0  19.7 294.0  19.7 4.62E-04 002.0 116.6 -03.8 1.206163 0.709095 0.772231 hargrave 2020-09-06 19:51:44 
TT 400 294.8  19.2 294.8  19.2 3.86E-04 003.5 116.5 -04.7 2.107611 0.995901 0.260483 hargrave 2020-09-15 16:50:32 
TT 450 291.6  15.7 291.6  15.7 3.55E-04 000.9 111.9 -04.4 0.465205 0.269496 0.260346 hargrave 2020-09-17 23:42:59 
TT 500 293.0  17.4 293.0  17.4 3.21E-04 001.2 114.0 -04.5 0.421106 0.227984 0.468650 hargrave 2020-09-19 16:22:41 
TT 525 291.7  14.9 291.7  14.9 3.07E-04 004.2 111.4 -04.9 2.107921 0.810249 0.206348 hargrave 2020-09-20 12:12:48 
TT 550 290.8  14.7 290.8  14.7 2.82E-04 003.6 110.7 -04.3 1.657496 0.548797 0.192621 hargrave 2020-09-22 16:39:40 
TT 560 294.8  18.9 294.8  18.9 2.75E-04 001.8 116.3 -04.9 0.782773 0.337897 0.225056 hargrave 2020-09-24 21:05:01 
TT 570 286.5  09.7 286.5  09.7 2.60E-04 002.8 104.1 -03.8 1.217933 0.280172 0.260736 hargrave 2020-09-26 15:44:08 
TT 580 290.5  16.2 290.5  16.2 2.50E-04 005.0 111.7 -03.3 2.043269 0.794959 0.199293 hargrave 2020-09-27 14:52:09 
TT 590 292.2  17.0 292.2  17.0 2.40E-04 003.2 113.3 -04.1 1.246794 0.477526 0.166726 hargrave 2020-10-03 14:47:54 
TT 600 290.0  13.6 290.0  13.6 2.30E-04 005.5 109.4 -04.4 2.091689 0.709706 0.179756 hargrave 2020-10-07 22:31:19 
TT 610 290.5  14.3 290.5  14.3 2.18E-04 002.6 110.1 -04.4 0.862517 0.358560 0.288350 hargrave 2020-10-08 22:10:16 
TT 620 290.3  13.1 290.3  13.1 2.11E-04 003.1 109.1 -04.9 1.064349 0.311650 0.224068 hargrave 2020-10-10 10:19:25 
TT 630 290.6  13.3 290.6  13.3 1.98E-04 004.0 109.4 -05.1 1.280494 0.443309 0.231534 hargrave 2020-10-10 22:16:06 
TT 640 292.7  15.7 292.7  15.7 1.87E-04 000.8 112.6 -05.2 0.162568 0.092114 0.196906 hargrave 2020-10-13 14:39:10 
TT 650 292.5  14.7 292.5  14.7 1.75E-04 003.7 111.7 -05.6 1.057819 0.414346 0.107541 hargrave 2020-10-14 10:03:15 
TT 660 291.9  14.2 291.9  14.2 1.54E-04 003.1 110.8 -05.5 0.771482 0.270865 0.106440 hargrave 2020-10-16 18:02:11 
TT 664 290.1  13.1 290.1  13.1 1.43E-04 003.9 109.0 -04.7 0.925302 0.293449 0.091964 hargrave 2020-10-30 12:55:49 
TT 668 290.5  12.5 290.5  12.5 1.29E-04 005.2 108.7 -05.4 1.107310 0.370667 0.074093 hargrave 2020-10-30 19:39:54 
TT 672 295.0  19.2 295.0  19.2 1.13E-04 006.4 116.7 -04.8 1.139702 0.569211 0.097872 hargrave 2020-11-09 09:38:40 
TT 674 290.7  13.5 290.7  13.5 1.07E-04 000.8 109.7 -05.0 0.096920 0.082334 0.105396 hargrave 2020-11-15 18:53:52 
TT 675 290.5  14.4 290.5  14.4 9.99E-05 000.9 110.2 -04.3 0.107551 0.081382 0.122221 hargrave 2020-11-16 01:59:10 
TT 676 289.8  13.5 289.8  13.5 9.82E-05 004.8 109.2 -04.3 0.772340 0.255252 0.128107 hargrave 2020-11-19 12:02:38 
TT 677 290.5  14.6 290.5  14.6 8.99E-05 000.9 110.4 -04.2 0.108171 0.083609 0.075515 hargrave 2020-11-19 18:15:42 
TT 678 291.1  15.8 291.1  15.8 8.15E-05 002.5 111.8 -03.9 0.325504 0.138277 0.103534 hargrave 2020-11-20 00:18:24 
TT 679 290.6  10.6 290.6  10.6 6.61E-05 003.0 107.2 -06.6 0.332581 0.105323 0.044799 hargrave 2020-11-22 11:44:03 
