CF- 47a mag compass orientation (IGRF corrected)
   22.3 276.5  80.0   0.0   0.0   1.0
NRM    291.6  25.7 291.6  25.7 4.83E-04 000.4 118.3 -09.0 0.167105 0.184436 0.266719 hargrave 2020-08-30 20:48:04 
TT 100 291.0  27.3 291.0  27.3 4.80E-04 001.6 119.6 -08.0 0.831676 0.609447 0.827860 hargrave 2020-09-01 17:45:45 
TT 200 288.6  21.8 288.6  21.8 4.56E-04 001.0 113.8 -07.3 0.654997 0.350333 0.314224 hargrave 2020-09-05 17:36:11 
TT 300 289.7  25.4 289.7  25.4 4.24E-04 004.0 117.6 -07.4 2.584117 1.404243 0.350525 hargrave 2020-09-06 19:59:45 
TT 400 290.1  19.6 290.1  19.6 3.71E-04 005.4 111.9 -09.2 3.269333 1.211749 0.339108 hargrave 2020-09-15 17:18:04 
TT 450 289.1  19.6 289.1  19.6 3.44E-04 003.0 111.7 -08.3 1.590240 0.761831 0.483879 hargrave 2020-09-17 23:52:25 
TT 500 290.1  22.1 290.1  22.1 3.18E-04 004.3 114.4 -08.6 2.057647 0.995259 0.664607 hargrave 2020-09-19 16:30:51 
TT 525 290.6  21.8 290.6  21.8 3.07E-04 001.0 114.2 -09.1 0.189804 0.181698 0.507733 hargrave 2020-09-20 12:18:27 
TT 550 289.5  18.6 289.5  18.6 2.90E-04 002.5 110.8 -08.9 1.045370 0.523029 0.489946 hargrave 2020-09-22 16:49:06 
TT 560 290.3  21.3 290.3  21.3 2.82E-04 003.6 113.7 -08.9 1.500907 0.796544 0.539220 hargrave 2020-09-24 21:13:49 
TT 570 290.1  22.8 290.1  22.8 2.71E-04 002.4 115.1 -08.4 0.954990 0.532973 0.377615 hargrave 2020-09-26 15:53:39 
TT 580 288.8  18.5 288.8  18.5 2.66E-04 001.3 110.6 -08.3 0.445867 0.240958 0.354650 hargrave 2020-09-27 15:01:41 
TT 590 289.6  22.2 289.6  22.2 2.56E-04 003.1 114.4 -08.1 1.210088 0.641669 0.301797 hargrave 2020-10-03 14:57:15 
TT 600 287.9  15.1 287.9  15.1 2.51E-04 005.0 107.1 -08.2 2.082453 0.691896 0.205117 hargrave 2020-10-07 22:40:06 
TT 610 289.6  18.7 289.6  18.7 2.42E-04 005.2 110.9 -09.0 2.097212 0.707514 0.249092 hargrave 2020-10-08 22:17:29 
TT 620 289.3  16.9 289.3  16.9 2.36E-04 004.2 109.1 -09.1 1.635969 0.516135 0.205472 hargrave 2020-10-10 10:26:38 
TT 630 288.7  14.9 288.7  14.9 2.28E-04 001.7 107.0 -09.0 0.607862 0.224368 0.192799 hargrave 2020-10-10 22:24:39 
TT 640 289.8  18.3 289.8  18.3 2.17E-04 004.2 110.6 -09.2 1.488432 0.529853 0.183604 hargrave 2020-10-13 14:46:27 
TT 650 289.6  16.6 289.6  16.6 2.07E-04 002.0 108.9 -09.4 0.669294 0.277069 0.186403 hargrave 2020-10-14 10:12:51 
TT 660 290.4  17.6 290.4  17.6 1.90E-04 004.2 110.0 -10.0 1.259007 0.528365 0.255114 hargrave 2020-10-16 18:10:50 
TT 664 289.1  15.2 289.1  15.2 1.85E-04 001.8 107.4 -09.3 0.503546 0.146432 0.290629 hargrave 2020-10-30 13:04:32 
TT 668 290.4  17.7 290.4  17.7 1.77E-04 002.3 110.1 -09.9 0.599669 0.315192 0.289167 hargrave 2020-10-30 19:48:36 
TT 672 288.6  12.2 288.6  12.2 1.55E-04 001.3 104.3 -09.5 0.257226 0.148927 0.229454 hargrave 2020-11-09 09:46:53 
TT 674 289.6  18.6 289.6  18.6 1.46E-04 003.3 110.9 -09.0 0.734695 0.349138 0.216486 hargrave 2020-11-15 19:02:29 
TT 675 289.4  17.1 289.4  17.1 1.40E-04 000.9 109.3 -09.2 0.068304 0.078978 0.202167 hargrave 2020-11-16 02:08:43 
TT 676 289.5  18.0 289.5  18.0 1.38E-04 002.0 110.3 -09.0 0.433047 0.194019 0.148756 hargrave 2020-11-19 12:11:18 
TT 677 289.3  16.0 289.3  16.0 1.34E-04 001.2 108.2 -09.3 0.217861 0.131235 0.159282 hargrave 2020-11-19 18:25:16 
TT 678 288.6  09.7 288.6  09.7 1.27E-04 005.1 101.8 -10.0 1.115372 0.217682 0.096775 hargrave 2020-11-20 00:28:24 
TT 679 290.2  17.2 290.2  17.2 1.21E-04 001.5 109.5 -09.8 0.268671 0.125426 0.157125 hargrave 2020-11-22 11:53:06 
TT 680 289.8  14.7 289.8  14.7 1.21E-04 001.2 107.0 -10.1 0.189167 0.146398 0.152686 hargrave 2020-11-22 17:18:09 
TT 681 289.0  16.2 289.0  16.2 1.05E-04 001.8 108.3 -09.0 0.293458 0.137524 0.097181 hargrave 2020-11-24 22:24:37 
TT 682 287.9  13.9 287.9  13.9 1.06E-04 002.5 105.8 -08.4 0.430366 0.160512 0.125786 hargrave 2020-11-25 22:34:04 
