CF- 50a mag compass orientation (IGRF corrected)
   23.1 267.5  70.0   0.0   0.0   1.0
NRM    300.3  24.4 300.3  24.4 4.93E-04 003.5 126.1 -18.8 2.357702 1.130099 1.441694 hargrave 2020-08-30 20:52:48 
TT 100 299.9  25.3 299.9  25.3 4.84E-04 005.4 126.6 -18.1 3.694976 2.562255 0.755661 hargrave 2020-09-01 17:50:53 
TT 200 295.6  18.9 295.6  18.9 4.49E-04 002.3 118.7 -17.9 1.271232 0.207778 1.221648 hargrave 2020-09-05 17:41:06 
TT 300 294.2  15.2 294.2  15.2 4.13E-04 002.1 114.6 -18.6 1.059827 0.761534 0.845964 hargrave 2020-09-06 20:05:16 
TT 400 298.3  18.4 298.3  18.4 3.44E-04 001.8 119.6 -20.4 0.483912 0.275990 0.917897 hargrave 2020-09-15 17:22:37 
TT 450 293.3  08.6 293.3  08.6 3.14E-04 004.5 107.9 -20.7 2.300545 0.529439 0.657331 hargrave 2020-09-17 23:57:50 
TT 500 294.5  11.1 294.5  11.1 2.87E-04 001.5 110.9 -20.6 0.582531 0.103860 0.491199 hargrave 2020-09-19 16:35:21 
TT 525 295.7  12.0 295.7  12.0 2.71E-04 003.7 112.3 -21.3 1.577906 0.388699 0.633522 hargrave 2020-09-20 12:22:58 
TT 550 296.2  13.6 296.2  13.6 2.51E-04 002.6 114.0 -21.0 0.830564 0.554609 0.515998 hargrave 2020-09-22 16:54:31 
TT 560 291.6  04.6 291.6  04.6 2.44E-04 003.7 103.3 -20.8 1.401461 0.523790 0.560693 hargrave 2020-09-24 21:19:14 
TT 570 294.2  10.7 294.2  10.7 2.36E-04 001.8 110.3 -20.6 0.322027 0.352128 0.581478 hargrave 2020-09-26 15:59:06 
TT 580 295.1  11.8 295.1  11.8 2.26E-04 007.0 111.8 -20.9 2.600125 0.854757 0.548584 hargrave 2020-09-27 15:07:05 
TT 590 295.2  11.9 295.2  11.9 2.19E-04 004.3 112.0 -20.9 1.490401 0.409965 0.575026 hargrave 2020-10-03 15:02:38 
TT 600 295.9  11.7 295.9  11.7 2.14E-04 003.2 112.1 -21.6 0.943778 0.126528 0.706494 hargrave 2020-10-07 22:45:39 
TT 610 295.5  09.2 295.5  09.2 2.02E-04 005.9 109.5 -22.4 1.957764 0.330427 0.692638 hargrave 2020-10-08 22:21:59 
TT 620 295.2  08.1 295.2  08.1 1.95E-04 004.4 108.2 -22.6 1.311142 0.153718 0.685131 hargrave 2020-10-10 10:31:10 
TT 630 294.6  06.5 294.6  06.5 1.83E-04 003.1 106.5 -22.8 0.865979 0.144306 0.463780 hargrave 2020-10-10 22:30:02 
TT 640 295.8  08.5 295.8  08.5 1.72E-04 003.8 109.0 -22.9 0.974961 0.110486 0.584400 hargrave 2020-10-13 14:51:02 
TT 650 297.2  09.6 297.2  09.6 1.62E-04 002.0 110.7 -23.8 0.310877 0.122894 0.463478 hargrave 2020-10-14 10:18:22 
TT 660 002.2  69.8 002.2  69.8 5.04E-05 070.5 181.6 -00.2 0.353202 13.70714 6.161975 hargrave 2020-10-16 18:16:18 
TT 660 296.9  08.0 296.9  08.0 1.49E-04 003.2 109.1 -24.2 0.741823 0.123936 0.363932 hargrave 2020-10-17 15:59:38 
TT 664 297.2  09.4 297.2  09.4 1.45E-04 002.8 110.5 -23.8 0.608790 0.108747 0.360771 hargrave 2020-10-30 13:09:56 
TT 668 297.9  10.2 297.9  10.2 1.34E-04 003.6 111.6 -24.0 0.751863 0.186602 0.327952 hargrave 2020-10-30 19:54:01 
TT 672 020.2  68.1 020.2  68.1 4.61E-05 067.2 188.3 -00.3 1.514027 9.956064 5.347808 hargrave 2020-11-09 09:56:53 
TT 672 017.9  68.4 017.9  68.4 4.79E-05 066.4 187.4 -00.4 1.312454 9.905206 5.339977 hargrave 2020-11-09 10:18:34 
TT 672 301.6  16.7 301.6  16.7 1.16E-04 005.1 119.7 -24.0 0.777085 0.602457 0.344557 hargrave 2020-11-09 10:28:07 
TT 674 296.0  06.1 296.0  06.1 1.12E-04 002.4 106.7 -24.1 0.362879 0.065999 0.279915 hargrave 2020-11-15 19:07:52 
TT 675 296.5  08.0 296.5  08.0 1.04E-04 001.7 108.8 -23.8 0.158791 0.110658 0.244499 hargrave 2020-11-16 02:14:09 
TT 676 295.0  04.3 295.0  04.3 1.02E-04 002.1 104.5 -24.0 0.246508 0.086697 0.264428 hargrave 2020-11-19 12:16:45 
TT 677 296.5  08.2 296.5  08.2 9.72E-05 002.5 109.0 -23.7 0.269792 0.077118 0.330548 hargrave 2020-11-19 18:30:38 
TT 678 294.7  03.3 294.7  03.3 9.01E-05 003.5 103.3 -24.1 0.479462 0.080108 0.252098 hargrave 2020-11-20 00:33:46 
TT 679 296.6  06.4 296.6  06.4 9.01E-05 004.8 107.3 -24.6 0.705762 0.117751 0.250973 hargrave 2020-11-22 11:57:42 
TT 680 296.1  04.4 296.1  04.4 8.80E-05 005.2 105.0 -24.9 0.751960 0.120933 0.247296 hargrave 2020-11-22 17:26:39 
TT 681 295.2  05.1 295.2  05.1 8.53E-05 004.1 105.3 -23.9 0.540405 0.093679 0.263594 hargrave 2020-11-24 22:29:50 
TT 682 295.2  03.7 295.2  03.7 6.44E-05 002.4 103.9 -24.4 0.184855 0.128853 0.168870 hargrave 2020-11-26 19:16:34 
