CF- 51a mag compass orientation (IGRF corrected)
   23.4 272.5  72.0   0.0   0.0   1.0
NRM    303.5  20.4 303.5  20.4 5.84E-04 001.1 120.9 -20.6 0.908967 0.251715 0.567901 hargrave 2020-08-30 20:54:17 
TT 100 305.4  24.6 305.4  24.6 5.78E-04 001.3 125.7 -19.9 0.190587 0.580574 1.138398 hargrave 2020-09-01 17:52:30 
TT 200 300.8  19.2 300.8  19.2 5.46E-04 002.0 118.5 -18.9 1.519321 0.949767 0.560133 hargrave 2020-09-05 17:42:26 
TT 300 302.1  19.6 302.1  19.6 4.98E-04 001.5 119.5 -19.8 0.878360 0.765272 0.562458 hargrave 2020-09-06 20:07:02 
TT 400 300.4  11.6 300.4  11.6 4.14E-04 003.6 111.0 -22.0 2.533022 0.604673 0.231276 hargrave 2020-09-15 17:24:04 
TT 450 299.7  08.6 299.7  08.6 3.79E-04 004.0 107.8 -22.6 2.484436 0.896784 0.292396 hargrave 2020-09-17 23:59:35 
TT 500 299.9  10.2 299.9  10.2 3.39E-04 002.6 109.5 -22.1 1.363027 0.559460 0.522321 hargrave 2020-09-19 16:36:53 
TT 525 300.0  08.6 300.0  08.6 3.20E-04 002.3 108.0 -22.8 1.210715 0.409551 0.300270 hargrave 2020-09-20 12:26:59 
TT 550 301.9  12.2 301.9  12.2 3.02E-04 001.7 112.3 -23.0 0.804000 0.184587 0.346161 hargrave 2020-09-22 16:56:16 
TT 560 300.6  09.4 300.6  09.4 2.90E-04 000.8 109.0 -23.1 0.058091 0.166671 0.339976 hargrave 2020-09-24 21:21:00 
TT 570 301.2  12.0 301.2  12.0 2.80E-04 000.5 111.8 -22.4 0.080473 0.079214 0.213434 hargrave 2020-09-26 16:00:51 
TT 580 299.8  07.6 299.8  07.6 2.72E-04 002.8 106.8 -23.0 1.272708 0.415190 0.166656 hargrave 2020-09-27 15:08:49 
TT 590 302.2  13.2 302.2  13.2 2.62E-04 001.3 113.5 -22.8 0.516857 0.230394 0.166017 hargrave 2020-10-03 15:04:22 
TT 600 301.0  09.1 301.0  09.1 2.56E-04 002.6 108.9 -23.6 1.094745 0.310578 0.160408 hargrave 2020-10-07 22:47:26 
TT 610 300.2  04.9 300.2  04.9 2.47E-04 000.5 104.3 -24.5 0.137910 0.104493 0.147150 hargrave 2020-10-08 22:23:29 
TT 620 300.3  05.0 300.3  05.0 2.39E-04 004.9 104.4 -24.5 2.007211 0.448011 0.209966 hargrave 2020-10-10 10:32:36 
TT 630 301.8  07.3 301.8  07.3 2.25E-04 000.9 107.3 -25.0 0.290900 0.148938 0.182082 hargrave 2020-10-10 22:31:46 
TT 640 301.7  07.5 301.7  07.5 2.14E-04 002.6 107.5 -24.8 0.884987 0.355067 0.174062 hargrave 2020-10-13 14:52:29 
TT 650 301.4  05.0 301.4  05.0 2.00E-04 000.5 104.9 -25.5 0.080912 0.051577 0.143010 hargrave 2020-10-14 10:20:08 
TT 660 302.8  06.8 302.8  06.8 1.78E-04 000.7 107.4 -26.1 0.159390 0.109254 0.121266 hargrave 2020-10-16 18:18:03 
TT 664 301.9  06.4 301.9  06.4 1.69E-04 003.6 106.5 -25.5 1.005285 0.292959 0.121314 hargrave 2020-10-30 13:11:40 
TT 668 302.1  06.7 302.1  06.7 1.51E-04 000.9 106.9 -25.5 0.172063 0.127219 0.110426 hargrave 2020-10-30 19:55:46 
TT 672 305.3  10.2 305.3  10.2 1.26E-04 003.2 112.0 -26.9 0.797070 0.095147 0.169424 hargrave 2020-11-09 09:58:20 
TT 674 300.6  04.6 300.6  04.6 1.28E-04 000.6 104.2 -24.9 0.097079 0.078870 0.087799 hargrave 2020-11-15 19:09:36 
TT 675 303.1  09.3 303.1  09.3 1.18E-04 002.2 109.9 -25.3 0.388215 0.210012 0.110989 hargrave 2020-11-16 02:15:54 
TT 676 302.0  06.1 302.0  06.1 1.14E-04 002.0 106.2 -25.6 0.383697 0.111021 0.064097 hargrave 2020-11-19 12:18:31 
TT 677 302.2  07.8 302.2  07.8 1.05E-04 003.1 108.1 -25.1 0.535938 0.179802 0.062465 hargrave 2020-11-19 18:32:27 
TT 678 303.1  08.0 303.1  08.0 9.13E-05 001.1 108.7 -25.9 0.142627 0.090239 0.066050 hargrave 2020-11-20 00:35:28 
TT 679 303.1  06.8 303.1  06.8 9.10E-05 002.8 107.4 -26.4 0.436781 0.101579 0.077515 hargrave 2020-11-22 11:59:06 
TT 680 303.8  03.5 303.8  03.5 9.03E-05 003.9 104.4 -28.3 0.588883 0.170213 0.058972 hargrave 2020-11-22 17:28:21 
TT 681 304.0  10.5 304.0  10.5 7.58E-05 002.1 111.6 -25.7 0.260586 0.096386 0.045774 hargrave 2020-11-24 22:33:35 
TT 682 301.8  06.8 301.8  06.8 3.75E-05 001.6 106.8 -25.2 0.091059 0.084709 0.023248 hargrave 2020-11-26 19:18:03 
