CF- 52a sun compass orientation
   24.6 357.8  72.0   0.0   0.0   1.0
NRM    299.8  43.2 299.8  43.2 4.79E-04 001.5 139.9  53.1 0.873592 0.855766 0.170522 hargrave 2020-08-30 20:55:48 
TT 100 296.9  43.7 296.9  43.7 4.74E-04 003.4 142.7  54.5 2.364724 1.317994 0.721303 hargrave 2020-09-01 17:54:04 
TT 200 294.5  35.6 294.5  35.6 4.31E-04 005.8 132.0  60.6 3.497489 2.556993 0.285709 hargrave 2020-09-05 17:43:42 
TT 300 292.8  35.2 292.8  35.2 3.84E-04 004.0 132.8  61.9 2.263338 1.352454 0.347646 hargrave 2020-09-06 20:08:45 
TT 400 292.8  32.7 292.8  32.7 3.01E-04 002.2 128.0  63.2 0.950762 0.648477 0.109182 hargrave 2020-09-15 17:25:28 
TT 450 292.3  32.3 292.3  32.3 2.73E-04 004.6 127.7  63.7 1.895931 1.139514 0.118882 hargrave 2020-09-18 00:01:16 
TT 500 290.4  34.6 290.4  34.6 2.43E-04 002.7 133.9  63.9 0.975881 0.566890 0.106241 hargrave 2020-09-19 16:38:17 
TT 525 291.7  32.4 291.7  32.4 2.25E-04 001.5 128.4  64.1 0.540842 0.222867 0.076542 hargrave 2020-09-20 12:28:22 
TT 550 291.4  31.2 291.4  31.2 2.08E-04 004.2 126.2  64.9 1.302993 0.781638 0.076646 hargrave 2020-09-22 16:57:57 
TT 560 290.5  31.7 290.5  31.7 1.94E-04 003.7 128.1  65.3 1.105734 0.606881 0.101672 hargrave 2020-09-24 21:22:41 
TT 570 290.9  31.8 290.9  31.8 1.88E-04 002.1 128.0  65.0 0.567190 0.395920 0.056096 hargrave 2020-09-26 16:02:32 
TT 580 290.1  31.0 290.1  31.0 1.77E-04 003.3 127.0  66.0 0.812947 0.588452 0.051080 hargrave 2020-09-27 15:10:30 
TT 590 290.0  31.1 290.0  31.1 1.70E-04 001.8 127.3  66.0 0.408193 0.331476 0.051188 hargrave 2020-10-03 15:06:02 
TT 600 290.8  29.0 290.8  29.0 1.60E-04 001.3 122.0  66.3 0.324555 0.144849 0.052150 hargrave 2020-10-07 22:49:10 
TT 610 291.3  28.5 291.3  28.5 1.50E-04 001.4 120.4  66.1 0.181131 0.307946 0.105949 hargrave 2020-10-08 22:24:52 
TT 620 291.2  31.9 291.2  31.9 1.40E-04 001.7 127.7  64.7 0.103016 0.413679 0.090838 hargrave 2020-10-10 10:34:00 
TT 630 291.0  29.9 291.0  29.9 1.24E-04 002.3 123.6  65.8 0.313911 0.377343 0.075010 hargrave 2020-10-10 22:33:26 
TT 640 291.4  31.7 291.4  31.7 1.15E-04 001.7 127.1  64.7 0.326493 0.088313 0.082357 hargrave 2020-10-13 14:53:56 
TT 650 292.4  30.9 292.4  30.9 1.03E-04 000.5 124.7  64.2 0.078247 0.052541 0.037958 hargrave 2020-10-14 10:21:51 
TT 660 290.5  30.8 290.5  30.8 8.83E-05 002.1 126.2  65.8 0.280450 0.149364 0.041528 hargrave 2020-10-16 18:19:44 
TT 664 291.6  30.7 291.6  30.7 8.45E-05 004.5 124.9  65.0 0.543022 0.397219 0.034669 hargrave 2020-10-30 13:13:21 
TT 668 290.4  28.4 290.4  28.4 6.98E-05 004.5 120.8  66.8 0.470226 0.294354 0.028465 hargrave 2020-10-30 19:57:28 
TT 672 291.7  26.5 291.7  26.5 5.65E-05 002.3 115.3  66.4 0.147694 0.173603 0.027205 hargrave 2020-11-09 09:59:43 
TT 674 290.1  27.7 290.1  27.7 4.99E-05 002.9 119.4  67.3 0.208353 0.132716 0.152831 hargrave 2020-11-15 19:11:17 
TT 675 291.1  29.7 291.1  29.7 4.61E-05 002.0 123.1  65.8 0.140602 0.082893 0.038671 hargrave 2020-11-16 02:17:36 
TT 676 291.9  29.2 291.9  29.2 3.78E-05 001.7 121.4  65.3 0.053580 0.105158 0.021775 hargrave 2020-11-19 12:20:13 
TT 677 292.3  29.1 292.3  29.1 3.47E-05 002.1 120.9  65.0 0.052510 0.117841 0.025166 hargrave 2020-11-19 18:34:12 
TT 678 290.5  29.3 290.5  29.3 2.39E-05 001.8 122.8  66.4 0.064240 0.054826 0.023219 hargrave 2020-11-20 00:37:08 
TT 679 292.8  28.6 292.8  28.6 2.26E-05 002.4 119.5  64.8 0.056310 0.078808 0.019847 hargrave 2020-11-22 12:00:30 
TT 680 291.5  28.6 291.5  28.6 1.81E-05 003.5 120.4  65.8 0.068531 0.090651 0.018023 hargrave 2020-11-22 17:30:02 
