CF- 6a mag compass orientation (IGRF corrected)
    3.3  74.5   3.0   0.0   0.0   1.0
NRM    319.3  65.7 319.3  65.7 4.93E-03 005.3 331.6  68.4 31.01020 33.57102 4.533106 hargrave 2020-08-30 18:51:02 
TT 100 324.0  64.6 324.0  64.6 4.69E-03 002.1 337.0  67.4 14.66093 5.017573 7.385273 hargrave 2020-09-01 16:32:18 
TT 200 304.4  54.4 304.4  54.4 3.06E-03 002.1 317.0  56.7 9.856788 4.596385 3.505141 hargrave 2020-09-05 16:20:45 
TT 300 303.4  46.9 303.4  46.9 2.07E-03 001.7 316.7  49.2 4.863331 1.440316 3.755499 hargrave 2020-09-06 18:53:16 
TT 400 297.5  46.0 297.5  46.0 1.36E-03 005.0 310.6  48.0 10.21504 5.554999 2.158119 hargrave 2020-09-15 15:50:41 
TT 450 301.2  45.1 301.2  45.1 1.20E-03 004.2 314.5  47.3 4.469771 7.442819 1.906623 hargrave 2020-09-17 22:39:24 
TT 500 303.5  42.3 303.5  42.3 1.00E-03 001.3 317.1  44.5 1.947314 0.418795 1.289175 hargrave 2020-09-19 15:05:46 
TT 525 302.1  41.1 302.1  41.1 9.31E-04 002.9 315.7  43.3 3.993871 2.137356 1.566615 hargrave 2020-09-19 20:04:27 
TT 550 298.9  41.5 298.9  41.5 8.17E-04 001.4 312.4  43.6 0.181222 1.604158 1.206365 hargrave 2020-09-22 15:38:38 
TT 560 301.5  41.3 301.5  41.3 7.64E-04 001.7 315.1  43.4 1.884784 0.233534 1.293691 hargrave 2020-09-24 20:05:30 
TT 570 290.7  41.4 290.7  41.4 6.56E-04 001.2 304.0  43.2 0.759389 0.714968 0.951324 hargrave 2020-09-26 14:41:52 
TT 580 294.7  33.8 294.7  33.8 6.11E-04 001.8 308.6  35.7 1.721551 0.502035 0.822231 hargrave 2020-09-27 13:49:30 
TT 590 297.4  36.6 297.4  36.6 4.99E-04 002.2 311.2  38.6 1.648027 0.885921 0.445460 hargrave 2020-10-03 13:44:33 
TT 600 294.0  38.1 294.0  38.1 4.55E-04 000.4 307.6  40.0 0.170127 0.146169 0.233335 hargrave 2020-10-07 21:30:29 
TT 610 298.3  36.0 298.3  36.0 3.64E-04 000.4 312.2  38.1 0.112941 0.173595 0.198055 hargrave 2020-10-08 21:00:26 
TT 620 289.1  32.6 289.1  32.6 3.64E-04 002.0 303.0  34.2 0.889959 0.870216 0.185696 hargrave 2020-10-10 09:31:25 
TT 630 287.4  32.4 287.4  32.4 3.01E-04 002.2 301.2  34.0 0.993971 0.610529 0.170840 hargrave 2020-10-10 21:17:53 
TT 640 281.8  31.9 281.8  31.9 2.59E-04 000.6 295.6  33.2 0.239432 0.101217 0.154155 hargrave 2020-10-13 13:49:53 
TT 650 281.9  33.2 281.9  33.2 2.14E-04 002.1 295.6  34.6 0.618756 0.493806 0.120365 hargrave 2020-10-14 09:03:00 
TT 660 286.2  31.0 286.2  31.0 2.07E-04 001.1 300.1  32.5 0.268315 0.261343 0.159606 hargrave 2020-10-16 16:58:38 
TT 664 264.7  29.0 264.7  29.0 1.54E-04 000.9 278.5  29.5 0.222138 0.101860 0.075142 hargrave 2020-10-30 11:57:18 
TT 668 276.8  40.9 276.8  40.9 1.16E-04 001.2 289.9  42.0 0.214179 0.099822 0.057301 hargrave 2020-10-30 18:39:30 
TT 672 292.5  26.9 292.5  26.9 1.45E-04 001.7 306.8  28.7 0.330934 0.251494 0.123666 hargrave 2020-11-09 00:28:23 
TT 674 244.4  42.0 244.4  42.0 6.12E-05 001.5 257.3  41.4 0.111212 0.099661 0.102037 hargrave 2020-11-15 17:52:50 
TT 675 274.5  26.2 274.5  26.2 8.69E-05 001.4 288.5  27.2 0.189681 0.076144 0.051849 hargrave 2020-11-16 00:59:13 
TT 676 221.8  69.9 221.8  69.9 2.76E-05 001.8 230.9  68.1 0.036678 0.081108 0.008578 hargrave 2020-11-19 11:04:42 
TT 677 283.0  20.8 283.0  20.8 7.48E-05 001.0 297.4  22.2 0.101902 0.087212 0.055852 hargrave 2020-11-19 17:14:26 
TT 678 196.0  75.9 196.0  75.9 2.12E-05 002.1 206.2  73.2 0.033624 0.066945 0.040591 hargrave 2020-11-19 23:17:30 
TT 679 228.6  20.3 228.6  20.3 5.32E-05 001.0 243.1  18.9 0.089237 0.073943 0.059503 hargrave 2020-11-22 10:10:43 
TT 680 181.4  11.7 181.4  11.7 2.67E-05 002.0 196.8  08.8 0.094871 0.058397 0.074556 hargrave 2020-11-22 16:11:27 
