CF- 64a sun compass orientation
     30   0.7  99.0   0.0   0.0   1.0
NRM    301.0  42.4 301.0  42.4 8.46E-04 002.8 154.1  31.6 2.408158 2.886122 1.564978 hargrave 2020-08-30 21:16:54 
NRM    293.7  43.7 293.7  43.7 7.99E-04 006.4 160.3  33.3 3.508898 8.198215 0.787746 hargrave 2020-10-09 15:00:25 
TT 100 295.5  40.6 295.5  40.6 7.52E-04 004.5 157.0  35.3 2.234331 5.430539 0.672410 hargrave 2020-10-13 17:10:25 
TT 200 294.9  36.1 294.9  36.1 6.59E-04 001.8 154.6  39.5 1.460007 0.290037 1.486675 hargrave 2020-10-17 18:14:10 
TT 300 290.7  34.6 290.7  34.6 4.90E-04 002.0 157.6  42.5 1.177662 0.653284 1.041702 hargrave 2020-10-30 15:27:36 
TT 400 289.2  32.4 289.2  32.4 3.18E-04 003.7 157.7  45.0 1.249632 1.520003 0.689223 hargrave 2020-11-15 12:23:28 
TT 450 290.1  30.0 290.1  30.0 2.76E-04 001.7 155.1  46.8 0.599229 0.179577 0.537904 hargrave 2020-11-15 21:45:22 
TT 500 292.0  28.4 292.0  28.4 2.42E-04 002.8 151.9  47.3 0.600286 1.003060 0.150282 hargrave 2020-11-18 20:58:23 
TT 525 290.4  29.7 290.4  29.7 2.21E-04 001.2 154.6  47.0 0.299153 0.312665 0.189870 hargrave 2020-11-22 12:49:08 
TT 550 290.3  29.5 290.3  29.5 2.02E-04 000.7 154.6  47.1 0.128094 0.180907 0.084767 hargrave 2020-11-25 18:27:15 
TT 560 290.7  28.0 290.7  28.0 1.84E-04 001.5 153.0  48.3 0.287345 0.394287 0.094188 hargrave 2020-11-27 15:38:51 
TT 570 289.0  27.1 289.0  27.1 1.64E-04 001.9 154.3  49.8 0.386814 0.307579 0.204108 hargrave 2020-12-09 14:08:24 
TT 580 293.0  26.2 293.0  26.2 1.43E-04 002.1 149.0  48.7 0.346816 0.343864 0.181193 hargrave 2020-12-10 12:43:52 
TT 590 289.9  27.6 289.9  27.6 1.31E-04 000.9 153.7  48.9 0.105737 0.158323 0.080238 hargrave 2020-12-10 21:15:23 
TT 600 290.7  24.3 290.7  24.3 1.20E-04 002.3 150.1  51.4 0.328797 0.340009 0.086073 hargrave 2020-12-11 09:30:55 
TT 610 287.8  27.6 287.8  27.6 9.62E-05 003.4 156.2  49.9 0.298769 0.465153 0.117495 hargrave 2020-12-11 22:45:07 
TT 620 279.8  23.1 279.8  23.1 7.41E-05 003.4 164.6  56.7 0.212250 0.385787 0.075372 hargrave 2020-12-13 23:33:03 
TT 630 279.6  29.2 279.6  29.2 6.64E-05 005.5 167.6  50.9 0.184562 0.609557 0.059172 hargrave 2020-12-14 20:20:26 
TT 640 292.4  27.9 292.4  27.9 6.32E-05 001.5 151.0  47.5 0.076993 0.137940 0.071161 hargrave 2020-12-18 15:07:46 
TT 650 293.2  23.9 293.2  23.9 4.87E-05 001.9 146.7  50.4 0.082787 0.133208 0.044319 hargrave 2020-12-18 20:29:16 
TT 660 297.6  16.4 297.6  16.4 2.95E-05 001.6 133.6  53.2 0.053249 0.067728 0.038610 hargrave 2020-12-19 18:49:55 
TT 664 281.1  04.3 281.1  04.3 2.05E-05 001.8 141.7  73.2 0.043358 0.046181 0.017131 hargrave 2020-12-20 13:40:08 
TT 668 285.6  05.8 285.6  05.8 1.94E-05 001.4 134.4  69.0 0.047657 0.020668 0.010694 hargrave 2020-12-22 14:01:09 
TT 672 295.0  13.4 295.0  13.4 1.30E-05 003.1 132.6  57.1 0.047921 0.051293 0.013429 hargrave 2020-12-29 12:32:21 
