CF- 67a sun compass orientation
     31   5.5  86.0   0.0   0.0   1.0
NRM    294.7  49.7 294.7  49.7 1.07E-03 000.9 163.5  41.5 0.873258 0.870620 1.190908 hargrave 2020-10-09 15:04:58 
TT 100 296.8  46.7 296.8  46.7 9.85E-04 002.9 159.9  43.5 0.314290 4.829073 1.535772 hargrave 2020-10-13 17:14:10 
TT 200 295.3  41.8 295.3  41.8 4.11E-04 070.7 157.7  48.3 27.04844 11.10490 32.80970 hargrave 2020-10-17 18:18:38 
TT 200 292.9  42.1 292.9  42.1 8.22E-04 001.2 160.4  48.8 1.360748 0.685860 0.721771 hargrave 2020-10-17 19:57:36 
TT 300 295.1  36.6 295.1  36.6 6.10E-04 002.0 153.6  52.8 1.312520 1.709269 0.324170 hargrave 2020-10-30 15:32:01 
TT 400 291.3  34.7 291.3  34.7 4.14E-04 001.3 156.3  56.0 0.127860 0.913303 0.295610 hargrave 2020-11-15 12:27:58 
TT 450 290.6  33.9 290.6  33.9 3.49E-04 002.0 156.6  57.0 0.258391 1.196272 0.224218 hargrave 2020-11-15 21:49:53 
TT 500 291.8  33.1 291.8  33.1 3.01E-04 003.6 154.3  57.2 1.006649 1.589560 0.134126 hargrave 2020-11-18 21:02:53 
TT 525 292.1  32.1 292.1  32.1 2.70E-04 001.8 153.0  57.9 0.476428 0.690968 0.082702 hargrave 2020-11-22 12:53:38 
TT 550 290.4  32.9 290.4  32.9 2.48E-04 000.9 156.0  57.9 0.348718 0.112230 0.139758 hargrave 2020-11-25 18:31:44 
TT 560 292.9  31.9 292.9  31.9 2.33E-04 001.4 151.7  57.7 0.359711 0.454744 0.062814 hargrave 2020-11-27 15:43:21 
TT 570 294.7  30.4 294.7  30.4 1.96E-04 000.6 147.7  58.0 0.125230 0.140292 0.086569 hargrave 2020-12-09 14:12:01 
TT 580 295.1  31.5 295.1  31.5 1.76E-04 001.4 148.4  57.0 0.179234 0.392882 0.055495 hargrave 2020-12-10 12:47:38 
TT 590 293.8  31.3 293.8  31.3 1.47E-04 001.7 149.9  57.7 0.294819 0.338162 0.043239 hargrave 2020-12-10 21:19:00 
TT 600 297.0  29.3 297.0  29.3 1.29E-04 002.0 143.6  57.5 0.287518 0.338122 0.070151 hargrave 2020-12-11 09:35:26 
TT 610 292.3  30.3 292.3  30.3 1.13E-04 000.4 150.7  59.3 0.067488 0.055799 0.043311 hargrave 2020-12-11 22:49:36 
TT 620 287.5  30.4 287.5  30.4 8.59E-05 001.1 158.1  61.3 0.088296 0.129449 0.064041 hargrave 2020-12-13 23:37:32 
TT 630 290.9  30.4 290.9  30.4 7.93E-05 002.6 152.8  59.9 0.167555 0.318552 0.042585 hargrave 2020-12-14 20:24:57 
TT 640 299.1  26.9 299.1  26.9 7.08E-05 001.2 137.8  57.9 0.112363 0.101188 0.052652 hargrave 2020-12-18 15:12:15 
TT 650 295.8  30.4 295.8  30.4 6.25E-05 001.3 146.2  57.4 0.114303 0.089011 0.023152 hargrave 2020-12-18 20:33:44 
TT 660 291.3  32.3 291.3  32.3 5.12E-05 003.6 154.2  58.0 0.185604 0.270380 0.036840 hargrave 2020-12-19 18:54:24 
TT 664 302.2  28.6 302.2  28.6 4.27E-05 001.3 137.0  54.7 0.067412 0.080209 0.027598 hargrave 2020-12-20 13:44:36 
TT 668 303.3  27.1 303.3  27.1 3.29E-05 001.6 133.9  54.9 0.089801 0.036997 0.020209 hargrave 2020-12-22 14:04:45 
TT 672 294.5  36.8 294.5  36.8 2.30E-05 003.1 154.5  52.8 0.111692 0.063909 0.022793 hargrave 2020-12-29 12:36:00 
TT 674 315.4  27.9 315.4  27.9 1.80E-05 003.9 126.5  45.1 0.103475 0.068682 0.014637 hargrave 2020-12-29 19:57:14 
TT 676 288.1 -11.7 288.1 -11.7 8.76E-06 001.0 038.4  69.9 0.008880 0.013308 0.014580 hargrave 2021-01-01 14:08:00 
TT 678 257.3  62.6 257.3  62.6 8.57E-06 001.9 189.6  29.9 0.009304 0.020411 0.021669 hargrave 2021-01-01 21:47:17 
TT 680 198.9  62.3 198.9  62.3 9.14E-06 002.7 207.3  09.7 0.026919 0.040052 0.011403 hargrave 2021-01-02 16:12:54 
TT 682 016.2  45.8 016.2  45.8 6.11E-06 003.5 136.6 -04.5 0.018675 0.035271 0.009824 hargrave 2021-01-03 13:33:33 
TT 685 180.9 -27.0 180.9 -27.0 5.13E-06 002.0 296.7 -05.9 0.017414 0.010181 0.005342 hargrave 2021-01-03 19:46:47 
