CF- 65a sun compass orientation
   30.3  21.4  90.0   0.0   0.0   1.0
NRM    295.1  54.1 295.1  54.1 4.06E-04 003.0 177.4  35.8 0.745152 1.742468 1.004463 hargrave 2020-08-30 21:21:25 
NRM    296.8  51.7 296.8  51.7 3.82E-04 001.8 175.7  38.1 0.249932 1.136299 0.415771 hargrave 2020-10-09 15:02:00 
TT 100 296.9  47.5 296.9  47.5 3.60E-04 002.3 175.0  42.3 1.102006 0.238195 0.951271 hargrave 2020-10-13 17:11:44 
TT 200 294.9  45.1 294.9  45.1 3.18E-04 002.6 176.6  44.8 0.950714 0.572132 0.944868 hargrave 2020-10-17 18:15:42 
TT 300 295.7  41.3 295.7  41.3 2.47E-04 001.4 175.1  48.5 0.378547 0.225389 0.413646 hargrave 2020-10-30 15:29:04 
TT 400 289.7  39.3 289.7  39.3 1.76E-04 001.0 182.0  50.6 0.173421 0.157202 0.202381 hargrave 2020-11-15 12:25:01 
TT 450 293.5  39.5 293.5  39.5 1.56E-04 001.8 177.5  50.4 0.281434 0.291305 0.271158 hargrave 2020-11-15 21:46:55 
TT 500 288.5  37.9 288.5  37.9 1.39E-04 001.3 183.8  52.0 0.129122 0.282545 0.052626 hargrave 2020-11-18 20:59:56 
TT 525 290.6  38.8 290.6  38.8 1.26E-04 001.1 181.0  51.2 0.072807 0.235132 0.076073 hargrave 2020-11-22 12:50:41 
TT 550 288.5  38.8 288.5  38.8 1.18E-04 000.5 183.6  51.1 0.066795 0.058882 0.060089 hargrave 2020-11-25 18:28:48 
TT 560 293.0  36.2 293.0  36.2 1.10E-04 000.6 177.8  53.8 0.093635 0.071644 0.035165 hargrave 2020-11-27 15:40:24 
TT 570 290.7  32.7 290.7  32.7 9.77E-05 004.2 181.1  57.3 0.087713 0.722654 0.042652 hargrave 2020-12-09 14:09:40 
TT 580 292.7  32.6 292.7  32.6 8.97E-05 000.9 178.0  57.4 0.101960 0.095426 0.041138 hargrave 2020-12-10 12:45:11 
TT 590 289.5  35.0 289.5  35.0 8.26E-05 001.8 182.7  54.9 0.166909 0.188847 0.070327 hargrave 2020-12-10 21:16:38 
TT 600 292.4  34.3 292.4  34.3 7.29E-05 001.6 178.5  55.7 0.159564 0.034362 0.134753 hargrave 2020-12-11 09:32:29 
TT 610 297.1  31.9 297.1  31.9 6.63E-05 001.6 170.9  57.6 0.130715 0.089612 0.105293 hargrave 2020-12-11 22:46:40 
TT 620 284.9  34.9 284.9  34.9 6.08E-05 002.2 189.2  54.6 0.139689 0.149743 0.109207 hargrave 2020-12-13 23:34:35 
TT 630 291.5  35.1 291.5  35.1 5.71E-05 001.9 179.8  54.9 0.107360 0.145431 0.078581 hargrave 2020-12-14 20:21:59 
TT 640 295.8  35.0 295.8  35.0 4.99E-05 001.8 173.8  54.8 0.076300 0.130516 0.069200 hargrave 2020-12-18 15:09:19 
TT 650 291.9  37.2 291.9  37.2 4.57E-05 001.3 179.4  52.8 0.088448 0.045983 0.066412 hargrave 2020-12-18 20:30:49 
TT 660 285.6  33.9 285.6  33.9 3.89E-05 001.5 188.5  55.7 0.074039 0.041708 0.059337 hargrave 2020-12-19 18:51:28 
TT 664 295.6  35.8 295.6  35.8 3.39E-05 002.3 174.2  54.0 0.060145 0.103143 0.071216 hargrave 2020-12-20 13:41:41 
TT 668 290.9  35.2 290.9  35.2 2.99E-05 002.7 180.8  54.8 0.164857 0.023801 0.021301 hargrave 2020-12-22 14:02:24 
TT 672 280.6  34.5 280.6  34.5 2.48E-05 002.6 195.3  54.1 0.083566 0.069527 0.032648 hargrave 2020-12-29 12:33:37 
TT 674 296.7  27.3 296.7  27.3 1.80E-05 001.9 169.9  62.2 0.030459 0.051651 0.009739 hargrave 2020-12-29 19:54:52 
TT 676 271.3  31.6 271.3  31.6 1.45E-05 001.1 209.2  53.1 0.022576 0.024699 0.007402 hargrave 2021-01-01 14:05:33 
TT 678 280.3  32.3 280.3  32.3 1.42E-05 002.9 196.9  56.1 0.030900 0.064518 0.010333 hargrave 2021-01-01 21:42:31 
TT 680 283.8  34.6 283.8  34.6 9.53E-06 003.5 190.8  54.6 0.038741 0.045766 0.023018 hargrave 2021-01-02 16:07:56 
TT 682 274.0  35.6 274.0  35.6 7.69E-06 003.9 202.7  50.9 0.034617 0.039271 0.030695 hargrave 2021-01-03 13:28:28 
TT 685 271.9  13.1 271.9  13.1 5.25E-06 002.0 235.1  66.7 0.015754 0.006534 0.025785 hargrave 2021-01-03 19:45:35 
