CF- 60a sun compass orientation
   28.3  25.0  77.0   0.0   0.0   1.0
NRM    303.1  53.5 303.1  53.5 4.01E-04 001.2 172.7  49.0 0.551767 0.347463 0.510358 hargrave 2020-08-30 21:10:19 
NRM    301.5  52.2 301.5  52.2 3.86E-04 001.1 173.7  50.4 0.324563 0.613511 0.204753 hargrave 2020-10-09 14:52:17 
TT 100 300.3  51.0 300.3  51.0 3.68E-04 001.9 174.6  51.8 0.173604 1.176139 0.235848 hargrave 2020-10-13 17:03:37 
TT 200 298.5  44.0 298.5  44.0 3.12E-04 001.7 175.2  58.8 0.815893 0.092564 0.419970 hargrave 2020-10-17 18:05:20 
TT 300 294.1  39.5 294.1  39.5 2.47E-04 002.1 181.5  63.5 0.689676 0.464324 0.338640 hargrave 2020-10-30 15:19:37 
TT 400 291.6  34.3 291.6  34.3 1.73E-04 002.1 187.6  68.4 0.588188 0.124017 0.215513 hargrave 2020-11-15 12:15:24 
TT 450 293.7  34.4 293.7  34.4 1.54E-04 002.0 182.9  68.6 0.486480 0.170815 0.193435 hargrave 2020-11-15 21:36:30 
TT 500 294.6  33.5 294.6  33.5 1.43E-04 001.0 180.9  69.5 0.153097 0.180291 0.065718 hargrave 2020-11-18 20:49:32 
TT 525 294.9  32.1 294.9  32.1 1.30E-04 001.1 180.3  70.9 0.152868 0.182792 0.061679 hargrave 2020-11-22 12:40:15 
TT 550 292.7  32.2 292.7  32.2 1.26E-04 000.8 185.9  70.7 0.092625 0.152385 0.035022 hargrave 2020-11-25 18:19:12 
TT 560 291.5  31.9 291.5  31.9 1.16E-04 001.1 189.1  70.8 0.205546 0.076945 0.063420 hargrave 2020-11-27 15:30:49 
TT 570 295.3  30.2 295.3  30.2 1.06E-04 001.6 179.2  72.8 0.273058 0.100434 0.084713 hargrave 2020-12-09 14:01:46 
TT 580 299.9  27.9 299.9  27.9 9.24E-05 001.6 163.8  74.4 0.199404 0.139674 0.072169 hargrave 2020-12-10 12:35:36 
TT 590 297.9  27.4 297.9  27.4 8.43E-05 001.6 169.8  75.3 0.142188 0.173653 0.060865 hargrave 2020-12-10 21:08:51 
TT 600 300.2  27.7 300.2  27.7 7.86E-05 001.7 162.4  74.6 0.208082 0.092051 0.069896 hargrave 2020-12-11 09:22:04 
TT 610 299.5  27.1 299.5  27.1 7.05E-05 001.6 164.1  75.2 0.175219 0.063077 0.054724 hargrave 2020-12-11 22:36:17 
TT 620 304.5  27.7 304.5  27.7 6.56E-05 001.8 150.4  72.9 0.189924 0.080161 0.051798 hargrave 2020-12-13 23:24:13 
TT 630 306.7  24.8 306.7  24.8 5.54E-05 001.3 138.4  73.9 0.114007 0.045882 0.049001 hargrave 2020-12-14 20:11:36 
TT 640 303.8  27.8 303.8  27.8 5.08E-05 001.2 152.4  73.1 0.092248 0.051777 0.041362 hargrave 2020-12-18 14:58:54 
TT 650 301.8  27.2 301.8  27.2 5.03E-05 001.2 156.7  74.4 0.068715 0.078158 0.038764 hargrave 2020-12-18 20:19:37 
TT 660 311.3  23.8 311.3  23.8 3.88E-05 001.2 127.1  71.2 0.054813 0.060303 0.026951 hargrave 2020-12-19 18:41:04 
TT 664 305.6  28.3 305.6  28.3 3.57E-05 001.4 148.7  71.8 0.076491 0.026233 0.032287 hargrave 2020-12-20 13:32:08 
TT 668 307.1  20.8 307.1  20.8 3.03E-05 000.7 125.6  76.1 0.027224 0.025464 0.020871 hargrave 2020-12-22 13:54:37 
TT 672 312.8  23.9 312.8  23.9 2.76E-05 001.8 125.6  69.9 0.065858 0.056619 0.029101 hargrave 2020-12-29 12:25:00 
TT 674 314.7  19.7 314.7  19.7 2.46E-05 000.7 112.2  69.9 0.023257 0.025783 0.029394 hargrave 2020-12-29 19:47:17 
TT 676 296.5  19.0 296.5  19.0 1.97E-05 000.6 166.4  83.8 0.018059 0.010022 0.021477 hargrave 2021-01-01 13:58:19 
TT 678 300.6  29.4 300.6  29.4 1.84E-05 000.4 163.3  72.8 0.009819 0.008251 0.020078 hargrave 2021-01-01 21:39:00 
TT 680 301.1  27.2 301.1  27.2 1.64E-05 002.2 159.1  74.7 0.026374 0.056118 0.010025 hargrave 2021-01-02 16:04:00 
TT 682 313.3  29.0 313.3  29.0 1.46E-05 001.8 136.2  66.6 0.038937 0.024355 0.006254 hargrave 2021-01-03 13:24:04 
TT 685 290.7  21.4 290.7  21.4 1.30E-05 001.0 205.6  80.6 0.020432 0.006081 0.004637 hargrave 2021-01-03 19:42:03 
