CF- 7a mag compass orientation (IGRF corrected)
    3.7  84.5   8.0   0.0   0.0   1.0
NRM    316.6  62.0 316.6  62.0 7.63E-04 001.9 310.3  67.8 2.346344 0.519787 0.837653 hargrave 2020-08-30 18:52:27 
TT 100 310.7  60.3 310.7  60.3 7.21E-04 000.7 304.2  65.5 0.390723 0.789827 0.239753 hargrave 2020-09-01 16:33:44 
TT 200 299.2  48.4 299.2  48.4 4.67E-04 001.2 296.3  52.5 0.233336 0.899950 0.399069 hargrave 2020-09-05 16:21:52 
TT 300 296.5  42.5 296.5  42.5 3.50E-04 004.4 295.1  46.3 2.187452 1.501506 0.386146 hargrave 2020-09-06 18:54:42 
TT 400 353.1 -08.0 353.1 -08.0 7.09E-05 073.0 358.6 -00.0 0.408756 16.55863 18.89210 hargrave 2020-09-15 15:52:04 
TT 400 296.7  41.1 296.7  41.1 2.46E-04 001.7 295.7  45.0 0.661647 0.173535 0.312545 hargrave 2020-09-15 17:51:22 
TT 450 299.0  40.1 299.0  40.1 2.04E-04 004.5 298.3  44.3 1.446052 0.664239 0.228494 hargrave 2020-09-17 22:40:48 
TT 500 298.3  38.8 298.3  38.8 1.60E-04 002.5 297.8  42.9 0.638098 0.189127 0.231271 hargrave 2020-09-19 15:07:11 
TT 525 299.3  40.4 299.3  40.4 1.37E-04 002.9 298.6  44.6 0.620590 0.259821 0.114828 hargrave 2020-09-19 20:05:51 
TT 550 299.2  40.4 299.2  40.4 1.16E-04 001.3 298.4  44.6 0.229049 0.102166 0.100143 hargrave 2020-09-22 15:40:00 
TT 560 299.9  40.1 299.9  40.1 1.06E-04 000.7 299.2  44.3 0.073579 0.092237 0.077644 hargrave 2020-09-24 20:06:55 
TT 570 295.4  39.8 295.4  39.8 9.45E-05 003.6 294.6  43.6 0.548443 0.231639 0.097990 hargrave 2020-09-26 14:43:17 
TT 580 295.0  38.1 295.0  38.1 8.67E-05 002.3 294.6  41.8 0.316514 0.105242 0.117544 hargrave 2020-09-27 13:50:53 
TT 590 295.7  39.2 295.7  39.2 7.17E-05 000.9 295.1  43.0 0.057472 0.060718 0.097350 hargrave 2020-10-03 13:45:55 
TT 600 290.9  40.0 290.9  40.0 6.44E-05 002.1 289.9  43.2 0.193059 0.109820 0.100223 hargrave 2020-10-07 21:31:56 
TT 610 309.9  36.0 309.9  36.0 4.78E-05 001.6 310.7  41.4 0.094383 0.043604 0.098004 hargrave 2020-10-08 21:01:50 
TT 620 279.9  38.0 279.9  38.0 4.17E-05 002.0 279.1  39.7 0.129626 0.040486 0.074178 hargrave 2020-10-10 09:32:32 
TT 630 273.6  36.1 273.6  36.1 3.36E-05 003.7 273.2  37.0 0.214246 0.027473 0.046325 hargrave 2020-10-10 21:19:16 
TT 640 286.1  28.4 286.1  28.4 3.59E-05 002.1 287.3  31.1 0.112259 0.030355 0.061926 hargrave 2020-10-13 13:51:00 
TT 650 278.8  31.0 278.8  31.0 2.82E-05 004.8 279.4  32.7 0.227830 0.053240 0.049168 hargrave 2020-10-14 09:04:22 
TT 660 274.7  60.7 274.7  60.7 1.80E-05 003.4 265.8  61.1 0.103759 0.022891 0.010418 hargrave 2020-10-16 17:00:50 
TT 664 267.3  63.6 267.3  63.6 1.36E-05 002.1 256.9  62.9 0.033012 0.030965 0.031940 hargrave 2020-10-30 11:58:43 
TT 668 243.0  54.4 243.0  54.4 1.39E-05 003.5 239.1  50.9 0.064412 0.053686 0.038933 hargrave 2020-10-30 18:40:54 
TT 672 025.7  49.1 025.7  49.1 1.20E-05 003.9 037.0  55.7 0.050267 0.062100 0.033226 hargrave 2020-11-09 00:29:30 
TT 674 074.3  62.5 074.3  62.5 7.63E-06 004.8 095.3  62.9 0.048737 0.047555 0.025986 hargrave 2020-11-15 17:54:16 
TT 675 259.7  33.9 259.7  33.9 8.51E-06 003.0 260.0  32.8 0.030394 0.027683 0.029208 hargrave 2020-11-16 01:00:38 
TT 676 108.3  39.5 108.3  39.5 6.36E-06 002.5 119.4  35.9 0.020092 0.022251 0.009941 hargrave 2020-11-19 11:06:06 
TT 677 227.3  32.2 227.3  32.2 7.86E-06 002.8 229.2  27.2 0.017633 0.021116 0.030973 hargrave 2020-11-19 17:16:41 
TT 678 173.0  35.7 173.0  35.7 6.21E-06 005.5 178.6  27.7 0.020931 0.029528 0.050046 hargrave 2020-11-19 23:18:59 
TT 679 266.5  24.2 266.5  24.2 7.06E-06 002.9 268.4  24.2 0.030166 0.041312 0.005720 hargrave 2020-11-22 10:13:02 
TT 680 103.0  07.7 103.0  07.7 5.67E-06 005.2 109.3  05.1 0.046204 0.049298 0.021307 hargrave 2020-11-22 16:12:59 
