CF- 76a sun compass orientation
   34.2  17.6  83.0   0.0   0.0   1.0
NRM    310.3  31.1 310.3  31.1 7.89E-04 006.9 141.6  57.9 7.266428 6.079000 0.955502 hargrave 2020-10-09 15:20:33 
TT 100 307.2  36.8 307.2  36.8 7.46E-04 003.8 151.9  55.2 1.378405 4.670732 0.614253 hargrave 2020-10-13 17:27:47 
TT 200 307.9  35.2 307.9  35.2 6.77E-04 004.8 149.3  56.2 4.737901 2.787251 1.558627 hargrave 2020-10-17 18:36:27 
TT 300 304.0  32.1 304.0  32.1 5.03E-04 002.3 150.8  60.6 1.816662 0.759291 0.601445 hargrave 2020-10-30 15:48:12 
TT 400 302.1  32.6 302.1  32.6 3.26E-04 002.9 154.2  61.0 1.231169 1.071773 0.352043 hargrave 2020-11-15 12:43:30 
TT 450 297.3  34.2 297.3  34.2 2.75E-04 002.9 163.1  61.4 1.059233 0.837863 0.398758 hargrave 2020-11-15 22:07:00 
TT 500 300.8  31.4 300.8  31.4 2.48E-04 001.7 154.8  62.7 0.355643 0.623856 0.097721 hargrave 2020-11-18 21:19:09 
TT 525 298.7  34.5 298.7  34.5 2.07E-04 002.6 161.1  60.6 0.521856 0.746944 0.157418 hargrave 2020-11-22 13:12:34 
TT 550 294.1  39.6 294.1  39.6 1.84E-04 002.6 170.7  56.9 0.301241 0.763826 0.144187 hargrave 2020-11-25 18:49:45 
TT 560 300.2  31.3 300.2  31.3 2.00E-04 001.9 155.8  63.0 0.477906 0.436649 0.168709 hargrave 2020-11-27 15:58:49 
TT 570 304.7  39.0 304.7  39.0 1.50E-04 002.9 156.9  54.5 0.541040 0.488761 0.255636 hargrave 2020-12-09 14:25:19 
TT 580 297.9  35.7 297.9  35.7 9.72E-05 002.8 163.3  59.8 0.345781 0.305343 0.126336 hargrave 2020-12-10 13:01:22 
TT 590 302.1  31.7 302.1  31.7 1.21E-04 001.3 153.2  61.8 0.151182 0.244381 0.034670 hargrave 2020-12-10 21:32:53 
TT 600 311.3  14.3 311.3  14.3 1.83E-04 003.2 109.3  65.7 0.899894 0.498252 0.084964 hargrave 2020-12-11 09:53:22 
TT 610 291.0  32.5 291.0  32.5 8.37E-05 004.5 173.3  64.3 0.426065 0.462398 0.210598 hargrave 2020-12-11 23:06:37 
TT 620 287.2  25.5 287.2  25.5 7.72E-05 004.3 181.2  71.5 0.405234 0.382680 0.174311 hargrave 2020-12-13 23:55:29 
TT 630 296.0  27.5 296.0  27.5 6.54E-05 004.2 159.7  68.0 0.353347 0.295877 0.128610 hargrave 2020-12-14 20:41:14 
TT 640 290.2  25.2 290.2  25.2 5.34E-05 002.5 172.5  71.6 0.181466 0.137772 0.055931 hargrave 2020-12-18 15:30:59 
TT 650 287.1  28.1 287.1  28.1 4.85E-05 003.9 181.1  68.9 0.191993 0.248541 0.109156 hargrave 2020-12-18 20:51:39 
TT 660 286.4  29.5 286.4  29.5 3.97E-05 003.6 182.7  67.5 0.159929 0.176074 0.088791 hargrave 2020-12-19 19:13:09 
TT 664 288.5  31.0 288.5  31.0 3.15E-05 004.3 178.0  66.0 0.126821 0.183772 0.092212 hargrave 2020-12-20 14:00:49 
TT 668 283.1  24.0 283.1  24.0 2.09E-05 001.2 193.8  72.4 0.014069 0.040467 0.026534 hargrave 2020-12-22 14:17:21 
TT 672 272.3  36.7 272.3  36.7 1.60E-05 002.7 203.0  57.2 0.022297 0.067829 0.033453 hargrave 2020-12-29 12:50:38 
TT 674 279.8  14.9 279.8  14.9 1.64E-05 001.8 223.2  79.0 0.032091 0.025097 0.062510 hargrave 2020-12-29 20:09:59 
