CF- 79a mag compass orientation (IGRF corrected)
   35.3   3.5  90.0   0.0   0.0   1.0
NRM    305.2  45.5 305.2  45.5 4.96E-04 002.1 152.6  36.6 0.878697 1.558309 0.402015 hargrave 2020-10-09 15:25:17 
TT 100 303.6  42.8 303.6  42.8 4.78E-04 003.4 151.6  39.5 0.280021 2.479840 1.386655 hargrave 2020-10-13 17:31:52 
TT 200 296.8  38.2 296.8  38.2 4.27E-04 001.5 153.3  46.2 0.348724 1.064652 0.195831 hargrave 2020-10-17 18:41:07 
TT 300 297.0  31.1 297.0  31.1 3.62E-04 000.9 146.6  51.7 0.375055 0.406152 0.142427 hargrave 2020-10-30 15:53:53 
TT 400 290.7  30.0 290.7  30.0 2.74E-04 001.0 152.8  55.8 0.314291 0.345461 0.109376 hargrave 2020-11-15 12:48:13 
TT 450 291.2  28.4 291.2  28.4 2.47E-04 000.6 150.7  56.9 0.235826 0.068829 0.125494 hargrave 2020-11-15 22:12:34 
TT 500 293.3  27.4 293.3  27.4 2.18E-04 001.6 146.8  56.7 0.318041 0.504175 0.221231 hargrave 2020-11-18 21:23:53 
TT 525 293.2  26.8 293.2  26.8 2.09E-04 001.5 146.3  57.1 0.294129 0.477072 0.077256 hargrave 2020-11-22 13:17:22 
TT 550 290.8  26.7 290.8  26.7 2.02E-04 001.3 149.3  58.6 0.412727 0.158209 0.164858 hargrave 2020-11-25 18:54:28 
TT 560 291.7  25.6 291.7  25.6 1.91E-04 000.6 146.9  58.9 0.176792 0.064937 0.110958 hargrave 2020-11-27 16:03:31 
TT 570 292.5  26.1 292.5  26.1 1.73E-04 001.2 146.4  58.1 0.204111 0.285849 0.059266 hargrave 2020-12-09 14:29:10 
TT 580 291.2  24.7 291.2  24.7 1.57E-04 000.5 146.5  60.0 0.088351 0.098288 0.059705 hargrave 2020-12-10 13:05:19 
TT 590 290.3  25.3 290.3  25.3 1.46E-04 001.2 148.5  60.0 0.226902 0.200535 0.084129 hargrave 2020-12-10 21:36:43 
TT 600 291.4  22.4 291.4  22.4 1.40E-04 001.4 143.2  61.6 0.241347 0.234688 0.052663 hargrave 2020-12-11 09:58:05 
TT 610 293.4  22.4 293.4  22.4 1.31E-04 001.0 140.5  60.4 0.190507 0.125500 0.051559 hargrave 2020-12-11 23:11:17 
TT 620 292.6  21.1 292.6  21.1 1.18E-04 000.8 139.7  61.8 0.083519 0.132103 0.046854 hargrave 2020-12-14 00:00:11 
TT 630 288.8  22.2 288.8  22.2 1.13E-04 000.5 147.1  63.2 0.081177 0.061426 0.034812 hargrave 2020-12-14 20:45:57 
TT 640 295.6  17.5 295.6  17.5 1.08E-04 000.6 130.0  62.1 0.093224 0.073336 0.040278 hargrave 2020-12-18 15:35:40 
TT 650 289.5  20.9 289.5  20.9 9.82E-05 000.9 144.2  63.9 0.084977 0.120238 0.034255 hargrave 2020-12-18 20:56:21 
TT 660 293.6  18.8 293.6  18.8 8.86E-05 000.9 134.8  62.8 0.100160 0.089796 0.024973 hargrave 2020-12-19 19:17:52 
TT 664 286.5  20.3 286.5  20.3 7.73E-05 000.8 148.7  66.0 0.089362 0.067576 0.017372 hargrave 2020-12-20 14:05:30 
TT 668 280.3  22.6 280.3  22.6 5.67E-05 014.7 164.2  66.4 0.056922 1.454278 1.365577 hargrave 2020-12-22 14:21:11 
TT 668 292.3  19.0 292.3  19.0 7.15E-05 001.2 136.9  63.5 0.128459 0.079192 0.030229 hargrave 2020-12-22 15:25:33 
TT 672 287.9  19.2 287.9  19.2 6.08E-05 001.7 144.5  66.2 0.167229 0.084668 0.023916 hargrave 2020-12-29 12:54:30 
TT 674 293.1  13.6 293.1  13.6 6.02E-05 001.4 125.8  66.3 0.146563 0.045286 0.014146 hargrave 2020-12-29 20:13:52 
TT 676 289.4  17.5 289.4  17.5 5.40E-05 001.2 139.1  66.5 0.153205 0.056355 0.227347 hargrave 2021-01-01 14:23:34 
TT 678 292.2  17.4 292.2  17.4 2.51E-05 038.6 134.4  64.7 0.805699 0.822340 2.428290 hargrave 2021-01-01 22:02:48 
TT 678 292.6  17.5 292.6  17.5 5.02E-05 001.8 134.0  64.4 0.147097 0.054009 0.010830 hargrave 2021-01-02 10:03:12 
