CF- 83a sun compass orientation
   37.1 358.2  83.0   0.0   0.0   1.0
NRM    331.5  66.4 331.5  66.4 1.31E-03 071.1 158.1  16.9 124.0040 49.96360 40.55941 hargrave 2020-10-09 15:32:11 
NRM    331.9  68.0 331.9  68.0 2.61E-03 002.3 159.5  16.1 4.065208 8.248054 4.735980 hargrave 2020-10-09 17:28:22 
TT 100 327.8  65.8 327.8  65.8 2.31E-03 005.1 158.1  18.5 3.227032 17.82216 9.652593 hargrave 2020-10-13 17:45:38 
TT 200 316.9  58.8 316.9  58.8 1.45E-03 001.0 154.3  26.3 0.730575 2.297161 0.983047 hargrave 2020-10-17 18:47:10 
TT 300 309.5  53.1 309.5  53.1 9.68E-04 000.8 151.8  33.0 0.827473 0.813673 0.661782 hargrave 2020-10-30 16:00:28 
TT 400 304.9  48.7 304.9  48.7 5.47E-04 001.2 149.9  38.1 0.737952 0.729147 0.407127 hargrave 2020-11-15 12:54:21 
TT 450 301.5  48.9 301.5  48.9 4.63E-04 000.9 152.0  39.6 0.520746 0.451321 0.339322 hargrave 2020-11-15 22:18:42 
TT 500 296.9  50.9 296.9  50.9 4.04E-04 002.2 156.7  40.0 0.328765 1.441170 0.455657 hargrave 2020-11-18 21:30:01 
TT 525 306.7  46.7 306.7  46.7 3.74E-04 004.0 147.0  38.4 1.564573 2.051924 0.320789 hargrave 2020-11-22 13:23:38 
TT 550 300.1  49.4 300.1  49.4 3.27E-04 001.5 153.4  39.9 0.135748 0.721792 0.494932 hargrave 2020-11-25 19:00:33 
TT 560 303.0  46.9 303.0  46.9 3.03E-04 000.9 149.3  40.2 0.309003 0.106871 0.350205 hargrave 2020-11-27 16:09:43 
TT 570 306.7  45.5 306.7  45.5 2.53E-04 002.8 145.8  39.1 0.537143 1.122569 0.187126 hargrave 2020-12-09 14:34:08 
TT 580 304.7  45.8 304.7  45.8 2.14E-04 001.2 147.2  40.0 0.256595 0.396016 0.088814 hargrave 2020-12-10 13:10:28 
TT 590 297.0  47.4 297.0  47.4 1.71E-04 002.9 153.7  42.7 0.732202 0.628910 0.071723 hargrave 2020-12-10 21:42:23 
TT 600 297.3  47.1 297.3  47.1 1.02E-04 001.6 153.2  42.8 1.468808 0.704208 1.148530 hargrave 2020-12-11 10:04:13 
TT 610 304.9  32.2 304.9  32.2 9.79E-05 001.6 131.4  47.6 0.181891 0.206818 0.122385 hargrave 2020-12-11 23:17:20 
TT 620 301.3  42.4 301.3  42.4 8.08E-05 002.8 145.8  44.1 0.330738 0.242093 0.061894 hargrave 2020-12-14 00:06:21 
TT 630 295.0  23.6 295.0  23.6 5.79E-05 001.7 125.8  59.4 0.113667 0.136253 0.042090 hargrave 2020-12-14 20:52:06 
TT 640 308.6  37.9 308.6  37.9 5.40E-05 002.6 136.3  42.2 0.161245 0.185412 0.057404 hargrave 2020-12-18 15:41:48 
TT 650 301.6  25.0 301.6  25.0 4.40E-05 001.1 123.2  53.4 0.085582 0.074445 0.022265 hargrave 2020-12-18 21:03:16 
TT 660 307.1  28.5 307.1  28.5 3.62E-05 001.2 125.2  47.5 0.061109 0.094476 0.035892 hargrave 2020-12-19 19:23:58 
TT 664 274.0  32.9 274.0  32.9 2.22E-05 003.2 169.0  63.6 0.057765 0.120260 0.033946 hargrave 2020-12-20 14:11:32 
