CF- 8a mag compass orientation (IGRF corrected)
    4.1 104.5   4.0   0.0   0.0   1.0
NRM    317.5  55.8 317.5  55.8 9.47E-04 001.4 297.7  57.8 1.875047 1.259535 0.452846 hargrave 2020-08-30 18:53:54 
TT 100 318.2  53.4 318.2  53.4 8.91E-04 001.4 298.9  55.5 1.944209 0.500991 0.661689 hargrave 2020-09-01 16:35:12 
TT 200 304.5  46.8 304.5  46.8 6.48E-04 003.2 285.8  48.0 3.269877 1.558893 0.517728 hargrave 2020-09-05 16:23:02 
TT 300 298.0  41.9 298.0  41.9 4.73E-04 007.8 279.9  42.7 6.262053 1.535885 0.449232 hargrave 2020-09-06 18:56:08 
TT 400 306.7  39.9 306.7  39.9 3.47E-04 001.2 288.9  41.3 0.635896 0.105097 0.313556 hargrave 2020-09-15 15:53:30 
TT 450 306.3  39.1 306.3  39.1 3.01E-04 001.7 288.7  40.5 0.660637 0.468974 0.327850 hargrave 2020-09-17 22:42:14 
TT 500 303.2  35.8 303.2  35.8 2.46E-04 001.0 285.9  37.0 0.099478 0.259729 0.313189 hargrave 2020-09-19 15:08:37 
TT 525 300.6  34.6 300.6  34.6 2.31E-04 000.9 283.4  35.6 0.180151 0.198276 0.246516 hargrave 2020-09-19 20:07:16 
TT 550 295.3  34.7 295.3  34.7 2.03E-04 002.3 278.0  35.4 0.716009 0.270930 0.283425 hargrave 2020-09-22 15:41:24 
TT 560 296.2  33.4 296.2  33.4 1.87E-04 002.3 279.1  34.1 0.653976 0.287724 0.274720 hargrave 2020-09-24 20:08:20 
TT 570 294.3  30.1 294.3  30.1 1.70E-04 001.0 277.4  30.7 0.141501 0.126962 0.218523 hargrave 2020-09-26 14:44:42 
TT 580 298.3  30.8 298.3  30.8 1.58E-04 001.5 281.5  31.7 0.259248 0.205502 0.250695 hargrave 2020-09-27 13:52:18 
TT 590 292.4  27.3 292.4  27.3 1.36E-04 001.3 275.8  27.8 0.102451 0.121959 0.255105 hargrave 2020-10-03 13:47:20 
TT 600 289.8  29.9 289.8  29.9 1.27E-04 001.5 273.0  30.2 0.216852 0.141758 0.218551 hargrave 2020-10-07 21:33:24 
TT 610 297.5  27.3 297.5  27.3 1.08E-04 001.4 280.9  28.1 0.132442 0.128685 0.197206 hargrave 2020-10-08 21:03:14 
TT 620 286.4  26.6 286.4  26.6 9.61E-05 001.2 269.9  26.7 0.097604 0.070682 0.177931 hargrave 2020-10-10 09:33:41 
TT 630 287.9  26.5 287.9  26.5 7.93E-05 002.5 271.4  26.6 0.282226 0.104355 0.185363 hargrave 2020-10-10 21:20:41 
TT 640 289.1  24.6 289.1  24.6 7.38E-05 002.3 272.8  24.8 0.223254 0.098210 0.163247 hargrave 2020-10-13 13:52:11 
TT 650 289.3  22.6 289.3  22.6 6.54E-05 003.3 273.2  22.8 0.355318 0.042897 0.134985 hargrave 2020-10-14 09:05:47 
TT 660 287.4  25.8 287.4  25.8 5.07E-05 001.5 271.0  26.0 0.040397 0.068182 0.113324 hargrave 2020-10-16 17:02:15 
TT 664 280.1  25.2 280.1  25.2 4.71E-05 003.6 263.8  24.8 0.273819 0.074113 0.093042 hargrave 2020-10-30 12:00:09 
TT 668 284.9  27.2 284.9  27.2 3.22E-05 003.7 268.3  27.2 0.190860 0.063779 0.057841 hargrave 2020-10-30 18:42:20 
TT 672 305.8  23.1 305.8  23.1 2.71E-05 003.1 289.6  24.4 0.133150 0.056723 0.035708 hargrave 2020-11-09 00:30:38 
TT 674 264.5  19.9 264.5  19.9 2.64E-05 002.5 248.7  18.5 0.080987 0.044027 0.081566 hargrave 2020-11-15 17:55:41 
TT 675 276.1  13.8 276.1  13.8 2.82E-05 003.2 260.7  13.2 0.138793 0.044667 0.074288 hargrave 2020-11-16 01:02:04 
TT 676 267.1  17.1 267.1  17.1 2.14E-05 001.5 251.5  15.9 0.040207 0.041316 0.033460 hargrave 2020-11-19 11:07:31 
TT 677 274.7  17.4 274.7  17.4 2.41E-05 005.0 259.0  16.6 0.207074 0.031989 0.048608 hargrave 2020-11-19 17:18:07 
TT 678 270.7  27.6 270.7  27.6 1.46E-05 001.9 254.2  26.6 0.040905 0.022660 0.025775 hargrave 2020-11-19 23:20:34 
TT 679 265.6  16.6 265.6  16.6 2.26E-05 001.7 250.0  15.3 0.036561 0.040064 0.053408 hargrave 2020-11-22 10:14:34 
TT 680 255.7  16.2 255.7  16.2 1.42E-05 005.4 240.2  14.2 0.106210 0.076158 0.038078 hargrave 2020-11-22 16:14:46 
TT 681 278.4  21.0 278.4  21.0 1.04E-05 002.5 262.4  20.6 0.024859 0.027463 0.030224 hargrave 2020-11-24 21:40:43 
