CF- 84a sun compass orientation
   37.2  19.0  62.0   0.0   0.0   1.0
NRM    325.3  68.5 325.3  68.5 2.55E-03 000.8 162.3  44.3 2.908972 1.285345 1.978737 hargrave 2020-10-09 15:35:51 
TT 100 315.1  69.4 315.1  69.4 2.33E-03 002.4 167.1  45.9 1.352456 9.844546 1.249453 hargrave 2020-10-13 18:10:57 
TT 200 311.9  61.3 311.9  61.3 1.55E-03 002.3 161.8  53.4 5.063325 2.262436 2.644660 hargrave 2020-10-17 18:51:36 
TT 300 306.8  54.8 306.8  54.8 1.06E-03 001.6 159.2  60.3 2.622943 0.528454 1.230112 hargrave 2020-10-30 16:04:26 
TT 400 302.5  51.2 302.5  51.2 6.29E-04 003.0 160.0  64.7 2.480806 2.133326 0.721404 hargrave 2020-11-15 12:57:59 
TT 450 302.9  50.3 302.9  50.3 5.39E-04 002.2 158.4  65.3 1.857044 0.672719 0.678304 hargrave 2020-11-15 22:23:09 
TT 500 301.0  51.4 301.0  51.4 4.80E-04 001.5 162.2  64.9 0.511353 1.125396 0.141349 hargrave 2020-11-18 21:34:27 
TT 525 302.8  51.8 302.8  51.8 4.37E-04 000.7 160.3  64.1 0.465668 0.175887 0.264597 hargrave 2020-11-22 13:28:08 
TT 550 301.1  51.1 301.1  51.1 3.98E-04 000.5 161.8  65.2 0.200750 0.267017 0.122724 hargrave 2020-11-25 19:04:59 
TT 560 302.7  51.6 302.7  51.6 3.69E-04 000.6 160.2  64.3 0.314750 0.236689 0.129030 hargrave 2020-11-27 16:13:22 
TT 570 302.1  50.7 302.1  50.7 3.16E-04 001.9 160.0  65.3 0.707060 0.747963 0.250627 hargrave 2020-12-09 14:37:48 
TT 580 302.3  49.2 302.3  49.2 2.79E-04 001.2 157.9  66.5 0.451851 0.320535 0.195994 hargrave 2020-12-10 13:14:12 
TT 590 304.1  46.1 304.1  46.1 2.25E-04 000.7 150.6  68.3 0.130082 0.190907 0.139528 hargrave 2020-12-10 21:45:24 
TT 600 305.3  47.7 305.3  47.7 1.88E-04 003.3 151.6  66.6 0.828363 0.694359 0.170774 hargrave 2020-12-11 10:08:40 
TT 610 303.8  39.5 303.8  39.5 1.56E-04 001.4 137.0  73.2 0.294368 0.200451 0.137770 hargrave 2020-12-11 23:21:43 
TT 620 304.6  39.6 304.6  39.6 1.53E-04 002.0 135.9  72.7 0.523471 0.119359 0.093288 hargrave 2020-12-14 00:09:59 
TT 630 303.7  45.5 303.7  45.5 1.13E-04 001.3 150.4  69.0 0.167147 0.130226 0.137122 hargrave 2020-12-14 20:55:44 
TT 640 288.4  45.0 288.4  45.0 9.12E-05 001.5 181.4  73.0 0.160267 0.158859 0.065156 hargrave 2020-12-18 15:46:13 
TT 650 289.4  45.1 289.4  45.1 8.33E-05 001.4 179.0  72.9 0.131816 0.134453 0.096031 hargrave 2020-12-18 21:06:54 
TT 660 313.6  45.7 313.6  45.7 6.48E-05 002.4 139.0  63.7 0.203390 0.163122 0.081366 hargrave 2020-12-19 19:28:25 
TT 664 294.6  27.4 294.6  27.4 5.22E-05 001.0 085.0  85.0 0.081111 0.034543 0.031821 hargrave 2020-12-20 14:15:56 
TT 668 310.8  58.0 310.8  58.0 4.41E-05 008.7 159.2  56.4 0.371273 0.505720 0.285959 hargrave 2020-12-22 14:26:51 
TT 668 314.6  50.7 314.6  50.7 4.63E-05 001.6 146.6  60.2 0.087171 0.093097 0.055981 hargrave 2020-12-22 15:29:20 
TT 672 280.9  57.2 280.9  57.2 3.79E-05 001.6 188.9  60.3 0.081433 0.085959 0.038505 hargrave 2020-12-29 12:59:28 
TT 674 312.7  51.5 312.7  51.5 2.92E-05 001.2 149.5  60.5 0.027826 0.030399 0.148376 hargrave 2020-12-29 20:19:01 
TT 676 304.6  52.4 304.6  52.4 2.38E-05 003.0 158.9  62.9 0.055026 0.110858 0.036414 hargrave 2021-01-01 14:28:41 
TT 678 287.3  41.4 287.3  41.4 1.86E-05 018.9 185.6  76.6 0.529337 0.333700 0.113952 hargrave 2021-01-01 22:06:42 
TT 678 102.8 -01.6 102.8 -01.6 1.98E-05 004.7 166.2 -62.9 0.044777 0.161183 0.009095 hargrave 2021-01-02 10:04:37 
