CF- 96a mag compass orientation (IGRF corrected)
  43.85  12.5  86.0   0.0   0.0   1.0
NRM    288.2  56.6 288.2  56.6 5.13E-04 001.3 176.1  37.2 0.628323 0.518893 0.775966 hargrave 2020-10-09 15:55:47 
TT 100 294.4  55.0 294.4  55.0 4.97E-04 003.9 171.3  38.1 0.577607 3.294171 0.416939 hargrave 2020-10-13 18:34:50 
TT 200 136.8  86.1 136.8  86.1 2.65E-04 051.4 182.2  00.8 0.490248 0.754401 33.23792 hargrave 2020-10-17 19:13:06 
TT 200 286.0  46.6 286.0  46.6 4.08E-04 001.8 176.5  47.3 0.879426 0.455685 0.790269 hargrave 2020-10-17 20:00:40 
TT 300 283.5  41.4 283.5  41.4 3.31E-04 002.2 178.8  52.6 0.970065 0.252123 0.757071 hargrave 2020-10-30 16:25:34 
TT 400 285.8  38.4 285.8  38.4 2.57E-04 002.6 175.5  55.5 0.788172 0.614022 0.567300 hargrave 2020-11-15 13:17:55 
TT 450 288.4  37.4 288.4  37.4 2.31E-04 001.9 171.6  56.1 0.558105 0.282266 0.437859 hargrave 2020-11-15 22:43:54 
TT 500 283.6  37.1 283.6  37.1 2.11E-04 002.0 178.4  56.9 0.185548 0.709696 0.152915 hargrave 2020-11-19 08:17:07 
TT 525 282.8  37.3 282.8  37.3 2.00E-04 001.1 179.6  56.7 0.191705 0.290799 0.138422 hargrave 2020-11-22 13:49:03 
TT 550 285.0  36.7 285.0  36.7 1.88E-04 000.6 176.3  57.2 0.100128 0.127050 0.112493 hargrave 2020-11-25 19:25:41 
TT 560 284.6  36.3 284.6  36.3 1.78E-04 001.5 176.9  57.6 0.217056 0.382255 0.182521 hargrave 2020-12-07 17:39:38 
TT 570 285.0  34.7 285.0  34.7 1.59E-04 002.0 176.0  59.2 0.310850 0.407637 0.238840 hargrave 2020-12-09 14:54:10 
TT 580 284.4  34.6 284.4  34.6 1.52E-04 001.4 176.9  59.4 0.282111 0.132349 0.209998 hargrave 2020-12-10 13:32:28 
TT 590 284.0  33.8 284.0  33.8 1.38E-04 003.0 177.5  60.1 0.266489 0.640050 0.171503 hargrave 2020-12-10 22:03:08 
TT 600 283.6  33.8 283.6  33.8 1.33E-04 002.0 178.1  60.2 0.248369 0.351918 0.156849 hargrave 2020-12-11 10:29:24 
TT 610 284.5  33.1 284.5  33.1 1.22E-04 001.4 176.6  60.8 0.226465 0.125475 0.163279 hargrave 2020-12-11 23:43:16 
TT 620 282.0  32.3 282.0  32.3 1.11E-04 001.2 180.9  61.6 0.202513 0.055661 0.125582 hargrave 2020-12-14 00:29:55 
TT 630 281.4  31.5 281.4  31.5 9.95E-05 001.7 181.9  62.5 0.177043 0.193820 0.124858 hargrave 2020-12-14 21:16:21 
TT 640 284.1  30.4 284.1  30.4 9.26E-05 001.9 177.0  63.6 0.134210 0.266755 0.096863 hargrave 2020-12-18 16:06:55 
TT 650 280.9  29.3 280.9  29.3 8.53E-05 002.6 183.3  64.6 0.129752 0.353167 0.094810 hargrave 2020-12-18 21:27:32 
TT 660 285.6  29.7 285.6  29.7 7.72E-05 000.9 173.7  64.1 0.090758 0.043111 0.076133 hargrave 2020-12-19 19:48:16 
TT 664 286.3  28.3 286.3  28.3 7.10E-05 001.3 171.9  65.5 0.088653 0.130396 0.059688 hargrave 2020-12-20 14:37:18 
TT 668 288.9  28.9 288.9  28.9 6.25E-05 001.1 167.0  64.3 0.073278 0.089189 0.058353 hargrave 2020-12-22 14:46:55 
TT 672 287.5  27.2 287.5  27.2 5.56E-05 001.3 168.9  66.3 0.042917 0.123392 0.035649 hargrave 2020-12-29 13:18:47 
TT 674 282.7  26.1 282.7  26.1 5.12E-05 001.2 179.4  67.9 0.050165 0.088096 0.044664 hargrave 2020-12-29 20:36:50 
TT 676 285.9  27.8 285.9  27.8 4.65E-05 001.2 172.7  66.0 0.075877 0.055862 0.057068 hargrave 2021-01-01 14:45:55 
TT 678 283.8  28.2 283.8  28.2 3.89E-05 001.5 177.2  65.8 0.033827 0.091301 0.048836 hargrave 2021-01-01 22:23:18 
TT 680 282.1  27.7 282.1  27.7 3.21E-05 003.0 180.9  66.3 0.029739 0.162119 0.018553 hargrave 2021-01-02 16:47:38 
TT 682 288.0  31.5 288.0  31.5 2.16E-05 002.4 169.9  62.1 0.038470 0.082279 0.012065 hargrave 2021-01-03 14:10:59 
TT 685 268.6  34.4 268.6  34.4 7.54E-06 002.0 201.3  56.9 0.007535 0.026733 0.002088 hargrave 2021-01-03 20:12:20 
