CF- 9a mag compass orientation (IGRF corrected)
    5.4 184.5  44.0   0.0   0.0   1.0
NRM    301.6  64.9 301.6  64.9 2.37E-03 005.5 192.1  22.9 5.391692 22.11347 2.104689 hargrave 2020-08-30 18:55:25 
TT 100 314.6  61.0 314.6  61.0 2.24E-03 001.6 199.7  21.8 3.394679 2.515209 4.700035 hargrave 2020-09-01 16:36:44 
TT 200 289.5  52.7 289.5  52.7 1.38E-03 002.9 189.2  09.6 1.293057 6.880063 1.274546 hargrave 2020-09-05 16:24:23 
TT 300 296.4  43.4 296.4  43.4 9.25E-04 001.6 195.7  01.4 0.656666 2.066141 1.373445 hargrave 2020-09-06 18:57:38 
TT 400 299.4  39.2 299.4  39.2 6.08E-04 003.8 199.1 -01.9 1.353805 3.778473 0.753959 hargrave 2020-09-15 15:54:59 
TT 450 293.7  40.6 293.7  40.6 5.37E-04 001.8 194.5 -01.7 0.239314 1.361041 1.045565 hargrave 2020-09-17 22:43:42 
TT 500 296.1  37.6 296.1  37.6 4.58E-04 002.3 197.0 -04.1 0.566037 1.707230 0.487740 hargrave 2020-09-19 15:10:07 
TT 525 294.8  37.3 294.8  37.3 4.10E-04 001.9 196.1 -04.7 0.392640 0.978460 0.819671 hargrave 2020-09-19 20:08:44 
TT 550 294.1  36.8 294.1  36.8 3.75E-04 001.1 195.6 -05.3 0.190313 0.147462 0.724099 hargrave 2020-09-22 15:42:53 
TT 560 292.1  38.4 292.1  38.4 3.40E-04 002.5 193.7 -04.2 0.394785 1.297569 0.658610 hargrave 2020-09-24 20:09:49 
TT 570 292.2  35.2 292.2  35.2 3.23E-04 001.2 194.5 -07.3 0.254904 0.510202 0.420071 hargrave 2020-09-26 14:46:11 
TT 580 294.5  34.5 294.5  34.5 2.88E-04 001.6 196.5 -07.5 0.155609 0.712434 0.331872 hargrave 2020-09-27 13:53:47 
TT 590 288.5  30.8 288.5  30.8 2.53E-04 002.9 192.3 -12.2 0.235114 1.253099 0.189993 hargrave 2020-10-03 13:48:50 
TT 600 293.0  32.0 293.0  32.0 2.28E-04 001.6 195.9 -10.2 0.182006 0.610518 0.173794 hargrave 2020-10-07 21:34:54 
TT 610 287.5  29.9 287.5  29.9 2.00E-04 001.6 191.6 -13.2 0.088538 0.532588 0.141665 hargrave 2020-10-08 21:04:42 
TT 620 293.0  30.3 293.0  30.3 1.73E-04 003.1 196.2 -11.9 0.257329 0.866223 0.219974 hargrave 2020-10-10 09:34:52 
TT 630 288.2  30.0 288.2  30.0 1.47E-04 001.9 192.1 -13.0 0.102277 0.465877 0.161063 hargrave 2020-10-10 21:22:09 
TT 640 297.9  25.9 297.9  25.9 1.18E-04 001.5 201.7 -15.0 0.087348 0.288608 0.113706 hargrave 2020-10-13 13:53:23 
TT 650 297.5  27.5 297.5  27.5 1.07E-04 001.3 200.9 -13.6 0.067952 0.220600 0.076785 hargrave 2020-10-14 09:07:16 
TT 660 292.8  28.9 292.8  28.9 9.07E-05 001.8 196.4 -13.3 0.060675 0.226876 0.177050 hargrave 2020-10-16 17:03:44 
TT 664 290.2  26.5 290.2  26.5 8.73E-05 001.9 194.6 -16.1 0.053245 0.250859 0.155170 hargrave 2020-10-30 12:01:37 
TT 668 284.5  28.9 284.5  28.9 7.37E-05 004.9 189.1 -14.5 0.099969 0.610041 0.119101 hargrave 2020-10-30 18:44:38 
TT 672 296.0  12.7 296.0  12.7 2.62E-05 002.8 204.0 -28.2 0.058386 0.111290 0.065141 hargrave 2020-11-09 00:31:50 
TT 674 278.1  28.9 278.1  28.9 4.33E-05 001.8 183.3 -15.0 0.060080 0.107977 0.074380 hargrave 2020-11-15 17:58:01 
TT 675 302.1  26.9 302.1  26.9 3.74E-05 003.7 205.1 -12.9 0.107683 0.201679 0.095513 hargrave 2020-11-16 01:03:34 
TT 676 273.8  24.5 273.8  24.5 3.19E-05 001.8 179.3 -19.5 0.058159 0.087889 0.034432 hargrave 2020-11-19 11:08:59 
TT 677 301.8  29.8 301.8  29.8 2.99E-05 002.5 203.9 -10.3 0.077986 0.118399 0.027968 hargrave 2020-11-19 17:19:36 
TT 678 274.0  36.0 274.0  36.0 2.34E-05 006.6 179.6 -08.0 0.051728 0.266308 0.047098 hargrave 2020-11-19 23:22:22 
TT 679 337.8  17.3 337.8  17.3 2.58E-05 001.6 238.9 -04.8 0.062051 0.063114 0.041605 hargrave 2020-11-22 10:16:22 
TT 680 235.3  04.7 235.3  04.7 1.96E-05 002.2 134.2 -28.5 0.061450 0.051896 0.013204 hargrave 2020-11-22 16:16:19 
TT 681 189.6 -19.3 189.6 -19.3 8.85E-06 004.2 079.8 -17.2 0.063512 0.015184 0.011124 hargrave 2020-11-24 21:42:15 
