CF- 94a mag compass orientation (IGRF corrected)
  43.75   4.5  93.0   0.0   0.0   1.0
NRM    309.2  58.3 309.2  58.3 8.35E-04 004.1 161.1  22.8 0.380114 5.125400 3.037833 hargrave 2020-10-09 15:54:10 
TT 100 311.6  57.1 311.6  57.1 7.84E-04 001.4 159.2  22.9 0.855471 0.657158 1.675805 hargrave 2020-10-13 18:31:42 
TT 200 299.5  48.4 299.5  48.4 5.67E-04 004.9 160.1  34.2 0.223523 4.263414 2.241488 hargrave 2020-10-17 19:11:30 
TT 300 300.8  39.8 300.8  39.8 4.22E-04 003.8 153.3  40.8 0.292262 2.584312 1.056533 hargrave 2020-10-30 16:23:49 
TT 400 294.5  39.6 294.5  39.6 3.00E-04 002.7 158.7  43.6 1.027067 0.194653 0.975798 hargrave 2020-11-15 13:16:18 
TT 450 295.2  39.0 295.2  39.0 2.58E-04 003.4 157.6  43.9 0.498060 1.139727 0.924957 hargrave 2020-11-15 22:42:17 
TT 500 292.9  39.5 292.9  39.5 2.30E-04 002.1 160.1  44.3 0.080482 0.778527 0.288173 hargrave 2020-11-19 08:15:28 
TT 525 291.9  38.8 291.9  38.8 2.09E-04 006.9 160.7  45.3 0.409935 2.443073 0.417358 hargrave 2020-11-22 13:47:25 
TT 550 295.9  37.2 295.9  37.2 1.96E-04 001.8 155.7  45.1 0.075190 0.548432 0.253622 hargrave 2020-11-25 19:23:14 
TT 560 292.3  37.9 292.3  37.9 1.85E-04 002.9 159.7  45.9 0.699638 0.322187 0.532184 hargrave 2020-12-07 17:38:06 
TT 570 296.0  35.4 296.0  35.4 1.61E-04 001.6 154.2  46.6 0.240202 0.243985 0.309212 hargrave 2020-12-09 14:52:49 
TT 580 293.2  35.0 293.2  35.0 1.49E-04 001.7 156.8  48.1 0.199516 0.296936 0.280189 hargrave 2020-12-10 13:31:05 
TT 590 294.3  34.0 294.3  34.0 1.17E-04 001.0 154.9  48.6 0.116688 0.103355 0.135585 hargrave 2020-12-10 22:01:47 
TT 600 296.9  32.9 296.9  32.9 1.17E-04 002.3 151.3  48.3 0.323728 0.146360 0.312636 hargrave 2020-12-11 10:27:46 
TT 610 294.8  31.6 294.8  31.6 1.03E-04 003.7 152.4  50.4 0.070405 0.598457 0.296433 hargrave 2020-12-11 23:41:41 
TT 620 295.1  30.9 295.1  30.9 9.01E-05 003.7 151.4  50.8 0.080175 0.504822 0.292226 hargrave 2020-12-14 00:28:17 
TT 630 292.4  31.5 292.4  31.5 7.32E-05 006.5 155.1  51.6 0.143204 0.789505 0.211705 hargrave 2020-12-14 21:14:45 
TT 640 294.9  29.6 294.9  29.6 6.16E-05 002.3 150.6  52.0 0.139515 0.117447 0.173431 hargrave 2020-12-18 16:05:16 
TT 650 293.6  26.5 293.6  26.5 5.38E-05 002.4 149.2  55.2 0.096272 0.156590 0.144088 hargrave 2020-12-18 21:25:55 
TT 660 296.0  32.0 296.0  32.0 2.19E-05 072.0 151.5  49.5 1.335441 0.725764 1.778809 hargrave 2020-12-19 19:46:40 
TT 660 295.4  30.1 295.4  30.1 4.38E-05 002.2 150.4  51.4 0.124674 0.067058 0.103504 hargrave 2020-12-19 20:10:51 
TT 664 294.4  26.9 294.4  26.9 3.66E-05 002.6 148.6  54.5 0.065522 0.125627 0.087005 hargrave 2020-12-20 14:35:42 
TT 668 305.2  20.5 305.2  20.5 3.17E-05 004.8 129.4  51.8 0.228445 0.120514 0.082848 hargrave 2020-12-22 14:43:55 
TT 672 293.8  34.9 293.8  34.9 2.75E-05 002.8 156.1  48.0 0.073989 0.110820 0.059531 hargrave 2020-12-29 13:15:06 
TT 674 296.7  26.5 296.7  26.5 2.24E-05 004.2 145.3  53.6 0.071648 0.142502 0.055465 hargrave 2020-12-29 20:35:29 
TT 676 298.9  25.1 298.9  25.1 1.90E-05 001.6 141.2  53.2 0.023362 0.022600 0.049743 hargrave 2021-01-01 14:44:33 
TT 678 283.0  28.3 283.0  28.3 1.86E-05 001.8 165.9  57.6 0.017852 0.051847 0.037128 hargrave 2021-01-01 22:21:58 
TT 680 287.0  31.0 287.0  31.0 1.51E-05 004.3 161.7  53.9 0.017016 0.104207 0.050708 hargrave 2021-01-02 16:46:13 
TT 682 279.6  34.5 279.6  34.5 1.03E-05 003.2 173.1  52.2 0.028560 0.042364 0.028623 hargrave 2021-01-03 14:09:19 
TT 685 255.5  25.6 255.5  25.6 3.04E-06 004.1 211.6  56.0 0.005484 0.022103 0.002185 hargrave 2021-01-03 20:10:58 
