GH1- 6b sun compass orientation
      0  25.6  49.0   0.0   0.0   1.0
NRM    289.3  42.8 289.3  42.8 6.65E-03 000.3 246.6  85.0 2.197784 2.387668 0.303483 hargrave 2021-03-16 23:07:34 
AF  10 289.3  42.8 289.3  42.8 6.64E-03 000.3 246.7  85.0 2.245614 2.391277 0.349018 hargrave 2021-03-16 23:08:54 
AF  20 289.3  42.8 289.3  42.8 6.61E-03 000.3 247.2  85.0 2.264323 2.377656 0.354591 hargrave 2021-03-16 23:10:14 
AF  30 289.3  42.7 289.3  42.7 6.57E-03 000.3 248.3  85.0 2.236037 2.366484 0.355765 hargrave 2021-03-16 23:11:33 
AF  40 289.3  42.5 289.3  42.5 6.52E-03 000.3 250.8  85.1 2.223572 2.390648 0.358613 hargrave 2021-03-16 23:12:53 
AF  50 289.2  42.2 289.2  42.2 6.47E-03 000.3 253.5  85.1 2.210818 2.319439 0.355557 hargrave 2021-03-16 23:15:02 
AF  60 289.1  41.9 289.1  41.9 6.40E-03 000.3 257.5  85.0 2.195508 2.316259 0.367010 hargrave 2021-03-16 23:16:22 
AF  70 289.0  41.6 289.0  41.6 6.33E-03 000.3 261.3  85.0 2.198520 2.287137 0.375219 hargrave 2021-03-16 23:17:41 
AF  80 288.8  41.3 288.8  41.3 6.26E-03 000.3 264.9  84.9 1.604401 2.228043 0.386848 hargrave 2021-03-16 23:19:01 
AF  90 288.7  40.8 288.7  40.8 6.18E-03 000.3 269.7  84.8 2.111132 2.238530 0.401908 hargrave 2021-03-16 23:20:20 
AF 100 288.6  40.4 288.6  40.4 6.10E-03 000.3 274.0  84.6 2.105647 2.204992 0.418306 hargrave 2021-03-16 23:21:40 
AF 120 288.3  39.7 288.3  39.7 5.96E-03 000.3 280.5  84.3 2.044089 2.149904 0.452426 hargrave 2021-03-16 23:23:00 
AF 140 288.1  39.1 288.1  39.1 5.81E-03 000.3 286.2  83.9 1.966623 2.079168 0.477152 hargrave 2021-03-16 23:24:19 
AF 160 287.9  38.4 287.9  38.4 5.65E-03 000.3 291.1  83.5 1.920989 1.992735 0.512907 hargrave 2021-03-16 23:25:40 
AF 180 287.7  37.9 287.7  37.9 5.51E-03 000.3 294.7  83.1 1.696122 1.957074 0.540643 hargrave 2021-03-16 23:27:00 
AF 200 287.5  37.3 287.5  37.3 5.37E-03 000.3 298.0  82.7 1.852424 1.903255 0.562812 hargrave 2021-03-16 23:28:20 
AF 250 287.2  36.3 287.2  36.3 5.02E-03 000.3 303.0  81.9 1.711237 1.776587 0.591071 hargrave 2021-03-16 23:29:39 
AF 300 286.8  35.4 286.8  35.4 4.64E-03 000.3 306.2  81.1 1.622515 1.672604 0.602898 hargrave 2021-03-16 23:30:59 
AF 350 286.5  34.6 286.5  34.6 4.26E-03 000.3 308.6  80.4 1.481877 1.546922 0.580985 hargrave 2021-03-16 23:32:19 
AF 400 286.4  34.2 286.4  34.2 3.88E-03 000.3 310.1  80.0 1.348249 1.376813 0.563381 hargrave 2021-03-16 23:33:38 
AF 450 286.3  33.8 286.3  33.8 3.53E-03 000.3 311.3  79.7 1.214208 1.257633 0.534880 hargrave 2021-03-16 23:34:58 
AF 500 286.1  33.5 286.1  33.5 3.17E-03 000.3 311.9  79.3 1.071946 1.122695 0.495011 hargrave 2021-03-16 23:36:18 
AF 550 285.8  33.2 285.8  33.2 2.85E-03 000.3 311.8  78.9 0.973415 1.025481 0.456146 hargrave 2021-03-16 23:37:37 
AF 600 286.0  33.0 286.0  33.0 2.55E-03 000.3 313.5  78.9 0.858233 0.899321 0.412213 hargrave 2021-03-16 23:38:58 
AF 650 286.0  32.7 286.0  32.7 2.29E-03 000.3 314.2  78.7 0.789752 0.815761 0.376388 hargrave 2021-03-16 23:40:18 
AF 700 285.5  32.7 285.5  32.7 2.06E-03 000.3 312.5  78.4 0.707049 0.757295 0.345959 hargrave 2021-03-16 23:41:37 
AF 750 285.5  32.7 285.5  32.7 1.87E-03 000.3 312.7  78.4 0.642906 0.686139 0.310962 hargrave 2021-03-16 23:42:57 
AF 800 285.7  32.3 285.7  32.3 1.70E-03 000.3 314.3  78.2 0.577197 0.605618 0.286818 hargrave 2021-03-16 23:44:17 
AF 850 285.5  32.3 285.5  32.3 1.56E-03 000.3 313.9  78.2 0.512606 0.550914 0.263556 hargrave 2021-03-16 23:45:37 
AF 900 285.4  32.6 285.4  32.6 1.44E-03 000.3 312.5  78.3 0.462362 0.513752 0.238499 hargrave 2021-03-16 23:46:57 
AF 950 285.4  32.4 285.4  32.4 1.34E-03 000.3 313.3  78.2 0.429853 0.467667 0.228291 hargrave 2021-03-16 23:48:17 
AF1000 285.4  32.5 285.4  32.5 1.26E-03 000.3 312.9  78.3 0.421413 0.449563 0.212194 hargrave 2021-03-16 23:49:37 
AF1050 285.2  32.1 285.2  32.1 1.19E-03 000.3 313.5  77.8 0.387100 0.427171 0.205313 hargrave 2021-03-16 23:50:57 
AF1100 285.1  31.6 285.1  31.6 1.13E-03 000.3 314.8  77.4 0.361861 0.412868 0.203901 hargrave 2021-03-16 23:52:17 
AF1150 285.6  32.3 285.6  32.3 1.09E-03 000.4 314.4  78.2 0.650449 0.414592 0.185721 hargrave 2021-03-16 23:53:38 
AF1200 285.1  32.3 285.1  32.3 1.04E-03 000.3 312.7  77.9 0.349012 0.393643 0.179497 hargrave 2021-03-16 23:54:59 
AF1250 285.6  32.4 285.6  32.4 9.98E-04 000.3 313.8  78.3 0.330727 0.362786 0.168131 hargrave 2021-03-16 23:56:21 
AF1300 285.7  32.3 285.7  32.3 9.68E-04 000.3 314.8  78.2 0.359814 0.399906 0.162413 hargrave 2021-03-16 23:57:43 
