GH2- 2b sun compass orientation
      0  54.1  55.0   0.0   0.0   1.0
NRM    311.1  59.3 311.1  59.3 1.44E-02 000.4 195.3  64.2 4.532989 8.051327 3.494833 hargrave 2021-02-03 21:35:24 
AF  10 311.2  58.6 311.2  58.6 1.40E-02 000.4 195.9  64.9 4.980543 7.414101 3.466203 hargrave 2021-02-03 21:36:43 
AF  20 310.9  57.7 310.9  57.7 1.35E-02 000.4 197.2  65.6 4.860201 6.754097 3.248103 hargrave 2021-02-03 21:38:02 
AF  30 310.3  56.7 310.3  56.7 1.29E-02 000.4 199.2  66.4 4.723361 6.643828 3.031835 hargrave 2021-02-03 21:40:11 
AF  40 309.1  55.3 309.1  55.3 1.22E-02 000.4 202.3  67.2 4.649803 6.118208 2.894068 hargrave 2021-02-03 21:41:30 
AF  50 307.9  54.2 307.9  54.2 1.16E-02 000.4 205.4  67.7 4.546511 6.051645 2.660789 hargrave 2021-02-03 21:42:49 
AF  60 306.7  52.9 306.7  52.9 1.11E-02 000.4 209.2  68.3 4.417091 5.700604 2.518133 hargrave 2021-02-03 21:44:08 
AF  70 305.5  51.6 305.5  51.6 1.05E-02 000.4 213.0  68.7 4.187155 5.183918 2.403059 hargrave 2021-02-03 21:45:28 
AF  80 304.3  50.3 304.3  50.3 9.90E-03 000.4 217.2  69.0 4.069672 4.903039 2.291530 hargrave 2021-02-03 21:46:46 
AF  90 303.1  49.0 303.1  49.0 9.37E-03 000.4 221.2  69.2 3.948706 4.688584 2.196838 hargrave 2021-02-03 21:48:05 
AF 100 302.1  47.9 302.1  47.9 8.87E-03 000.4 224.9  69.2 3.788045 4.374822 2.113364 hargrave 2021-02-03 21:49:24 
AF 120 300.7  46.1 300.7  46.1 8.08E-03 000.4 230.7  69.1 3.501556 3.844946 1.997492 hargrave 2021-02-03 21:50:43 
AF 140 299.5  44.7 299.5  44.7 7.34E-03 000.4 235.3  68.9 3.162745 3.524557 1.850060 hargrave 2021-02-03 21:52:51 
AF 160 298.6  43.7 298.6  43.7 6.71E-03 000.4 238.4  68.5 2.991934 3.092831 1.718978 hargrave 2021-02-03 21:54:10 
AF 180 298.0  42.9 298.0  42.9 6.18E-03 000.4 240.8  68.3 2.762332 2.832173 1.590753 hargrave 2021-02-03 21:55:29 
AF 200 297.6  42.5 297.6  42.5 5.70E-03 000.4 242.1  68.1 2.577832 2.570588 1.480377 hargrave 2021-02-03 21:56:48 
AF 250 296.7  41.7 296.7  41.7 4.76E-03 000.4 244.5  67.6 2.109330 2.131710 1.265778 hargrave 2021-02-03 21:58:07 
AF 300 296.4  41.2 296.4  41.2 3.96E-03 000.4 245.9  67.4 1.724875 1.771208 1.034994 hargrave 2021-02-03 21:59:26 
AF 350 296.3  41.1 296.3  41.1 3.36E-03 000.4 246.2  67.4 1.427108 1.452434 0.859223 hargrave 2021-02-03 22:00:45 
AF 400 296.2  41.1 296.2  41.1 2.94E-03 000.4 246.2  67.3 1.251524 1.304763 0.771969 hargrave 2021-02-03 22:02:03 
AF 450 295.6  41.3 295.6  41.3 2.61E-03 000.4 245.7  66.8 1.096255 1.154228 0.688963 hargrave 2021-02-03 22:03:22 
AF 500 295.3  41.2 295.3  41.2 2.38E-03 000.4 246.1  66.6 0.962966 1.025087 0.631888 hargrave 2021-02-03 22:04:41 
AF 550 294.0  41.3 294.0  41.3 2.24E-03 000.4 245.9  65.7 0.901714 0.978937 0.625634 hargrave 2021-02-03 22:05:59 
AF 600 294.2  40.8 294.2  40.8 2.10E-03 000.4 247.2  65.9 0.853797 0.926755 0.568496 hargrave 2021-02-03 22:07:18 
AF 650 293.3  41.1 293.3  41.1 2.01E-03 000.4 246.6  65.2 0.822638 0.890416 0.572005 hargrave 2021-02-03 22:08:37 
AF 700 293.7  40.6 293.7  40.6 1.93E-03 000.4 247.6  65.5 0.756322 0.865076 0.522354 hargrave 2021-02-03 22:09:56 
AF 750 293.3  41.2 293.3  41.2 1.88E-03 000.4 246.4  65.1 0.761991 0.837983 0.528585 hargrave 2021-02-03 22:11:15 
AF 800 294.2  40.9 294.2  40.9 1.84E-03 000.4 246.8  65.8 0.721495 0.825911 0.507801 hargrave 2021-02-03 22:12:33 
AF 850 293.8  41.1 293.8  41.1 1.80E-03 000.4 246.4  65.5 0.704608 0.790868 0.512421 hargrave 2021-02-03 22:13:52 
AF 900 293.6  41.0 293.6  41.0 1.76E-03 000.4 246.7  65.4 0.687976 0.770545 0.490128 hargrave 2021-02-03 22:15:12 
AF 950 293.9  41.3 293.9  41.3 1.75E-03 000.4 246.0  65.6 0.679060 0.774627 0.494303 hargrave 2021-02-03 22:16:31 
AF1000 293.6  41.2 293.6  41.2 1.74E-03 000.4 246.4  65.4 0.683569 0.782513 0.482439 hargrave 2021-02-03 22:17:50 
AF1050 293.0  40.5 293.0  40.5 1.70E-03 000.4 248.0  65.0 0.670147 0.759108 0.487959 hargrave 2021-02-03 22:19:09 
AF1100 293.7  40.9 293.7  40.9 1.67E-03 000.4 247.0  65.4 0.670229 0.740719 0.456868 hargrave 2021-02-03 22:20:29 
AF1150 294.6  41.2 294.6  41.2 1.67E-03 000.4 246.2  66.1 0.631742 0.759673 0.455304 hargrave 2021-02-03 22:21:49 
AF1200 293.0  41.1 293.0  41.1 1.65E-03 000.4 246.6  64.9 0.642521 0.734776 0.476911 hargrave 2021-02-03 22:23:09 
AF1250 292.3  40.4 292.3  40.4 1.64E-03 000.4 248.4  64.4 0.611928 0.686041 0.478119 hargrave 2021-02-03 22:24:31 
AF1300 293.4  41.1 293.4  41.1 1.60E-03 000.4 246.6  65.2 0.630418 0.721181 0.441640 hargrave 2021-02-03 22:25:52 
