GH2- 5b sun compass orientation
      0  45.2  50.0   0.0   0.0   1.0
NRM    293.9  57.9 293.9  57.9 1.12E-02 000.4 210.2  67.5 4.094332 6.189716 2.204916 hargrave 2021-02-04 00:13:49 
AF  10 295.6  57.7 295.6  57.7 1.08E-02 000.4 209.0  68.3 4.250395 5.547148 2.223526 hargrave 2021-02-04 00:15:09 
AF  20 297.3  57.0 297.3  57.0 1.04E-02 000.4 208.4  69.4 4.074537 5.318079 1.997641 hargrave 2021-02-04 00:16:29 
AF  30 298.3  56.1 298.3  56.1 9.89E-03 000.4 209.1  70.4 3.896020 5.006051 1.805172 hargrave 2021-02-04 00:17:49 
AF  40 298.7  54.8 298.7  54.8 9.34E-03 000.4 211.2  71.6 3.778988 4.693500 1.577398 hargrave 2021-02-04 00:19:08 
AF  50 298.6  53.7 298.6  53.7 8.86E-03 000.4 213.9  72.3 3.606803 4.423970 1.448624 hargrave 2021-02-04 00:20:28 
AF  60 298.5  52.3 298.5  52.3 8.40E-03 000.4 217.6  73.2 3.550587 4.159645 1.309195 hargrave 2021-02-04 00:21:48 
AF  70 298.1  51.0 298.1  51.0 7.92E-03 000.4 221.7  73.8 3.309468 3.786203 1.194396 hargrave 2021-02-04 00:23:07 
AF  80 297.7  49.6 297.7  49.6 7.43E-03 000.4 226.5  74.4 3.137889 3.460132 1.104247 hargrave 2021-02-04 00:24:27 
AF  90 297.2  48.2 297.2  48.2 6.96E-03 000.4 231.4  74.7 3.076968 3.126687 1.028344 hargrave 2021-02-04 00:25:46 
AF 100 296.8  47.1 296.8  47.1 6.52E-03 000.4 235.9  75.0 2.859615 2.874460 0.963356 hargrave 2021-02-04 00:27:06 
AF 120 296.2  45.3 296.2  45.3 5.80E-03 000.4 242.8  75.1 2.558602 2.486648 0.905647 hargrave 2021-02-04 00:28:26 
AF 140 295.6  44.0 295.6  44.0 5.09E-03 000.3 248.2  74.9 2.127945 2.148224 0.828137 hargrave 2021-02-04 00:30:37 
AF 160 295.2  43.0 295.2  43.0 4.48E-03 000.4 252.0  74.7 1.980260 1.856213 0.739877 hargrave 2021-02-04 00:31:58 
AF 180 294.9  42.4 294.9  42.4 3.97E-03 000.4 254.4  74.5 1.751313 1.611221 0.670055 hargrave 2021-02-04 00:33:18 
AF 200 294.8  42.0 294.8  42.0 3.52E-03 000.3 256.1  74.5 1.544967 1.409739 0.604322 hargrave 2021-02-04 00:34:38 
AF 250 294.6  41.2 294.6  41.2 2.67E-03 000.3 259.1  74.3 1.145481 1.037452 0.464668 hargrave 2021-02-04 00:35:58 
AF 300 294.4  40.2 294.4  40.2 2.00E-03 000.3 262.4  74.1 0.840280 0.812724 0.358113 hargrave 2021-02-04 00:37:18 
AF 350 293.4  40.5 293.4  40.5 1.53E-03 000.3 261.3  73.4 0.626739 0.608196 0.282382 hargrave 2021-02-04 00:38:38 
AF 400 294.1  39.5 294.1  39.5 1.19E-03 000.3 265.1  73.8 0.452459 0.524228 0.223561 hargrave 2021-02-04 00:39:58 
AF 450 294.6  40.1 294.6  40.1 9.89E-04 000.3 263.0  74.3 0.392559 0.426522 0.170337 hargrave 2021-02-04 00:41:18 
AF 500 294.0  39.7 294.0  39.7 8.42E-04 000.3 264.2  73.8 0.307696 0.364739 0.150321 hargrave 2021-02-04 00:42:38 
AF 550 292.9  39.4 292.9  39.4 7.27E-04 000.4 264.8  72.9 0.272723 0.357093 0.141043 hargrave 2021-02-04 00:43:58 
AF 600 292.2  38.8 292.2  38.8 6.66E-04 000.4 266.3  72.2 0.321876 0.372559 0.137286 hargrave 2021-02-04 00:45:18 
AF 650 292.0  38.6 292.0  38.6 6.02E-04 000.4 266.9  72.1 0.274427 0.361090 0.130306 hargrave 2021-02-04 00:46:38 
AF 700 291.2  37.1 291.2  37.1 5.69E-04 000.4 271.0  71.1 0.268471 0.329285 0.125635 hargrave 2021-02-04 00:47:58 
AF 750 291.7  36.9 291.7  36.9 5.31E-04 000.5 272.0  71.4 0.255187 0.311528 0.144650 hargrave 2021-02-04 00:49:18 
AF 800 287.1  38.4 287.1  38.4 5.20E-04 000.5 265.0  68.3 0.247047 0.311721 0.127231 hargrave 2021-02-04 00:50:38 
AF 850 290.9  38.8 290.9  38.8 4.98E-04 000.5 265.9  71.2 0.251044 0.326810 0.100498 hargrave 2021-02-04 00:51:58 
AF 900 290.9  37.0 290.9  37.0 4.81E-04 000.5 271.2  70.8 0.243566 0.279399 0.109046 hargrave 2021-02-04 00:53:18 
AF 950 291.1  38.3 291.1  38.3 4.53E-04 000.4 267.3  71.3 0.210580 0.263288 0.093372 hargrave 2021-02-04 00:54:39 
AF1000 291.3  36.8 291.3  36.8 4.45E-04 000.5 272.0  71.1 0.223414 0.271332 0.102057 hargrave 2021-02-04 00:55:59 
AF1050 293.0  37.8 293.0  37.8 4.61E-04 000.4 270.1  72.6 0.223124 0.262164 0.093400 hargrave 2021-02-04 00:57:19 
AF1100 290.2  35.1 290.2  35.1 4.33E-04 000.5 276.0  69.6 0.204364 0.278627 0.105479 hargrave 2021-02-04 00:58:40 
AF1150 289.4  36.3 289.4  36.3 4.16E-04 000.5 272.0  69.4 0.221503 0.280132 0.093265 hargrave 2021-02-04 01:00:01 
AF1200 288.9  35.8 288.9  35.8 4.19E-04 000.5 273.0  68.9 0.198894 0.273298 0.102904 hargrave 2021-02-04 01:01:22 
AF1250 283.8  36.2 283.8  36.2 4.22E-04 000.5 268.6  65.1 0.229294 0.269012 0.122161 hargrave 2021-02-04 01:02:44 
AF1300 288.1  38.0 288.1  38.0 4.26E-04 000.5 266.8  68.9 0.189833 0.260142 0.105122 hargrave 2021-02-04 01:04:07 
