TP1- 7b mag compass orientation (IGRF corrected)
      0 323.5  72.0   0.0   0.0   1.0
NRM    298.6  34.8 298.6  34.8 4.12E-03 000.5 120.3  30.4 1.898167 1.110205 2.621020 hargrave 2021-03-25 23:25:42 
AF  10 298.6  34.8 298.6  34.8 4.11E-03 000.4 120.3  30.4 1.859186 1.057828 2.599180 hargrave 2021-03-25 23:27:02 
AF  20 298.6  34.8 298.6  34.8 4.11E-03 000.5 120.3  30.3 1.883912 1.105575 2.599678 hargrave 2021-03-25 23:29:11 
AF  30 298.6  34.8 298.6  34.8 4.10E-03 000.5 120.3  30.3 2.021738 1.143243 2.572426 hargrave 2021-03-25 23:30:31 
AF  40 298.6  34.8 298.6  34.8 4.10E-03 000.5 120.3  30.3 1.974329 1.110899 2.556918 hargrave 2021-03-25 23:31:50 
AF  50 298.6  34.7 298.6  34.7 4.09E-03 000.5 120.3  30.3 1.941038 1.111013 2.581921 hargrave 2021-03-25 23:33:09 
AF  60 298.6  34.7 298.6  34.7 4.09E-03 000.5 120.2  30.3 1.965814 1.109981 2.578492 hargrave 2021-03-25 23:35:19 
AF  70 298.7  34.7 298.7  34.7 4.07E-03 000.5 120.2  30.3 1.890262 1.118899 2.578037 hargrave 2021-03-25 23:36:38 
AF  80 298.7  34.6 298.7  34.6 4.06E-03 000.5 120.1  30.3 1.860909 1.115308 2.561921 hargrave 2021-03-25 23:37:58 
AF  90 298.7  34.5 298.7  34.5 4.05E-03 000.5 120.1  30.2 2.047969 2.031574 2.521578 hargrave 2021-03-25 23:39:17 
AF 100 298.7  34.6 298.7  34.6 4.02E-03 000.5 120.1  30.3 1.982053 1.116031 2.538767 hargrave 2021-03-25 23:40:37 
AF 120 298.7  34.5 298.7  34.5 3.97E-03 000.5 120.0  30.3 1.825237 1.067982 2.477286 hargrave 2021-03-25 23:41:57 
AF 140 298.7  34.4 298.7  34.4 3.91E-03 000.5 119.9  30.3 1.892198 1.091480 2.453702 hargrave 2021-03-25 23:43:18 
AF 160 298.7  34.3 298.7  34.3 3.84E-03 000.5 119.8  30.3 1.865424 1.026459 2.395084 hargrave 2021-03-25 23:45:27 
AF 180 298.7  34.3 298.7  34.3 3.75E-03 000.4 119.7  30.3 1.700161 0.965056 2.333084 hargrave 2021-03-25 23:46:47 
AF 200 298.6  34.2 298.6  34.2 3.62E-03 000.5 119.6  30.3 1.746696 0.947759 2.278861 hargrave 2021-03-25 23:48:07 
AF 250 298.7  34.1 298.7  34.1 3.21E-03 000.5 119.5  30.3 1.468354 0.770100 2.105985 hargrave 2021-03-25 23:49:27 
AF 300 298.6  34.0 298.6  34.0 2.72E-03 000.4 119.5  30.3 1.197288 0.647793 1.726980 hargrave 2021-03-25 23:50:47 
AF 350 298.7  34.0 298.7  34.0 2.29E-03 000.5 119.5  30.2 1.104785 0.562426 1.448474 hargrave 2021-03-25 23:52:06 
AF 400 298.7  34.1 298.7  34.1 1.97E-03 000.5 119.5  30.2 0.958472 0.466915 1.235258 hargrave 2021-03-25 23:53:26 
AF 450 298.5  34.1 298.5  34.1 1.74E-03 000.4 119.5  30.4 0.766235 0.401338 1.109825 hargrave 2021-03-25 23:54:46 
AF 500 298.7  34.0 298.7  34.0 1.57E-03 000.5 119.4  30.2 0.729066 0.364351 0.997922 hargrave 2021-03-25 23:56:05 
AF 550 298.8  33.9 298.8  33.9 1.44E-03 000.5 119.3  30.1 0.724341 0.315886 0.917387 hargrave 2021-03-25 23:57:26 
AF 600 298.7  33.9 298.7  33.9 1.35E-03 000.5 119.3  30.2 0.609389 0.341652 0.864685 hargrave 2021-03-25 23:58:46 
AF 650 298.6  33.8 298.6  33.8 1.28E-03 000.4 119.2  30.3 0.551553 0.275084 0.813560 hargrave 2021-03-26 00:00:05 
AF 700 298.6  33.7 298.6  33.7 1.22E-03 000.5 119.1  30.3 0.602385 0.293634 0.790677 hargrave 2021-03-26 00:01:26 
AF 750 298.8  33.6 298.8  33.6 1.18E-03 000.5 119.0  30.2 0.589435 0.279567 0.743854 hargrave 2021-03-26 00:02:46 
AF 800 298.6  33.6 298.6  33.6 1.14E-03 000.5 119.0  30.3 0.551110 0.279454 0.722417 hargrave 2021-03-26 00:04:06 
AF 850 298.7  33.5 298.7  33.5 1.11E-03 000.5 118.8  30.3 0.542994 0.262571 0.695656 hargrave 2021-03-26 00:05:26 
AF 900 298.8  33.4 298.8  33.4 1.08E-03 000.4 118.7  30.1 0.472972 0.238288 0.677051 hargrave 2021-03-26 00:06:47 
AF 950 298.8  33.4 298.8  33.4 1.05E-03 000.4 118.8  30.2 0.473632 0.254271 0.663716 hargrave 2021-03-26 00:08:08 
AF1000 298.7  33.3 298.7  33.3 1.03E-03 000.5 118.6  30.2 0.506476 0.251997 0.664882 hargrave 2021-03-26 00:09:28 
AF1050 298.6  33.4 298.6  33.4 1.01E-03 000.4 118.7  30.3 0.470638 0.235616 0.632653 hargrave 2021-03-26 00:10:50 
AF1100 298.6  33.3 298.6  33.3 9.93E-04 000.5 118.6  30.3 0.510314 0.213139 0.639070 hargrave 2021-03-26 00:12:11 
AF1150 298.7  33.1 298.7  33.1 9.76E-04 000.4 118.4  30.2 0.454118 0.226383 0.610057 hargrave 2021-03-26 00:13:33 
AF1200 298.6  33.1 298.6  33.1 9.60E-04 000.5 118.4  30.3 0.497984 0.223141 0.616949 hargrave 2021-03-26 00:14:54 
AF1250 298.4  33.0 298.4  33.0 9.43E-04 000.5 118.3  30.4 0.481050 0.195400 0.588077 hargrave 2021-03-26 00:16:17 
AF1300 298.6  32.9 298.6  32.9 9.28E-04 000.5 118.1  30.3 0.458954 0.217591 0.596883 hargrave 2021-03-26 00:17:40 
