CF- 58a sun compass orientation
   27.2 320.4  80.0   0.0   0.0   1.0
NRM    268.4  35.8 268.4  35.8 2.84E-04 001.0 133.0  47.0 0.382027 0.102106 0.308102 hargrave 2020-08-30 21:06:52 
NRM    265.8  35.3 265.8  35.3 2.76E-04 000.6 133.8  49.1 0.116667 0.214834 0.181495 hargrave 2020-10-09 14:49:31 
TT 100 266.0  33.6 266.0  33.6 2.70E-04 001.1 131.4  49.7 0.402399 0.271294 0.196838 hargrave 2020-10-13 17:01:18 
NRM200 264.0  30.4 264.0  30.4 2.54E-04 001.2 128.0  52.7 0.381968 0.181107 0.323964 hargrave 2020-10-17 18:02:38 
TT 300 262.2  26.6 262.2  26.6 2.22E-04 002.0 123.2  55.7 0.702636 0.103212 0.280447 hargrave 2020-10-30 15:15:45 
TT 400 259.9  20.7 259.9  20.7 1.74E-04 001.8 114.1  59.7 0.305385 0.407522 0.181530 hargrave 2020-11-15 12:12:35 
TT 450 260.2  20.8 260.2  20.8 1.56E-04 001.0 114.1  59.3 0.101559 0.213078 0.150180 hargrave 2020-11-15 21:33:43 
TT 500 260.2  19.7 260.2  19.7 1.41E-04 001.2 112.1  59.6 0.280539 0.074331 0.091939 hargrave 2020-11-18 20:45:56 
TT 525 262.8  15.7 262.8  15.7 1.33E-04 001.2 103.7  58.0 0.093933 0.229027 0.160484 hargrave 2020-11-22 12:37:25 
TT 550 260.8  17.3 260.8  17.3 1.21E-04 001.4 107.2  59.6 0.173713 0.097635 0.459727 hargrave 2020-11-25 18:15:34 
TT 560 262.0  16.2 262.0  16.2 1.15E-04 000.9 104.8  58.7 0.115387 0.132534 0.077041 hargrave 2020-11-27 15:27:59 
TT 570 260.9  17.5 260.9  17.5 1.08E-04 001.3 107.5  59.4 0.184270 0.146881 0.088433 hargrave 2020-12-09 13:59:30 
TT 580 260.6  15.0 260.6  15.0 1.02E-04 001.4 102.8  60.1 0.227292 0.098880 0.067885 hargrave 2020-12-10 12:33:23 
TT 590 259.8  15.9 259.8  15.9 9.63E-05 001.3 104.7  60.8 0.200280 0.093372 0.063972 hargrave 2020-12-10 21:06:38 
TT 600 260.7  16.4 260.7  16.4 9.46E-05 002.2 105.5  59.9 0.350430 0.086405 0.051467 hargrave 2020-12-11 09:19:16 
TT 610 260.5  13.7 260.5  13.7 8.99E-05 001.0 100.2  60.4 0.131303 0.082981 0.071405 hargrave 2020-12-11 22:33:29 
TT 620 260.8  11.0 260.8  11.0 8.39E-05 000.6 094.7  60.1 0.055546 0.053133 0.059979 hargrave 2020-12-13 23:21:27 
TT 630 259.9  13.1 259.9  13.1 7.94E-05 001.7 099.1  61.0 0.234359 0.040149 0.052536 hargrave 2020-12-14 20:08:49 
TT 640 260.2  10.7 260.2  10.7 7.35E-05 000.9 094.1  60.7 0.110120 0.034845 0.047183 hargrave 2020-12-18 14:56:04 
TT 650 258.9  11.3 258.9  11.3 6.79E-05 001.5 095.3  62.0 0.168974 0.023939 0.053360 hargrave 2020-12-18 20:16:50 
TT 660 259.4  09.5 259.4  09.5 6.39E-05 001.5 091.6  61.4 0.162796 0.015598 0.049323 hargrave 2020-12-19 18:38:16 
TT 664 259.9  10.4 259.9  10.4 5.62E-05 002.1 093.5  61.0 0.206983 0.024057 0.032179 hargrave 2020-12-20 13:28:32 
TT 668 261.7  07.1 261.7  07.1 4.88E-05 000.9 087.1  58.9 0.067875 0.033280 0.052287 hargrave 2020-12-22 13:52:24 
TT 672 258.7  09.7 258.7  09.7 4.30E-05 001.3 091.9  62.1 0.065335 0.081112 0.039186 hargrave 2020-12-29 12:22:46 
TT 674 261.0  05.6 261.0  05.6 4.27E-05 001.9 084.1  59.3 0.135885 0.054827 0.031793 hargrave 2020-12-29 19:44:58 
