CF- 59a sun compass orientation
   27.7  29.9 104.0   0.0   0.0   1.0
NRM    294.0  50.6 294.0  50.6 6.32E-04 000.5 184.2  25.2 0.182564 0.374017 0.327049 hargrave 2020-08-30 21:08:35 
NRM    297.5  49.6 297.5  49.6 5.92E-04 003.6 181.8  26.4 0.135344 3.672520 0.810675 hargrave 2020-10-09 14:50:55 
TT 100 292.8  48.3 292.8  48.3 5.67E-04 001.6 185.3  27.4 0.754238 0.908081 1.029452 hargrave 2020-10-13 17:02:27 
NRM200 291.4  41.5 291.4  41.5 4.57E-04 004.0 187.7  34.0 0.157657 3.133871 0.362167 hargrave 2020-10-17 18:03:59 
TT 300 288.0  35.3 288.0  35.3 3.52E-04 002.3 192.6  39.4 0.210641 1.389531 0.283889 hargrave 2020-10-30 15:17:18 
TT 400 286.7  29.9 286.7  29.9 2.50E-04 002.1 196.1  44.3 0.053010 0.903058 0.245516 hargrave 2020-11-15 12:13:58 
TT 450 283.6  27.3 283.6  27.3 2.19E-04 001.9 201.0  45.8 0.438341 0.523976 0.196356 hargrave 2020-11-15 21:35:06 
TT 500 283.0  26.6 283.0  26.6 1.97E-04 003.4 202.1  46.2 0.550979 1.011447 0.167618 hargrave 2020-11-18 20:47:18 
TT 525 287.1  29.0 287.1  29.0 1.84E-04 000.8 196.0  45.2 0.148210 0.174567 0.163654 hargrave 2020-11-22 12:38:50 
TT 550 282.7  25.1 282.7  25.1 1.75E-04 001.3 203.3  47.4 0.062704 0.356250 0.185827 hargrave 2020-11-25 18:16:57 
TT 560 286.7  26.4 286.7  26.4 1.60E-04 000.5 197.6  47.6 0.054441 0.096074 0.104975 hargrave 2020-11-27 15:29:24 
TT 570 284.3  24.4 284.3  24.4 1.40E-04 000.8 201.8  48.7 0.153940 0.102587 0.071183 hargrave 2020-12-09 14:00:40 
TT 580 280.6  21.2 280.6  21.2 1.28E-04 001.2 208.6  50.0 0.189503 0.199271 0.059629 hargrave 2020-12-10 12:34:29 
TT 590 285.3  21.7 285.3  21.7 1.11E-04 001.5 202.2  51.6 0.206962 0.267348 0.068831 hargrave 2020-12-10 21:07:44 
TT 600 286.4  20.7 286.4  20.7 1.04E-04 000.5 201.2  52.9 0.085000 0.054024 0.043985 hargrave 2020-12-11 09:20:39 
TT 610 288.9  19.4 288.9  19.4 9.48E-05 001.6 198.3  54.9 0.073114 0.258039 0.060967 hargrave 2020-12-11 22:34:53 
TT 620 289.8  21.5 289.8  21.5 8.07E-05 002.1 195.7  53.2 0.073990 0.287661 0.041224 hargrave 2020-12-13 23:22:49 
TT 630 287.3  17.2 287.3  17.2 7.08E-05 000.9 202.2  56.4 0.096846 0.041650 0.050459 hargrave 2020-12-14 20:10:12 
TT 640 287.0  15.5 287.0  15.5 6.12E-05 001.8 203.9  57.9 0.076819 0.181385 0.031615 hargrave 2020-12-18 14:57:27 
TT 650 285.9  14.7 285.9  14.7 5.85E-05 001.0 206.4  58.1 0.043142 0.090194 0.029593 hargrave 2020-12-18 20:18:12 
TT 660 291.0  08.8 291.0  08.8 4.70E-05 001.5 201.7  65.5 0.070948 0.099272 0.032408 hargrave 2020-12-19 18:39:38 
TT 664 292.4  13.4 292.4  13.4 4.06E-05 002.4 195.5  61.6 0.075704 0.152990 0.018435 hargrave 2020-12-20 13:29:55 
TT 668 291.0  10.6 291.0  10.6 3.53E-05 002.6 200.3  63.8 0.079967 0.139344 0.015292 hargrave 2020-12-22 13:53:30 
TT 672 295.2  14.5 295.2  14.5 2.83E-05 001.3 189.5  61.1 0.066629 0.033830 0.015747 hargrave 2020-12-29 12:23:53 
TT 674 294.9  11.2 294.9  11.2 2.61E-05 000.7 191.4  64.3 0.037372 0.020154 0.025757 hargrave 2020-12-29 19:46:06 
