CF- 53a sun compass orientation
     25 355.4  78.0   0.0   0.0   1.0
NRM    304.3  44.7 304.3  44.7 3.45E-04 001.3 142.1  43.4 0.142722 0.814539 0.796651 hargrave 2020-08-30 20:57:36 
NRM    302.4  42.8 302.4  42.8 3.29E-04 000.6 140.9  45.6 0.201898 0.258870 0.173448 hargrave 2020-10-09 14:42:49 
TT 100 302.9  41.8 302.9  41.8 3.22E-04 004.5 139.4  45.8 1.762431 1.849478 0.185360 hargrave 2020-10-13 16:56:28 
TT 200 300.0  39.1 300.0  39.1 2.98E-04 002.3 137.7  49.1 1.006755 0.401237 0.503355 hargrave 2020-10-17 17:56:50 
TT 300 299.3  38.0 299.3  38.0 2.50E-04 002.5 136.7  50.1 0.484514 0.934306 0.303020 hargrave 2020-10-30 15:09:32 
TT 400 298.0  34.7 298.0  34.7 1.94E-04 001.3 133.1  52.7 0.359023 0.073359 0.266423 hargrave 2020-11-15 12:06:47 
TT 450 079.7  78.0 079.7  78.0 7.11E-05 066.1 178.8  00.1 0.212716 8.248344 14.35285 hargrave 2020-11-15 21:27:56 
TT 450 297.8  34.3 297.8  34.3 1.71E-04 002.2 132.6  53.1 0.571291 0.180249 0.241076 hargrave 2020-11-15 22:58:06 
TT 500 298.2  33.5 298.2  33.5 1.51E-04 001.8 131.2  53.2 0.379676 0.265130 0.116975 hargrave 2020-11-18 20:40:06 
TT 525 300.1  31.6 300.1  31.6 1.43E-04 001.4 127.1  52.6 0.321941 0.047520 0.149663 hargrave 2020-11-22 12:31:35 
TT 550 299.2  30.9 299.2  30.9 1.37E-04 001.7 126.5  53.5 0.291501 0.259487 0.081359 hargrave 2020-11-25 18:09:45 
TT 560 299.2  32.3 299.2  32.3 1.26E-04 001.5 128.7  52.9 0.217603 0.238651 0.064574 hargrave 2020-11-27 15:22:12 
TT 570 295.4  34.4 295.4  34.4 1.17E-04 001.9 134.3  54.7 0.349567 0.088667 0.132907 hargrave 2020-12-09 13:54:43 
TT 580 297.4  31.7 297.4  31.7 1.11E-04 001.3 128.9  54.6 0.228408 0.077903 0.099397 hargrave 2020-12-10 12:28:42 
TT 590 114.8  12.1 114.8  12.1 1.03E-04 002.0 231.4 -52.2 0.327656 0.198066 0.045227 hargrave 2020-12-10 21:01:16 
TT 600 298.8  29.7 298.8  29.7 9.67E-05 003.0 124.9  54.3 0.454809 0.190011 0.094173 hargrave 2020-12-11 09:13:29 
TT 610 299.4  28.2 299.4  28.2 8.92E-05 001.9 122.2  54.4 0.282129 0.053031 0.099917 hargrave 2020-12-11 22:26:03 
TT 620 299.0  30.2 299.0  30.2 8.50E-05 000.9 125.7  54.0 0.081401 0.081772 0.071048 hargrave 2020-12-13 23:14:51 
TT 630 299.9  29.4 299.9  29.4 7.87E-05 001.6 123.8  53.6 0.117167 0.169772 0.081525 hargrave 2020-12-14 20:03:02 
TT 640 300.8  31.3 300.8  31.3 7.14E-05 000.9 126.3  52.2 0.094202 0.033315 0.065118 hargrave 2020-12-18 14:50:17 
TT 650 300.9  27.6 300.9  27.6 6.17E-05 000.8 120.5  53.3 0.074270 0.041531 0.046413 hargrave 2020-12-18 20:11:03 
TT 660 299.2  29.9 299.2  29.9 5.32E-05 000.8 125.0  54.0 0.054333 0.056427 0.040404 hargrave 2020-12-19 18:32:29 
TT 664 301.9  25.7 301.9  25.7 4.21E-05 000.9 117.1  53.0 0.047534 0.044642 0.026190 hargrave 2020-12-20 13:21:57 
TT 668 305.5  25.5 305.5  25.5 3.76E-05 002.5 115.6  49.9 0.156714 0.052051 0.020664 hargrave 2020-12-22 13:47:46 
TT 672 304.7  25.8 304.7  25.8 3.20E-05 002.2 116.2  50.5 0.091776 0.084093 0.015710 hargrave 2020-12-29 12:17:26 
TT 674 296.7  33.2 296.7  33.2 2.28E-05 001.7 131.6  54.4 0.071829 0.027805 0.031631 hargrave 2020-12-29 19:40:27 
TT 676 303.5  30.2 303.5  30.2 2.34E-05 001.6 123.3  50.3 0.061368 0.027854 0.011345 hargrave 2021-01-01 13:51:28 
TT 678 305.3  27.5 305.3  27.5 1.09E-05 056.8 118.6  49.6 0.362739 0.665878 0.888928 hargrave 2021-01-01 21:31:37 
TT 678 041.0  18.8 041.0  18.8 6.88E-09 070.3 124.6 -36.0 0.000733 0.001038 0.000856 hargrave 2021-01-02 09:58:14 
