CF- 57a sun compass orientation
   26.9 335.1  71.0   0.0   0.0   1.0
NRM    265.9  50.6 265.9  50.6 4.26E-04 001.7 157.2  54.4 1.046588 0.178952 0.683538 hargrave 2020-08-30 21:05:11 
NRM    262.4  49.7 262.4  49.7 4.11E-04 001.9 159.7  56.3 0.147093 1.278784 0.347021 hargrave 2020-10-09 14:48:08 
TT 100 265.6  46.7 265.6  46.7 4.02E-04 001.6 153.4  57.6 0.658125 0.916969 0.161151 hargrave 2020-10-13 17:00:08 
TT 200 262.2  42.9 262.2  42.9 3.70E-04 002.2 152.5  62.1 1.112815 0.549335 0.652954 hargrave 2020-10-17 18:01:16 
TT 300 259.9  37.2 259.9  37.2 3.17E-04 002.7 147.6  67.7 1.375733 0.404922 0.336222 hargrave 2020-10-30 15:13:58 
TT 400 257.1  33.4 257.1  33.4 2.50E-04 002.5 145.7  72.0 1.016914 0.327858 0.224076 hargrave 2020-11-15 12:11:13 
TT 450 256.0  33.8 256.0  33.8 2.25E-04 001.9 149.0  72.3 0.704260 0.076457 0.182493 hargrave 2020-11-15 21:32:20 
TT 500 257.1  32.8 257.1  32.8 2.01E-04 001.7 144.4  72.5 0.485304 0.349591 0.087237 hargrave 2020-11-18 20:44:32 
TT 525 258.5  31.3 258.5  31.3 1.91E-04 001.3 138.2  72.7 0.361503 0.205946 0.110712 hargrave 2020-11-22 12:36:01 
TT 550 256.0  29.5 256.0  29.5 1.82E-04 001.2 138.9  75.6 0.089726 0.368622 0.081830 hargrave 2020-11-25 18:14:11 
TT 560 252.6  31.5 252.6  31.5 1.73E-04 001.3 152.9  75.8 0.369652 0.132583 0.057379 hargrave 2020-11-27 15:26:37 
TT 570 254.0  29.7 254.0  29.7 1.59E-04 002.0 144.4  76.6 0.536260 0.091781 0.118412 hargrave 2020-12-09 13:58:23 
TT 580 256.6  28.8 256.6  28.8 1.49E-04 002.2 135.2  75.7 0.551229 0.075730 0.099751 hargrave 2020-12-10 12:32:16 
TT 590 255.7  26.9 255.7  26.9 1.39E-04 001.2 131.0  77.4 0.255616 0.104596 0.047636 hargrave 2020-12-10 21:05:31 
TT 600 252.7  25.3 252.7  25.3 1.26E-04 002.8 133.4  80.5 0.594723 0.165438 0.080159 hargrave 2020-12-11 09:17:54 
TT 610 070.2  70.2 070.2  70.2 1.21E-05 082.3 181.7 -00.7 0.057743 2.382898 13.06542 hargrave 2020-12-11 22:31:18 
TT 610 256.9  26.3 256.9  26.3 1.25E-04 002.2 126.2  76.9 0.468175 0.066386 0.057761 hargrave 2020-12-12 20:12:47 
TT 620 256.2  25.5 256.2  25.5 1.14E-04 002.0 124.4  77.8 0.390908 0.061764 0.077235 hargrave 2020-12-13 23:20:04 
TT 630 255.4  26.3 255.4  26.3 1.07E-04 002.3 129.5  78.1 0.424649 0.088523 0.068903 hargrave 2020-12-14 20:07:27 
TT 640 251.8  25.5 251.8  25.5 9.48E-05 001.4 137.7  81.1 0.207924 0.046449 0.159900 hargrave 2020-12-18 14:54:42 
TT 650 253.2  24.5 253.2  24.5 8.85E-05 001.8 127.6  80.7 0.267272 0.034848 0.044690 hargrave 2020-12-18 20:15:28 
TT 660 251.1  25.3 251.1  25.3 7.79E-05 001.7 139.8  81.6 0.218565 0.048687 0.055712 hargrave 2020-12-19 18:36:54 
TT 664 255.4  24.9 255.4  24.9 6.57E-05 001.3 123.7  78.8 0.135983 0.038898 0.038179 hargrave 2020-12-20 13:27:10 
TT 668 251.6  22.8 251.6  22.8 5.96E-05 001.3 123.3  82.8 0.122387 0.051623 0.037577 hargrave 2020-12-22 13:51:17 
TT 672 253.0  23.3 253.0  23.3 5.38E-05 001.0 121.5  81.5 0.069545 0.056432 0.010699 hargrave 2020-12-29 12:21:40 
TT 674 247.3  23.5 247.3  23.5 4.90E-05 000.9 155.6  85.1 0.058599 0.045698 0.020651 hargrave 2020-12-29 19:43:51 
TT 676 244.3  16.1 244.3  16.1 4.83E-05 000.6 345.0  87.1 0.051339 0.015528 0.021081 hargrave 2021-01-01 13:55:00 
TT 678 245.8  20.1 245.8  20.1 4.45E-05 000.4 148.9  88.8 0.029838 0.015137 0.029764 hargrave 2021-01-01 21:35:01 
TT 680 248.9  13.5 248.9  13.5 3.99E-05 001.6 033.8  83.4 0.111077 0.031864 0.036190 hargrave 2021-01-02 15:59:52 
TT 682 247.2  20.6 247.2  20.6 3.80E-05 001.3 128.0  87.5 0.085859 0.014966 0.033881 hargrave 2021-01-03 13:19:14 
TT 685 234.8  19.0 234.8  19.0 1.01E-05 061.6 268.4  80.2 0.004918 0.182504 1.061430 hargrave 2021-01-03 19:38:31 
TT 685 235.4  18.8 235.4  18.8 2.01E-05 003.7 269.8  80.8 0.129149 0.017985 0.004223 hargrave 2021-01-03 20:24:32 
