CF- 56a sun compass orientation
   26.3  20.0  83.0   0.0   0.0   1.0
NRM    286.4  41.0 286.4  41.0 3.16E-04 002.1 184.9  55.9 0.192009 1.148828 0.115881 hargrave 2020-08-30 21:03:34 
NRM    283.0  38.7 283.0  38.7 3.10E-04 002.1 190.3  57.7 0.355672 1.013684 0.436031 hargrave 2020-10-09 14:46:38 
TT 100 283.5  37.5 283.5  37.5 3.03E-04 002.8 190.0  59.0 0.654248 1.288798 0.448046 hargrave 2020-10-13 16:58:58 
TT 200 281.4  32.8 281.4  32.8 2.84E-04 003.1 196.1  63.0 0.563743 1.450952 0.103103 hargrave 2020-10-17 17:59:52 
TT 300 281.6  29.9 281.6  29.9 2.48E-04 002.8 197.9  65.8 0.380024 1.145037 0.097792 hargrave 2020-10-30 15:12:27 
TT 400 277.8  25.9 277.8  25.9 1.99E-04 001.7 210.2  67.8 0.205514 0.552202 0.086642 hargrave 2020-11-15 12:09:47 
TT 450 277.1  25.1 277.1  25.1 1.85E-04 001.9 212.8  68.1 0.311089 0.542116 0.073491 hargrave 2020-11-15 21:30:55 
TT 500 275.1  23.5 275.1  23.5 1.65E-04 001.5 219.3  68.1 0.348749 0.195791 0.164112 hargrave 2020-11-18 20:43:07 
TT 525 277.7  24.1 277.7  24.1 1.60E-04 001.9 213.3  69.2 0.233441 0.436947 0.180635 hargrave 2020-11-22 12:34:36 
TT 550 278.3  24.5 278.3  24.5 1.58E-04 002.1 211.3  69.2 0.254640 0.501929 0.163962 hargrave 2020-11-25 18:12:45 
TT 560 277.9  23.2 277.9  23.2 1.49E-04 003.0 214.4  70.0 0.139946 0.757012 0.138057 hargrave 2020-11-27 15:25:11 
TT 570 276.6  21.0 276.6  21.0 1.34E-04 001.4 221.4  70.9 0.143954 0.292059 0.050339 hargrave 2020-12-09 13:57:12 
TT 580 277.0  21.9 277.0  21.9 1.27E-04 002.1 218.7  70.5 0.186992 0.421955 0.067898 hargrave 2020-12-10 12:31:08 
TT 590 276.9  20.2 276.9  20.2 1.23E-04 001.2 222.7  71.7 0.090181 0.242375 0.054775 hargrave 2020-12-10 21:03:41 
TT 600 276.3  20.7 276.3  20.7 1.16E-04 002.2 222.6  70.9 0.162655 0.413745 0.051295 hargrave 2020-12-11 09:16:29 
TT 610 277.4  21.4 277.4  21.4 1.16E-04 002.1 218.8  71.1 0.141795 0.403964 0.044204 hargrave 2020-12-11 22:29:52 
TT 620 277.8  20.8 277.8  20.8 1.08E-04 002.3 219.4  71.8 0.142190 0.402016 0.046966 hargrave 2020-12-13 23:18:40 
TT 630 277.0  20.4 277.0  20.4 1.03E-04 002.0 221.8  71.6 0.139825 0.329207 0.047341 hargrave 2020-12-14 20:06:01 
TT 640 275.7  20.9 275.7  20.9 9.72E-05 001.8 223.4  70.3 0.054560 0.291142 0.045602 hargrave 2020-12-18 14:53:18 
TT 650 275.4  20.8 275.4  20.8 9.11E-05 001.3 224.3  70.2 0.079125 0.184449 0.054498 hargrave 2020-12-18 20:14:03 
TT 660 276.7  20.2 276.7  20.2 8.01E-05 001.2 223.1  71.6 0.089066 0.149101 0.031847 hargrave 2020-12-19 18:35:29 
TT 664 276.6  19.5 276.6  19.5 7.29E-05 001.6 224.7  72.0 0.066146 0.189527 0.040312 hargrave 2020-12-20 13:24:56 
TT 668 277.4  19.8 277.4  19.8 6.31E-05 001.8 222.4  72.3 0.111501 0.161300 0.024523 hargrave 2020-12-22 13:50:10 
TT 672 277.0  21.9 277.0  21.9 5.50E-05 001.8 218.8  70.5 0.115334 0.118475 0.048462 hargrave 2020-12-29 12:20:32 
TT 674 271.9  22.0 271.9  22.0 5.19E-05 001.8 227.3  67.0 0.074825 0.142071 0.026821 hargrave 2020-12-29 19:42:44 
TT 676 270.1  17.8 270.1  17.8 5.05E-05 002.6 238.9  67.8 0.220881 0.050830 0.034538 hargrave 2021-01-01 13:53:52 
TT 678 274.9  19.6 274.9  19.6 4.70E-05 001.4 227.8  70.7 0.096430 0.076955 0.017460 hargrave 2021-01-01 21:33:50 
TT 680 276.5  18.4 276.5  18.4 3.36E-05 004.4 227.8  72.6 0.214342 0.142501 0.010381 hargrave 2021-01-02 15:58:41 
TT 682 273.5  18.7 273.5  18.7 3.23E-05 002.1 232.2  70.1 0.114679 0.030067 0.022994 hargrave 2021-01-03 13:17:45 
