CF- 54a sun compass orientation
   25.4  10.2  77.0   0.0   0.0   1.0
NRM    268.2  40.3 268.2  40.3 2.32E-04 035.1 198.9  60.8 11.43010 3.921974 21.60328 hargrave 2020-08-30 21:02:00 
NRM    275.5  41.4 275.5  41.4 2.33E-04 030.9 187.4  61.3 11.86172 1.545218 21.83650 hargrave 2020-08-31 09:38:27 
NRM    275.5  40.2 275.5  40.2 4.66E-04 001.3 187.8  62.5 0.884925 0.353890 0.460694 hargrave 2020-08-31 09:48:34 
NRM    269.2  40.5 269.2  40.5 2.24E-04 050.8 197.3  60.9 11.14340 3.476067 20.93264 hargrave 2020-10-09 14:45:09 
NRM    293.7 -25.1 293.7 -25.1 5.62E-09 076.3 019.1  48.9 0.000486 0.000711 0.001701 hargrave 2020-10-09 17:20:22 
TT 100 270.3  41.0 270.3  41.0 3.50E-04 003.7 195.3  60.7 1.929336 0.870602 0.856593 hargrave 2020-10-13 16:57:45 
TT 200 270.2  38.0 270.2  38.0 3.34E-04 002.0 197.8  63.4 0.737356 0.903162 0.220988 hargrave 2020-10-17 17:58:23 
TT 300 276.5  38.0 276.5  38.0 1.52E-04 081.6 186.8  64.8 6.880945 0.826590 14.73641 hargrave 2020-10-30 15:10:58 
TT 300 272.3  37.0 272.3  37.0 3.05E-04 001.9 195.0  65.0 0.335535 0.961632 0.084646 hargrave 2020-10-30 16:44:41 
TT 400 269.0  35.1 269.0  35.1 2.58E-04 001.0 202.6  65.7 0.088742 0.450699 0.108699 hargrave 2020-11-15 12:08:18 
TT 450 269.7  35.2 269.7  35.2 2.37E-04 000.6 201.4  65.8 0.095525 0.227651 0.055901 hargrave 2020-11-15 21:29:27 
TT 500 269.2  33.8 269.2  33.8 2.13E-04 002.2 203.9  67.0 0.776904 0.095678 0.273722 hargrave 2020-11-18 20:41:38 
TT 525 270.2  35.3 270.2  35.3 2.03E-04 001.3 200.4  65.9 0.422975 0.097568 0.166516 hargrave 2020-11-22 12:33:07 
TT 550 270.3  34.6 270.3  34.6 1.96E-04 001.4 201.0  66.6 0.450967 0.108839 0.163118 hargrave 2020-11-25 18:11:17 
TT 560 268.3  34.0 268.3  34.0 1.86E-04 001.8 205.2  66.4 0.223022 0.505614 0.203624 hargrave 2020-11-27 15:23:43 
TT 570 268.5  34.1 268.5  34.1 1.75E-04 000.8 204.7  66.4 0.152564 0.155681 0.089797 hargrave 2020-12-09 13:56:01 
TT 580 269.2  32.6 269.2  32.6 1.68E-04 003.0 205.4  68.0 0.758579 0.414282 0.210371 hargrave 2020-12-10 12:29:56 
TT 590 269.5  33.4 269.5  33.4 1.61E-04 002.0 203.8  67.4 0.463154 0.263726 0.142258 hargrave 2020-12-10 21:02:30 
TT 600 270.0  34.9 270.0  34.9 1.52E-04 000.6 201.1  66.2 0.131217 0.099153 0.051160 hargrave 2020-12-11 09:15:01 
TT 610 271.2  33.8 271.2  33.8 1.46E-04 001.6 199.9  67.6 0.200805 0.356530 0.031764 hargrave 2020-12-11 22:27:34 
TT 620 268.7  33.1 268.7  33.1 1.38E-04 003.2 205.6  67.3 0.378380 0.658778 0.030585 hargrave 2020-12-13 23:16:22 
TT 630 273.1  34.3 273.1  34.3 1.32E-04 004.9 195.7  67.8 0.448238 1.050448 0.041812 hargrave 2020-12-14 20:04:34 
TT 640 269.2  33.3 269.2  33.3 1.24E-04 002.2 204.5  67.4 0.337570 0.318095 0.061899 hargrave 2020-12-18 14:51:49 
TT 650 267.8  32.5 267.8  32.5 1.17E-04 000.9 208.2  67.4 0.124056 0.143467 0.044763 hargrave 2020-12-18 20:12:35 
TT 660 269.3  32.7 269.3  32.7 1.01E-04 001.5 205.1  67.9 0.247327 0.113496 0.042940 hargrave 2020-12-19 18:34:01 
TT 664 271.3  31.5 271.3  31.5 8.32E-05 002.8 202.4  69.8 0.310332 0.248824 0.050172 hargrave 2020-12-20 13:23:29 
TT 668 267.1  30.9 267.1  30.9 7.06E-05 003.6 211.9  68.4 0.375535 0.226264 0.048641 hargrave 2020-12-22 13:48:59 
TT 672 269.6  33.7 269.6  33.7 2.94E-05 049.9 203.2  67.2 1.122715 0.481837 2.899442 hargrave 2020-12-29 12:19:21 
TT 672 265.0  19.9 265.0  19.9 5.18E-09 066.4 242.7  72.8 0.000238 0.000165 0.000720 hargrave 2020-12-29 14:02:17 
TT 672 111.1 -13.7 111.1 -13.7 1.26E-08 027.1 274.8 -78.9 0.000292 0.000402 0.000379 hargrave 2020-12-29 14:23:24 
TT 674 265.7  31.8 265.7  31.8 4.62E-05 003.0 212.9  67.0 0.223930 0.090799 0.017857 hargrave 2020-12-29 19:41:35 
TT 676 272.4  33.8 272.4  33.8 4.46E-05 002.3 197.5  68.0 0.102046 0.153114 0.028283 hargrave 2021-01-01 13:52:42 
TT 678 269.7  33.0 269.7  33.0 4.22E-05 002.1 203.9  67.8 0.148690 0.043418 0.025724 hargrave 2021-01-01 21:32:43 
TT 680 279.9  03.4 279.9  03.4 1.37E-08 079.2 358.0  79.9 0.000432 0.000999 0.002613 hargrave 2021-01-02 15:57:27 
TT 680 259.0 -12.3 259.0 -12.3 1.06E-08 078.1 319.4  56.6 0.000754 0.000629 0.003804 hargrave 2021-01-02 17:11:00 
TT 682 182.1  16.3 182.1  16.3 3.05E-09 077.9 252.2 -03.8 0.000687 0.000846 0.001496 hargrave 2021-01-03 13:16:21 
TT 682 275.8  35.9 275.8  35.9 2.92E-05 007.7 189.1  66.7 0.153901 0.363650 0.025622 hargrave 2021-01-03 14:36:09 
