CF- 61a sun compass orientation
   28.5  27.9  79.0   0.0   0.0   1.0
NRM    299.0  56.9 299.0  56.9 1.00E-03 002.1 179.2  44.1 0.467681 3.571372 0.491913 hargrave 2020-08-30 21:11:59 
NRM    300.6  55.4 300.6  55.4 9.36E-04 001.0 177.8  45.5 0.960154 1.121610 0.672400 hargrave 2020-10-09 14:53:43 
TT 100 302.9  54.6 302.9  54.6 8.83E-04 001.3 175.8  46.3 0.953248 1.609882 0.887070 hargrave 2020-10-13 17:04:48 
NRM200 302.2  48.0 302.2  48.0 7.20E-04 001.7 175.2  52.8 1.458284 1.104748 1.022090 hargrave 2020-10-17 18:06:46 
TT 300 295.9  43.9 295.9  43.9 5.48E-04 000.5 182.7  57.1 0.233655 0.347699 0.205224 hargrave 2020-10-30 15:21:04 
TT 400 295.0  40.9 295.0  40.9 3.88E-04 001.4 184.4  59.9 0.814366 0.254718 0.482295 hargrave 2020-11-15 12:16:50 
TT 450 291.0  39.7 291.0  39.7 3.39E-04 002.3 190.9  60.7 0.577372 1.172709 0.427105 hargrave 2020-11-15 21:37:56 
TT 500 292.9  39.4 292.9  39.4 2.99E-04 002.5 188.0  61.2 0.184491 1.302270 0.096249 hargrave 2020-11-18 20:50:57 
TT 525 294.6  39.9 294.6  39.9 2.74E-04 000.5 185.3  60.9 0.143566 0.160023 0.109340 hargrave 2020-11-22 12:41:41 
TT 550 294.3  38.8 294.3  38.8 2.53E-04 001.7 185.9  62.0 0.123381 0.736748 0.071541 hargrave 2020-11-25 18:20:37 
TT 560 292.4  37.7 292.4  37.7 2.32E-04 001.3 189.5  62.8 0.070254 0.509066 0.091387 hargrave 2020-11-27 15:32:13 
TT 570 295.5  36.9 295.5  36.9 2.05E-04 001.3 184.4  64.0 0.299182 0.306191 0.162356 hargrave 2020-12-09 14:02:55 
TT 580 287.4  35.4 287.4  35.4 1.79E-04 002.6 199.7  63.8 0.333934 0.753750 0.163617 hargrave 2020-12-10 12:36:49 
TT 590 292.4  35.5 292.4  35.5 1.57E-04 001.6 190.7  65.0 0.103178 0.420690 0.072557 hargrave 2020-12-10 21:09:59 
TT 600 294.0  34.9 294.0  34.9 1.42E-04 002.0 187.9  65.8 0.157074 0.458685 0.118117 hargrave 2020-12-11 09:23:30 
TT 610 298.0  32.1 298.0  32.1 1.25E-04 001.2 179.7  68.9 0.223412 0.104047 0.103633 hargrave 2020-12-11 22:37:42 
TT 620 293.8  34.3 293.8  34.3 1.03E-04 002.0 188.5  66.4 0.151198 0.317688 0.114279 hargrave 2020-12-13 23:25:38 
TT 630 298.1  33.8 298.1  33.8 9.07E-05 002.2 179.7  67.2 0.154301 0.293591 0.084855 hargrave 2020-12-14 20:13:01 
TT 640 295.4  25.4 295.4  25.4 7.39E-05 001.9 189.0  75.4 0.097952 0.217698 0.063440 hargrave 2020-12-18 15:00:20 
TT 650 292.7  36.5 292.7  36.5 7.29E-05 002.6 189.7  64.1 0.051020 0.325407 0.067588 hargrave 2020-12-18 20:21:02 
TT 660 300.7  29.2 300.7  29.2 5.96E-05 001.2 172.1  71.6 0.057445 0.105148 0.044097 hargrave 2020-12-19 18:42:29 
TT 664 302.9  30.4 302.9  30.4 5.21E-05 000.9 167.2  70.0 0.042653 0.067154 0.024915 hargrave 2020-12-20 13:33:32 
TT 668 305.8  27.2 305.8  27.2 3.53E-05 008.8 156.6  72.2 0.612021 0.189222 0.421010 hargrave 2020-12-22 13:55:44 
TT 668 302.8  34.2 302.8  34.2 4.11E-05 001.2 169.9  66.4 0.073078 0.040873 0.030273 hargrave 2020-12-22 15:24:18 
TT 672 303.9  25.8 303.9  25.8 3.68E-05 002.1 159.8  74.1 0.030872 0.132387 0.008193 hargrave 2020-12-29 12:26:07 
TT 674 304.3  22.5 304.3  22.5 3.38E-05 001.4 152.9  77.0 0.021481 0.083894 0.013608 hargrave 2020-12-29 19:48:31 
