CF- 66a sun compass orientation
   30.6  17.5 104.0   0.0   0.0   1.0
NRM    292.0  41.0 292.0  41.0 4.88E-04 000.7 175.9  34.9 0.293802 0.292608 0.491921 hargrave 2020-08-30 21:23:07 
NRM    298.2  39.0 298.2  39.0 4.74E-04 001.1 169.7  36.1 0.194783 0.879355 0.263027 hargrave 2020-10-09 15:03:31 
TT 100 291.7  37.5 291.7  37.5 4.55E-04 003.7 175.8  38.3 0.404588 2.874878 0.435243 hargrave 2020-10-13 17:12:59 
TT 200 286.8  33.6 286.8  33.6 4.09E-04 001.7 180.8  42.4 0.793096 0.300476 0.854053 hargrave 2020-10-17 18:17:13 
TT 300 287.6  29.6 287.6  29.6 3.22E-04 001.5 179.8  46.4 0.545491 0.247188 0.612662 hargrave 2020-10-30 15:30:31 
TT 400 290.3  25.0 290.3  25.0 2.27E-04 002.0 175.9  50.9 0.308113 0.645771 0.315814 hargrave 2020-11-15 12:26:31 
TT 450 292.7  24.1 292.7  24.1 2.00E-04 001.0 172.3  51.6 0.228275 0.146094 0.239985 hargrave 2020-11-15 21:48:25 
TT 500 293.8  22.5 293.8  22.5 1.69E-04 001.5 170.3  53.0 0.186874 0.391554 0.062200 hargrave 2020-11-18 21:01:26 
TT 525 291.8  22.3 291.8  22.3 1.54E-04 001.0 173.3  53.4 0.170583 0.230097 0.056114 hargrave 2020-11-22 12:52:11 
TT 550 289.4  23.3 289.4  23.3 1.39E-04 001.6 177.1  52.7 0.156208 0.350104 0.069239 hargrave 2020-11-25 18:30:17 
TT 560 290.6  22.0 290.6  22.0 1.23E-04 000.6 175.2  53.9 0.098685 0.085258 0.045691 hargrave 2020-11-27 15:41:54 
TT 570 291.5  22.2 291.5  22.2 1.08E-04 002.2 173.8  53.6 0.141317 0.391653 0.064953 hargrave 2020-12-09 14:10:52 
TT 580 289.2  21.4 289.2  21.4 9.44E-05 001.3 177.2  54.6 0.107541 0.177662 0.076565 hargrave 2020-12-10 12:46:27 
TT 590 289.9  23.4 289.9  23.4 8.67E-05 002.4 176.3  52.5 0.122912 0.343225 0.031239 hargrave 2020-12-10 21:17:51 
TT 600 289.4  21.5 289.4  21.5 8.03E-05 002.6 177.0  54.4 0.107932 0.340043 0.084811 hargrave 2020-12-11 09:33:59 
TT 610 291.7  24.3 291.7  24.3 7.09E-05 001.5 173.8  51.5 0.117681 0.105206 0.109402 hargrave 2020-12-11 22:48:10 
TT 620 287.0  22.3 287.0  22.3 6.05E-05 001.2 180.8  53.7 0.097556 0.045222 0.076241 hargrave 2020-12-13 23:36:05 
TT 630 290.4  24.7 290.4  24.7 5.75E-05 001.2 175.8  51.2 0.086088 0.048960 0.086325 hargrave 2020-12-14 20:23:29 
TT 640 292.9  22.8 292.9  22.8 4.54E-05 001.1 171.8  52.8 0.080109 0.033668 0.052967 hargrave 2020-12-18 15:10:48 
TT 650 289.1  25.3 289.1  25.3 4.10E-05 001.1 177.7  50.7 0.087974 0.025498 0.040235 hargrave 2020-12-18 20:32:18 
TT 660 281.4  28.8 281.4  28.8 3.16E-05 001.5 187.8  46.8 0.077433 0.039100 0.044743 hargrave 2020-12-19 18:52:58 
TT 664 289.5  28.0 289.5  28.0 2.42E-05 003.4 177.3  47.9 0.054331 0.136450 0.033315 hargrave 2020-12-20 13:43:10 
TT 668 290.5  28.7 290.5  28.7 2.19E-05 003.0 176.1  47.2 0.057928 0.106835 0.021811 hargrave 2020-12-22 14:03:36 
TT 672 275.9  25.8 275.9  25.8 1.51E-05 002.3 196.0  48.6 0.039778 0.049581 0.023110 hargrave 2020-12-29 12:34:50 
TT 674 311.6  20.2 311.6  20.2 1.21E-05 000.9 144.7  48.4 0.016033 0.024996 0.034485 hargrave 2020-12-29 19:56:01 
TT 676 284.1 -01.4 284.1 -01.4 3.92E-06 004.6 195.1  77.0 0.004711 0.029070 0.030716 hargrave 2021-01-01 14:06:48 
TT 678 327.2  29.2 327.2  29.2 1.04E-05 004.0 138.8  32.2 0.041300 0.056544 0.021167 hargrave 2021-01-01 21:46:04 
TT 680 296.2  50.5 296.2  50.5 8.48E-06 009.7 173.9  25.0 0.055192 0.148945 0.008695 hargrave 2021-01-02 16:09:14 
TT 680 307.8  47.5 307.8  47.5 7.52E-06 003.4 164.9  25.9 0.015411 0.041632 0.009214 hargrave 2021-01-02 17:12:13 
TT 682 230.3  50.0 230.3  50.0 3.94E-06 005.9 213.1  08.8 0.018420 0.033558 0.014862 hargrave 2021-01-03 13:30:00 
