CF- 62a sun compass orientation
   28.9  36.8  88.0   0.0   0.0   1.0
NRM    307.3  54.0 307.3  54.0 7.95E-04 000.9 179.6  38.0 0.552099 0.926871 0.703617 hargrave 2020-08-30 21:13:36 
NRM    307.7  52.0 307.7  52.0 7.76E-04 001.6 179.3  40.0 0.672193 1.795605 0.927311 hargrave 2020-10-09 14:55:12 
TT 100 311.2  49.0 311.2  49.0 7.40E-04 001.1 176.1  42.9 1.007079 0.577162 0.869927 hargrave 2020-10-13 17:06:01 
NRM200 301.8  43.8 301.8  43.8 6.41E-04 002.1 185.4  48.0 1.050326 1.914771 0.823558 hargrave 2020-10-17 18:08:14 
TT 300 305.1  39.1 305.1  39.1 5.29E-04 001.4 182.1  52.9 0.536892 1.051774 0.536001 hargrave 2020-10-30 15:22:31 
TT 400 306.6  36.3 306.6  36.3 4.09E-04 001.1 180.3  55.7 0.412057 0.605960 0.321515 hargrave 2020-11-15 12:18:18 
TT 450 303.2  36.2 303.2  36.2 3.72E-04 002.4 185.2  55.6 0.505428 1.417975 0.292173 hargrave 2020-11-15 21:39:24 
TT 500 304.8  35.6 304.8  35.6 3.39E-04 000.4 183.0  56.4 0.125217 0.162219 0.102166 hargrave 2020-11-18 20:52:25 
TT 525 304.8  35.9 304.8  35.9 3.13E-04 002.8 182.9  56.1 0.092186 1.515621 0.093948 hargrave 2020-11-22 12:43:10 
TT 550 301.8  34.7 301.8  34.7 2.98E-04 002.7 187.6  57.0 0.101544 1.396808 0.135966 hargrave 2020-11-25 18:22:05 
TT 560 305.4  35.5 305.4  35.5 2.83E-04 001.4 182.1  56.5 0.114795 0.690386 0.077563 hargrave 2020-11-27 15:33:42 
TT 570 305.2  35.2 305.2  35.2 2.58E-04 001.5 182.4  56.7 0.291533 0.595011 0.179742 hargrave 2020-12-09 14:04:06 
TT 580 302.4  33.9 302.4  33.9 2.38E-04 002.8 186.8  57.8 0.392161 1.064038 0.186129 hargrave 2020-12-10 12:38:03 
TT 590 304.9  35.0 304.9  35.0 2.27E-04 001.5 182.9  57.0 0.150992 0.577775 0.117502 hargrave 2020-12-10 21:11:09 
TT 600 304.2  36.0 304.2  36.0 2.15E-04 001.6 183.7  55.9 0.192028 0.552784 0.166835 hargrave 2020-12-11 09:24:58 
TT 610 306.8  33.8 306.8  33.8 1.94E-04 002.9 180.0  58.2 0.236852 0.930584 0.129016 hargrave 2020-12-11 22:39:10 
TT 620 302.5  31.4 302.5  31.4 1.78E-04 001.3 187.5  60.3 0.181840 0.348036 0.145695 hargrave 2020-12-13 23:27:06 
TT 630 305.4  34.6 305.4  34.6 1.74E-04 000.8 182.1  57.4 0.183891 0.112833 0.133503 hargrave 2020-12-14 20:14:29 
TT 640 306.9  34.1 306.9  34.1 1.58E-04 000.6 179.9  57.9 0.081619 0.144027 0.055392 hargrave 2020-12-18 15:01:49 
TT 650 306.7  35.7 306.7  35.7 1.50E-04 000.9 180.2  56.3 0.078497 0.210175 0.068123 hargrave 2020-12-18 20:22:30 
TT 660 306.5  35.7 306.5  35.7 1.28E-04 000.5 180.5  56.3 0.089198 0.081465 0.047341 hargrave 2020-12-19 18:43:56 
TT 664 311.4  34.7 311.4  34.7 1.15E-04 000.5 173.0  57.0 0.057677 0.084525 0.033058 hargrave 2020-12-20 13:35:00 
TT 668 307.0  36.4 307.0  36.4 9.90E-05 000.8 179.7  55.6 0.090074 0.124304 0.038003 hargrave 2020-12-22 13:56:55 
TT 672 304.9  34.4 304.9  34.4 8.73E-05 001.7 182.9  57.6 0.128101 0.226239 0.044778 hargrave 2020-12-29 12:27:19 
TT 674 309.8  36.9 309.8  36.9 8.06E-05 002.9 175.8  55.0 0.106881 0.388385 0.025184 hargrave 2020-12-29 19:50:00 
