CF- 68a sun compass orientation
   31.3  57.6  95.0   0.0   0.0   1.0
NRM    304.5  52.5 304.5  52.5 1.07E-03 000.7 195.9  29.3 0.677711 0.797470 0.772119 hargrave 2020-10-09 15:06:25 
TT 100 300.8  50.2 300.8  50.2 9.63E-04 001.0 199.5  30.1 1.006432 1.232320 0.665025 hargrave 2020-10-13 17:15:22 
NRM200 297.5  43.0 297.5  43.0 7.41E-04 002.6 206.5  34.8 0.760420 2.355502 2.336260 hargrave 2020-10-17 18:20:05 
TT 300 290.2  33.8 290.2  33.8 5.34E-04 001.6 219.5  37.5 0.164685 1.224696 0.814655 hargrave 2020-10-30 15:33:45 
TT 400 289.8  30.2 289.8  30.2 3.68E-04 002.1 223.3  39.5 0.435920 1.116704 0.643184 hargrave 2020-11-15 12:29:25 
TT 450 288.9  27.8 288.9  27.8 3.15E-04 001.8 226.5  40.3 0.757216 0.127618 0.615498 hargrave 2020-11-15 21:51:20 
TT 500 289.8  28.3 289.8  28.3 2.82E-04 002.2 225.4  40.7 0.845401 0.631208 0.220615 hargrave 2020-11-18 21:04:21 
TT 525 290.8  28.9 290.8  28.9 2.59E-04 002.9 224.0  41.0 0.885701 0.939766 0.133181 hargrave 2020-11-22 12:55:06 
TT 550 295.3  34.0 295.3  34.0 2.46E-04 001.1 215.7  40.5 0.275831 0.364576 0.124326 hargrave 2020-11-25 18:33:11 
TT 560 289.4  30.0 289.4  30.0 2.30E-04 001.3 223.9  39.4 0.227711 0.400744 0.219641 hargrave 2020-11-27 15:44:47 
TT 570 290.1  31.2 290.1  31.2 1.99E-04 001.5 222.1  39.1 0.426485 0.132038 0.286560 hargrave 2020-12-09 14:13:11 
TT 580 290.4  29.4 290.4  29.4 1.90E-04 001.9 223.8  40.4 0.522643 0.254166 0.257477 hargrave 2020-12-10 12:48:51 
TT 590 290.8  30.4 290.8  30.4 1.77E-04 001.5 222.4  40.1 0.216837 0.359256 0.201505 hargrave 2020-12-10 21:20:09 
TT 600 291.8  29.2 291.8  29.2 1.49E-04 001.2 223.0  41.5 0.102301 0.213170 0.225871 hargrave 2020-12-11 09:36:53 
TT 610 289.7  28.1 289.7  28.1 1.36E-04 001.6 225.6  40.7 0.303940 0.107799 0.219760 hargrave 2020-12-11 22:51:02 
TT 620 287.8  26.8 287.8  26.8 1.17E-04 001.6 228.4  40.1 0.067085 0.252258 0.204807 hargrave 2020-12-13 23:38:58 
TT 630 284.8  28.6 284.8  28.6 1.00E-04 002.6 228.2  36.9 0.373583 0.190963 0.188523 hargrave 2020-12-14 20:26:24 
TT 640 292.3  23.9 292.3  23.9 8.28E-05 002.1 228.4  45.0 0.254643 0.100484 0.144354 hargrave 2020-12-18 15:13:42 
TT 650 286.2  23.6 286.2  23.6 8.51E-05 001.3 232.9  40.5 0.130044 0.080415 0.145077 hargrave 2020-12-18 20:35:12 
TT 660 289.9  29.6 289.9  29.6 6.18E-05 003.2 224.0  40.0 0.180542 0.274557 0.109980 hargrave 2020-12-19 18:55:51 
TT 664 292.4  25.3 292.4  25.3 5.47E-05 001.7 226.8  44.3 0.084730 0.113694 0.091954 hargrave 2020-12-20 13:46:02 
TT 668 295.9  24.8 295.9  24.8 4.49E-05 004.6 224.6  47.1 0.234243 0.269848 0.053979 hargrave 2020-12-22 14:05:55 
TT 672 286.5  24.9 286.5  24.9 3.80E-05 002.6 231.2  40.1 0.151028 0.060568 0.067702 hargrave 2020-12-29 12:37:09 
TT 674 295.7  20.6 295.7  20.6 2.42E-05 001.3 229.6  49.6 0.038024 0.023883 0.046177 hargrave 2020-12-29 19:58:27 
