CF- 69a sun compass orientation
   31.9  25.6  74.0   0.0   0.0   1.0
NRM    295.2  65.7 295.2  65.7 1.34E-03 001.0 180.2  40.3 0.635946 1.850635 1.301728 hargrave 2020-10-09 15:07:57 
TT 100 303.6  63.0 303.6  63.0 1.20E-03 001.9 175.1  42.7 1.812483 3.297135 1.213383 hargrave 2020-10-13 17:16:38 
TT 200 303.4  59.9 303.4  59.9 1.03E-03 001.8 174.4  45.7 1.620306 2.564199 1.157605 hargrave 2020-10-17 18:21:35 
TT 300 294.1  54.3 294.1  54.3 7.30E-04 003.3 181.4  51.7 0.757706 4.150938 0.658944 hargrave 2020-10-30 15:35:16 
TT 400 291.2  49.9 291.2  49.9 4.63E-04 001.3 185.1  55.9 0.704263 0.547751 0.598915 hargrave 2020-11-15 12:30:57 
TT 450 293.7  49.8 293.7  49.8 3.87E-04 001.1 182.2  56.1 0.508231 0.293847 0.442491 hargrave 2020-11-15 21:52:51 
TT 500 293.5  49.9 293.5  49.9 3.33E-04 001.3 182.4  56.1 0.338957 0.654716 0.164402 hargrave 2020-11-18 21:05:52 
TT 525 294.2  49.7 294.2  49.7 3.09E-04 000.6 181.7  56.3 0.197054 0.262250 0.134583 hargrave 2020-11-22 12:57:27 
TT 550 293.7  51.4 293.7  51.4 2.93E-04 000.9 182.1  54.6 0.295359 0.285026 0.161384 hargrave 2020-11-25 18:35:33 
TT 560 294.7  48.3 294.7  48.3 2.69E-04 000.6 181.1  57.7 0.162823 0.196787 0.084615 hargrave 2020-11-27 15:46:18 
TT 570 294.3  47.8 294.3  47.8 2.26E-04 001.2 181.6  58.2 0.191342 0.434604 0.141137 hargrave 2020-12-09 14:14:24 
TT 580 293.3  48.9 293.3  48.9 2.08E-04 000.7 182.8  57.1 0.084441 0.214555 0.085451 hargrave 2020-12-10 12:50:54 
TT 590 291.3  47.7 291.3  47.7 1.83E-04 000.9 185.5  58.1 0.263368 0.135671 0.075880 hargrave 2020-12-10 21:22:04 
TT 600 295.0  46.5 295.0  46.5 1.67E-04 000.7 180.8  59.5 0.101491 0.175698 0.053534 hargrave 2020-12-11 09:39:14 
TT 610 288.2  45.7 288.2  45.7 1.33E-04 001.9 190.3  59.7 0.114491 0.435299 0.060107 hargrave 2020-12-11 22:52:34 
TT 620 289.7  47.6 289.7  47.6 1.11E-04 000.8 187.5  58.0 0.108698 0.099944 0.069873 hargrave 2020-12-13 23:41:19 
TT 630 297.3  44.2 297.3  44.2 8.82E-05 001.4 177.5  61.8 0.093630 0.189732 0.053731 hargrave 2020-12-14 20:27:55 
TT 640 301.8  41.5 301.8  41.5 7.20E-05 001.0 169.4  64.0 0.082108 0.106079 0.029476 hargrave 2020-12-18 15:15:14 
TT 650 294.1  48.7 294.1  48.7 7.32E-05 000.7 181.8  57.3 0.083462 0.058081 0.046850 hargrave 2020-12-18 20:36:43 
TT 660 308.3  40.8 308.3  40.8 5.82E-05 001.0 158.7  62.9 0.091021 0.065471 0.025974 hargrave 2020-12-19 18:58:12 
TT 664 311.5  38.9 311.5  38.9 5.19E-05 002.1 151.8  63.2 0.103997 0.164608 0.022065 hargrave 2020-12-20 13:47:33 
TT 668 309.4  41.6 309.4  41.6 3.80E-05 001.9 157.8  61.8 0.107769 0.081093 0.011903 hargrave 2020-12-22 14:07:08 
TT 672 289.0  49.3 289.0  49.3 3.40E-05 002.1 187.8  56.3 0.058456 0.113373 0.022898 hargrave 2020-12-29 12:39:04 
TT 674 305.0  18.0 305.0  18.0 1.85E-05 000.9 103.9  80.8 0.011945 0.033062 0.038255 hargrave 2020-12-29 19:59:40 
TT 676 297.3  08.8 297.3  08.8 1.52E-05 000.7 012.9  82.6 0.010321 0.014453 0.018324 hargrave 2021-01-01 14:10:20 
TT 678 343.6  55.2 343.6  55.2 1.07E-05 003.2 148.2  36.4 0.021267 0.057817 0.008729 hargrave 2021-01-01 21:49:36 
TT 680 225.1  41.5 225.1  41.5 8.81E-06 004.8 231.1  25.0 0.060564 0.040940 0.021227 hargrave 2021-01-02 16:15:27 
TT 682 030.8  71.6 030.8  71.6 9.76E-06 001.2 161.1  13.5 0.021425 0.017073 0.007867 hargrave 2021-01-03 13:36:26 
