CF- 63a sun compass orientation
   29.3  27.0  77.0   0.0   0.0   1.0
NRM    302.3  61.8 302.3  61.8 7.22E-04 000.7 176.7  41.0 0.311809 0.710431 0.351336 hargrave 2020-08-30 21:15:09 
NRM    297.5  61.1 297.5  61.1 6.76E-04 001.3 179.7  41.9 0.224070 1.522620 0.437661 hargrave 2020-10-09 14:56:44 
TT 100 296.5  59.0 296.5  59.0 6.22E-04 002.1 180.4  43.9 0.602384 2.110991 0.492465 hargrave 2020-10-13 17:07:18 
TT 200 297.0  53.4 297.0  53.4 5.09E-04 003.6 180.0  49.6 0.640065 3.139112 0.508178 hargrave 2020-10-17 18:09:45 
TT 300 291.3  49.1 291.3  49.1 3.79E-04 002.1 186.3  53.6 0.236189 1.352203 0.344846 hargrave 2020-10-30 15:24:03 
TT 400 290.9  44.5 290.9  44.5 2.48E-04 003.1 188.3  58.1 0.542401 1.213654 0.236545 hargrave 2020-11-15 12:19:50 
TT 450 285.7  42.5 285.7  42.5 2.20E-04 001.1 196.2  58.9 0.332779 0.066636 0.276532 hargrave 2020-11-15 21:40:56 
TT 500 286.3  40.9 286.3  40.9 1.96E-04 000.9 196.5  60.5 0.086248 0.293812 0.080805 hargrave 2020-11-18 20:53:57 
TT 525 287.8  39.9 287.8  39.9 1.77E-04 001.6 195.1  61.9 0.074809 0.484476 0.073717 hargrave 2020-11-22 12:44:42 
TT 550 286.6  40.0 286.6  40.0 1.58E-04 001.5 196.9  61.5 0.098404 0.406212 0.088959 hargrave 2020-11-25 18:23:37 
TT 560 284.3  38.5 284.3  38.5 1.38E-04 000.7 201.6  62.1 0.088811 0.134246 0.048526 hargrave 2020-11-27 15:35:12 
TT 570 292.5  35.7 292.5  35.7 1.25E-04 000.8 189.4  67.0 0.139507 0.093075 0.051546 hargrave 2020-12-09 14:05:24 
TT 580 285.6  32.8 285.6  32.8 1.13E-04 002.1 205.8  67.6 0.146406 0.385927 0.037351 hargrave 2020-12-10 12:40:08 
TT 590 278.7  32.1 278.7  32.1 1.10E-04 001.1 218.3  64.6 0.153518 0.145447 0.035668 hargrave 2020-12-10 21:12:23 
TT 600 287.4  32.7 287.4  32.7 9.00E-05 001.0 202.5  68.4 0.076375 0.130624 0.031926 hargrave 2020-12-11 09:26:29 
TT 610 285.0  30.5 285.0  30.5 7.99E-05 001.0 210.6  69.3 0.097762 0.098916 0.042474 hargrave 2020-12-11 22:40:42 
TT 620 284.7  29.3 284.7  29.3 6.58E-05 001.5 213.2  70.1 0.140870 0.100683 0.032466 hargrave 2020-12-13 23:28:37 
TT 630 288.2  34.1 288.2  34.1 5.57E-05 001.0 199.4  67.5 0.089659 0.041613 0.023574 hargrave 2020-12-14 20:16:00 
TT 640 284.2  26.4 284.2  26.4 5.16E-05 001.3 219.9  72.0 0.094162 0.071361 0.029384 hargrave 2020-12-18 15:03:20 
TT 650 287.9  44.7 287.9  44.7 2.12E-05 062.6 192.1  57.4 1.196583 0.258256 1.908395 hargrave 2020-12-18 20:24:50 
TT 650 286.3  44.4 286.3  44.4 4.15E-05 002.9 194.2  57.3 0.076805 0.194551 0.017122 hargrave 2020-12-19 14:36:51 
TT 660 269.4  44.6 269.4  44.6 2.83E-05 003.2 211.3  50.6 0.091100 0.134092 0.038133 hargrave 2020-12-19 18:45:28 
TT 664 262.3  46.5 262.3  46.5 2.63E-05 001.8 214.1  45.6 0.076380 0.050020 0.020004 hargrave 2020-12-20 13:36:32 
TT 668 278.0  42.9 278.0  42.9 1.79E-05 003.4 205.2  55.9 0.048386 0.094565 0.032355 hargrave 2020-12-22 13:58:09 
TT 672 261.1  51.0 261.1  51.0 2.17E-05 003.2 209.9  42.1 0.058307 0.112413 0.015539 hargrave 2020-12-29 12:28:33 
TT 674 274.2  54.5 274.2  54.5 1.80E-05 002.1 198.5  44.8 0.059608 0.051789 0.011074 hargrave 2020-12-29 19:51:16 
TT 676 240.5  29.7 240.5  29.7 1.40E-05 003.5 242.6  35.3 0.046900 0.091213 0.081511 hargrave 2021-01-01 14:01:52 
