CF- 78a mag compass orientation (IGRF corrected)
     35  22.5  89.0   0.0   0.0   1.0
NRM    291.6  33.1 291.6  33.1 5.40E-04 003.2 181.5  57.9 0.683699 2.928164 0.385431 hargrave 2020-10-09 15:23:40 
TT 100 292.1  33.5 292.1  33.5 5.23E-04 003.0 180.6  57.5 0.227059 2.712785 0.285022 hargrave 2020-10-13 17:30:27 
NRM200 289.6  28.9 289.6  28.9 4.70E-04 002.1 185.4  62.0 1.585142 0.239557 0.726540 hargrave 2020-10-17 18:39:31 
TT 300 288.7  26.0 288.7  26.0 3.87E-04 002.4 188.0  64.7 1.244847 0.799801 0.603097 hargrave 2020-10-30 15:51:30 
TT 400 286.4  22.2 286.4  22.2 2.91E-04 002.5 195.2  68.0 0.897530 0.811621 0.416956 hargrave 2020-11-15 12:46:36 
TT 450 287.2  22.1 287.2  22.1 2.61E-04 002.5 193.3  68.3 1.045258 0.123869 0.383806 hargrave 2020-11-15 22:10:57 
TT 500 285.5  21.8 285.5  21.8 2.33E-04 001.2 197.7  68.1 0.370585 0.268723 0.164401 hargrave 2020-11-18 21:22:16 
TT 525 286.7  20.8 286.7  20.8 2.25E-04 001.3 195.5  69.4 0.451525 0.138675 0.169507 hargrave 2020-11-22 13:15:41 
TT 550 286.1  19.9 286.1  19.9 2.21E-04 003.4 198.1  70.1 0.096646 1.294964 0.149995 hargrave 2020-11-25 18:52:51 
TT 560 286.9  21.7 286.9  21.7 2.03E-04 001.1 194.4  68.6 0.361029 0.094006 0.142536 hargrave 2020-11-27 16:01:55 
TT 570 287.8  20.1 287.8  20.1 1.82E-04 002.1 193.2  70.3 0.517223 0.344867 0.222167 hargrave 2020-12-09 14:27:51 
TT 580 285.0  19.5 285.0  19.5 1.71E-04 002.5 201.2  70.1 0.428949 0.590792 0.206027 hargrave 2020-12-10 13:03:57 
TT 590 283.8  20.3 283.8  20.3 1.59E-04 002.6 203.2  68.9 0.393098 0.573111 0.180310 hargrave 2020-12-10 21:35:24 
TT 600 285.7  21.4 285.7  21.4 1.38E-04 002.7 197.6  68.6 0.275291 0.549838 0.204031 hargrave 2020-12-11 09:56:28 
TT 610 286.5  18.3 286.5  18.3 1.35E-04 002.5 198.5  71.8 0.404074 0.404067 0.173545 hargrave 2020-12-11 23:09:41 
TT 620 286.0  19.1 286.0  19.1 1.18E-04 002.7 199.1  70.8 0.337423 0.406201 0.162721 hargrave 2020-12-13 23:58:34 
TT 630 283.8  18.4 283.8  18.4 1.11E-04 002.6 205.7  70.6 0.314068 0.379750 0.154760 hargrave 2020-12-14 20:44:20 
TT 640 286.6  17.0 286.6  17.0 1.02E-04 001.9 199.5  73.0 0.287531 0.143362 0.113433 hargrave 2020-12-18 15:34:04 
TT 650 283.8  16.3 283.8  16.3 9.44E-05 002.1 208.9  72.4 0.247829 0.202133 0.126175 hargrave 2020-12-18 20:54:44 
TT 660 285.7  16.8 285.7  16.8 8.38E-05 002.6 202.8  72.9 0.174498 0.319598 0.099302 hargrave 2020-12-19 19:16:15 
TT 664 282.9  15.4 282.9  15.4 7.20E-05 002.4 213.0  72.8 0.119777 0.265244 0.083582 hargrave 2020-12-20 14:03:53 
TT 668 282.6  22.0 282.6  22.0 5.34E-05 007.8 203.9  66.9 0.345924 0.171997 1.080973 hargrave 2020-12-22 14:19:52 
TT 672 281.0  17.0 281.0  17.0 5.31E-05 002.2 214.5  70.4 0.060994 0.182379 0.062113 hargrave 2020-12-29 12:53:11 
TT 674 287.5  14.8 287.5  14.8 4.86E-05 002.2 199.4  75.4 0.062324 0.171169 0.047779 hargrave 2020-12-29 20:12:34 
