CF- 71a sun compass orientation
   32.6  30.4  80.0   0.0   0.0   1.0
NRM    166.8 -33.7 166.8 -33.7 6.57E-04 002.3 306.6 -41.4 2.122301 1.550072 0.420257 hargrave 2020-10-09 15:10:57 
TT 100 163.3 -30.2 163.3 -30.2 6.19E-04 001.0 303.2 -45.3 0.924986 0.428215 0.619064 hargrave 2020-10-13 17:19:06 
TT 200 157.0 -29.2 157.0 -29.2 5.57E-04 001.4 304.6 -50.8 1.270037 0.509397 0.226870 hargrave 2020-10-17 18:24:33 
TT 300 151.3 -23.9 151.3 -23.9 4.43E-04 002.7 299.2 -57.4 1.900199 0.782887 0.146769 hargrave 2020-10-30 15:38:16 
TT 400 147.9 -21.2 147.9 -21.2 3.26E-04 002.2 296.2 -61.3 1.126670 0.576980 0.122023 hargrave 2020-11-15 12:33:58 
TT 450 146.1 -20.7 146.1 -20.7 2.86E-04 002.2 296.4 -63.1 1.005149 0.498456 0.119342 hargrave 2020-11-15 21:55:51 
TT 500 144.5 -19.2 144.5 -19.2 2.53E-04 000.6 294.4 -64.9 0.147519 0.189543 0.148077 hargrave 2020-11-18 21:08:52 
TT 525 146.5 -17.4 146.5 -17.4 2.39E-04 000.6 289.2 -63.6 0.228251 0.091172 0.082477 hargrave 2020-11-22 13:00:27 
TT 550 145.2 -18.5 145.2 -18.5 2.26E-04 001.5 292.3 -64.5 0.569282 0.061551 0.166496 hargrave 2020-11-25 18:38:32 
TT 560 144.7 -17.1 144.7 -17.1 2.16E-04 001.2 289.4 -65.4 0.347875 0.256072 0.136724 hargrave 2020-11-27 15:49:18 
TT 570 144.3 -15.2 144.3 -15.2 1.90E-04 001.5 285.0 -66.1 0.457052 0.148162 0.078966 hargrave 2020-12-09 14:16:48 
TT 580 144.3 -14.5 144.3 -14.5 1.82E-04 001.3 283.4 -66.2 0.380147 0.126951 0.054877 hargrave 2020-12-10 12:53:17 
TT 590 145.1 -11.3 145.1 -11.3 1.51E-04 002.1 275.4 -65.7 0.539412 0.102654 0.063372 hargrave 2020-12-10 21:24:26 
TT 600 143.8 -15.2 143.8 -15.2 1.49E-04 001.7 285.3 -66.6 0.441891 0.086971 0.044878 hargrave 2020-12-11 09:42:13 
TT 610 141.8 -15.0 141.8 -15.0 1.37E-04 002.6 285.6 -68.6 0.594681 0.215541 0.066916 hargrave 2020-12-11 22:55:31 
TT 620 142.7 -10.9 142.7 -10.9 1.24E-04 000.5 274.4 -68.0 0.089461 0.040666 0.048088 hargrave 2020-12-13 23:44:17 
TT 630 142.7 -07.4 142.7 -07.4 1.04E-04 001.1 265.2 -67.8 0.180260 0.071184 0.048090 hargrave 2020-12-14 20:30:53 
TT 640 140.9 -08.4 140.9 -08.4 8.93E-05 001.7 267.3 -69.7 0.258577 0.039979 0.043679 hargrave 2020-12-18 15:18:12 
TT 650 140.5 -08.4 140.5 -08.4 8.62E-05 001.0 267.0 -70.1 0.150088 0.041948 0.038507 hargrave 2020-12-18 20:39:42 
TT 660 139.3 -04.6 139.3 -04.6 7.57E-05 000.9 255.1 -70.5 0.087710 0.071851 0.033612 hargrave 2020-12-19 19:01:10 
TT 664 139.2 -03.9 139.2 -03.9 6.82E-05 001.3 253.1 -70.4 0.137353 0.080611 0.033017 hargrave 2020-12-20 13:50:32 
TT 668 135.9 -08.0 135.9 -08.0 6.14E-05 001.4 264.0 -74.5 0.142959 0.063660 0.037915 hargrave 2020-12-22 14:09:34 
TT 672 141.4 -00.1 141.4 -00.1 5.40E-05 002.0 245.8 -66.9 0.169465 0.090599 0.024559 hargrave 2020-12-29 12:41:31 
TT 674 137.6 -06.1 137.6 -06.1 4.18E-05 000.9 258.5 -72.5 0.054738 0.025442 0.037863 hargrave 2020-12-29 20:01:59 
TT 676 139.5 -02.0 139.5 -02.0 3.86E-05 000.7 248.4 -69.4 0.043260 0.019155 0.025142 hargrave 2021-01-01 14:12:45 
TT 678 143.6  01.7 143.6  01.7 2.78E-05 000.9 244.4 -64.1 0.038487 0.017551 0.036714 hargrave 2021-01-01 21:52:15 
TT 680 141.8  03.5 141.8  03.5 2.25E-05 000.9 238.6 -64.8 0.033437 0.012514 0.011082 hargrave 2021-01-02 16:17:54 
TT 682 144.8  05.4 144.8  05.4 1.44E-05 001.6 238.8 -61.2 0.033956 0.021071 0.006075 hargrave 2021-01-03 13:39:40 
TT 685 185.4 -27.0 185.4 -27.0 6.00E-06 002.0 295.3 -26.7 0.014921 0.016250 0.002609 hargrave 2021-01-03 19:51:39 
