CF- 73a mag compass orientation (IGRF corrected)
   33.3  31.5  85.0   0.0   0.0   1.0
NRM    306.9  56.1 306.9  56.1 1.67E-03 002.5 176.2  38.8 1.223746 7.176382 0.879266 hargrave 2020-10-09 15:13:56 
TT 100 305.8  54.4 305.8  54.4 1.48E-03 000.6 176.7  40.4 1.027637 0.546368 0.951941 hargrave 2020-10-13 17:21:34 
TT 200 295.5  46.9 295.5  46.9 1.10E-03 002.0 186.1  47.8 2.922794 0.983668 2.195423 hargrave 2020-10-17 18:28:17 
TT 300 294.7  40.0 294.7  40.0 8.01E-04 001.7 189.0  54.5 1.961092 0.656809 1.170734 hargrave 2020-10-30 15:41:28 
TT 400 291.1  35.6 291.1  35.6 5.35E-04 001.7 196.1  57.9 1.342418 0.220490 0.771869 hargrave 2020-11-15 12:36:55 
TT 450 290.6  34.9 290.6  34.9 4.51E-04 001.5 197.2  58.5 0.972154 0.259542 0.621880 hargrave 2020-11-15 21:59:37 
TT 500 287.9  33.2 287.9  33.2 4.00E-04 000.6 202.6  59.1 0.286308 0.271175 0.162657 hargrave 2020-11-18 21:11:49 
TT 525 290.1  35.2 290.1  35.2 3.66E-04 000.6 197.7  58.0 0.225158 0.241086 0.164733 hargrave 2020-11-22 13:04:14 
TT 550 287.7  35.5 287.7  35.5 3.48E-04 001.8 200.9  56.9 0.427379 0.983073 0.106351 hargrave 2020-11-25 18:42:19 
TT 560 288.6  33.8 288.6  33.8 3.37E-04 001.2 200.9  58.8 0.162169 0.655085 0.112311 hargrave 2020-11-27 15:52:14 
TT 570 291.3  34.6 291.3  34.6 2.87E-04 001.1 196.4  58.9 0.416445 0.185434 0.285249 hargrave 2020-12-09 14:19:51 
TT 580 290.5  33.8 290.5  33.8 2.70E-04 001.3 198.1  59.5 0.487180 0.339598 0.226147 hargrave 2020-12-10 12:55:46 
TT 590 287.1  32.5 287.1  32.5 2.42E-04 001.8 204.4  59.4 0.237036 0.707001 0.116786 hargrave 2020-12-10 21:26:47 
TT 600 291.1  33.0 291.1  33.0 2.32E-04 001.3 197.8  60.3 0.409712 0.201507 0.240627 hargrave 2020-12-11 09:46:00 
TT 610 289.5  31.7 289.5  31.7 1.87E-04 001.6 201.3  61.0 0.449742 0.107700 0.240778 hargrave 2020-12-11 22:59:16 
TT 620 285.6  29.5 285.6  29.5 1.63E-04 001.4 209.8  61.3 0.334448 0.090233 0.189188 hargrave 2020-12-13 23:47:15 
TT 630 287.9  30.6 287.9  30.6 1.34E-04 002.2 205.0  61.3 0.423744 0.269495 0.153275 hargrave 2020-12-14 20:33:50 
TT 640 285.6  26.7 285.6  26.7 1.18E-04 001.1 213.3  63.5 0.184805 0.076863 0.112919 hargrave 2020-12-18 15:22:47 
TT 650 288.7  29.7 288.7  29.7 1.07E-04 001.0 204.7  62.5 0.151567 0.065563 0.112343 hargrave 2020-12-18 20:43:28 
TT 660 286.5  25.1 286.5  25.1 9.40E-05 001.6 214.1  65.3 0.224090 0.100687 0.092612 hargrave 2020-12-19 19:04:55 
TT 664 285.7  29.1 285.7  29.1 8.05E-05 002.9 210.0  61.6 0.144546 0.382406 0.074825 hargrave 2020-12-20 13:53:27 
TT 668 289.7  24.8 289.7  24.8 7.27E-05 001.2 208.6  67.2 0.107013 0.111982 0.031222 hargrave 2020-12-22 14:11:55 
TT 672 277.1  23.9 277.1  23.9 5.95E-05 000.9 228.8  59.8 0.062052 0.067245 0.039313 hargrave 2020-12-29 12:43:52 
TT 674 282.7  22.6 282.7  22.6 4.59E-05 001.0 224.1  64.7 0.056481 0.026772 0.069847 hargrave 2020-12-29 20:04:38 
TT 676 283.3  19.7 283.3  19.7 3.82E-05 000.6 228.8  67.0 0.032907 0.025178 0.038622 hargrave 2021-01-01 14:15:05 
TT 678 273.7  28.2 273.7  28.2 3.01E-05 001.1 225.6  54.8 0.034797 0.032873 0.048320 hargrave 2021-01-01 21:54:40 
TT 680 272.2  16.7 272.2  16.7 2.42E-05 001.2 245.6  59.0 0.040474 0.025161 0.036583 hargrave 2021-01-02 16:20:44 
TT 682 282.9  24.5 282.9  24.5 1.79E-05 002.2 220.5  63.5 0.031302 0.062345 0.007262 hargrave 2021-01-03 13:42:39 
TT 685 264.9  06.3 264.9  06.3 1.04E-05 002.4 266.1  53.6 0.043439 0.008253 0.007002 hargrave 2021-01-03 19:54:09 
