CF- 77a mag compass orientation (IGRF corrected)
   34.6  41.5  90.0   0.0   0.0   1.0
NRM    313.2  42.0 313.2  42.0 8.13E-04 001.5 178.1  47.9 1.212458 1.540833 0.932779 hargrave 2020-10-09 15:22:04 
TT 100 315.3  41.8 315.3  41.8 7.79E-04 001.7 175.8  48.1 0.370172 2.195241 0.505226 hargrave 2020-10-13 17:29:04 
NRM200 308.0  38.2 308.0  38.2 6.65E-04 003.1 184.5  51.7 1.972526 2.518728 1.624344 hargrave 2020-10-17 18:37:56 
TT 300 299.3  35.0 299.3  35.0 5.01E-04 007.4 196.8  53.2 0.327632 6.438061 1.108276 hargrave 2020-10-30 15:49:44 
TT 400 302.6  32.3 302.6  32.3 3.34E-04 002.8 193.8  56.6 0.947714 1.073298 0.771672 hargrave 2020-11-15 12:45:01 
TT 450 303.8  32.7 303.8  32.7 2.88E-04 003.2 191.7  56.6 0.792659 1.231227 0.664599 hargrave 2020-11-15 22:08:31 
TT 500 301.0  31.7 301.0  31.7 2.56E-04 001.0 196.5  56.8 0.269980 0.280645 0.254094 hargrave 2020-11-18 21:20:41 
TT 525 302.7  31.2 302.7  31.2 2.38E-04 001.7 194.2  57.7 0.216517 0.640963 0.231103 hargrave 2020-11-22 13:14:05 
TT 550 304.2  30.7 304.2  30.7 2.37E-04 002.4 192.1  58.6 0.129235 0.951673 0.299715 hargrave 2020-11-25 18:51:16 
TT 560 302.9  31.0 302.9  31.0 2.13E-04 001.2 193.9  58.0 0.386543 0.065355 0.244448 hargrave 2020-11-27 16:00:19 
TT 570 303.0  28.6 303.0  28.6 1.84E-04 002.1 195.1  60.3 0.468309 0.401371 0.312903 hargrave 2020-12-09 14:26:33 
TT 580 304.7  27.7 304.7  27.7 1.72E-04 002.2 192.6  61.5 0.531338 0.287109 0.264224 hargrave 2020-12-10 13:02:36 
TT 590 303.5  31.8 303.5  31.8 1.48E-04 001.7 192.7  57.3 0.288295 0.230531 0.258357 hargrave 2020-12-10 21:34:07 
TT 600 302.2  40.5 302.2  40.5 1.05E-04 002.7 190.7  48.6 0.199039 0.387443 0.243799 hargrave 2020-12-11 09:54:53 
TT 610 304.2  27.8 304.2  27.8 1.24E-04 002.3 193.6  61.3 0.352672 0.289257 0.228397 hargrave 2020-12-11 23:08:06 
TT 620 304.5  29.1 304.5  29.1 9.80E-05 002.8 192.3  60.1 0.237504 0.368588 0.187847 hargrave 2020-12-13 23:56:59 
TT 630 302.9  27.9 302.9  27.9 9.37E-05 003.0 195.7  60.9 0.249640 0.378064 0.179945 hargrave 2020-12-14 20:42:45 
TT 640 302.4  27.8 302.4  27.8 8.06E-05 004.1 196.7  60.9 0.096796 0.548206 0.140723 hargrave 2020-12-18 15:32:29 
TT 650 296.5  30.5 296.5  30.5 7.51E-05 004.4 203.7  56.4 0.063406 0.559248 0.143132 hargrave 2020-12-18 20:53:08 
TT 660 303.4  27.8 303.4  27.8 6.13E-05 001.8 194.9  61.1 0.150592 0.064893 0.105085 hargrave 2020-12-19 19:14:39 
TT 664 295.1  30.1 295.1  30.1 5.36E-05 003.9 206.0  56.1 0.062018 0.339551 0.112204 hargrave 2020-12-20 14:02:19 
TT 668 299.1  29.4 299.1  29.4 4.53E-05 002.3 200.9  58.4 0.051501 0.165618 0.069084 hargrave 2020-12-22 14:18:35 
TT 672 293.4  29.3 293.4  29.3 4.20E-05 003.8 208.9  56.0 0.098768 0.252117 0.063435 hargrave 2020-12-29 12:51:54 
TT 674 308.2  25.1 308.2  25.1 3.51E-05 002.8 186.9  64.7 0.034973 0.159977 0.064213 hargrave 2020-12-29 20:11:16 
