CF- 72a sun compass orientation
   32.9  23.6  84.0   0.0   0.0   1.0
NRM    079.0  82.6 079.0  82.6 6.87E-04 048.0 175.8 -00.1 0.535773 7.001506 76.22353 hargrave 2020-10-09 15:12:25 
NRM    301.3  49.2 301.3  49.2 9.94E-04 001.7 172.7  46.3 0.702123 2.698666 0.746512 hargrave 2020-10-09 17:22:00 
TT 100 297.4  47.5 297.4  47.5 9.05E-04 001.5 176.2  48.4 1.409747 1.589081 0.967903 hargrave 2020-10-13 17:20:19 
NRM200 299.7  41.8 299.7  41.8 7.53E-04 000.7 172.3  53.8 0.638063 0.434797 0.437972 hargrave 2020-10-17 18:26:48 
TT 300 297.2  36.3 297.2  36.3 5.75E-04 001.4 174.3  59.6 0.565766 1.212890 0.337240 hargrave 2020-10-30 15:39:51 
TT 400 294.9  32.6 294.9  32.6 3.97E-04 000.6 177.5  63.3 0.299703 0.230108 0.202135 hargrave 2020-11-15 12:35:25 
TT 450 296.3  32.8 296.3  32.8 3.42E-04 001.0 175.0  63.1 0.315927 0.489655 0.194747 hargrave 2020-11-15 21:58:07 
TT 500 293.4  32.7 293.4  32.7 3.03E-04 001.2 180.3  63.3 0.493039 0.316880 0.224800 hargrave 2020-11-18 21:10:18 
TT 525 294.8  33.0 294.8  33.0 2.80E-04 002.5 177.8  63.0 0.370114 1.157977 0.157893 hargrave 2020-11-22 13:02:44 
TT 550 294.5  33.7 294.5  33.7 2.71E-04 002.0 178.4  62.2 0.506356 0.736753 0.237949 hargrave 2020-11-25 18:40:48 
TT 560 294.5  32.7 294.5  32.7 2.55E-04 001.0 178.2  63.3 0.353806 0.239035 0.148001 hargrave 2020-11-27 15:50:45 
TT 570 295.6  30.6 295.6  30.6 2.17E-04 001.3 175.9  65.4 0.115948 0.485159 0.060213 hargrave 2020-12-09 14:18:39 
TT 580 294.6  30.6 294.6  30.6 2.03E-04 001.1 178.0  65.4 0.137180 0.367041 0.053804 hargrave 2020-12-10 12:54:30 
TT 590 293.7  30.0 293.7  30.0 1.79E-04 002.3 179.8  66.0 0.289641 0.664681 0.059365 hargrave 2020-12-10 21:25:35 
TT 600 293.3  29.2 293.3  29.2 1.72E-04 000.9 180.7  66.8 0.100908 0.232021 0.060531 hargrave 2020-12-11 09:44:30 
TT 610 291.6  28.8 291.6  28.8 1.48E-04 000.6 184.5  67.2 0.087338 0.126314 0.038416 hargrave 2020-12-11 22:57:47 
TT 620 290.2  28.7 290.2  28.7 1.27E-04 000.6 187.6  67.1 0.109865 0.091144 0.028409 hargrave 2020-12-13 23:45:44 
TT 630 290.2  26.9 290.2  26.9 1.04E-04 000.6 188.5  68.8 0.088471 0.074144 0.021489 hargrave 2020-12-14 20:32:20 
TT 640 289.8  24.8 289.8  24.8 9.17E-05 000.5 190.5  70.9 0.057622 0.054972 0.040063 hargrave 2020-12-18 15:21:17 
TT 650 294.3  23.7 294.3  23.7 8.37E-05 001.1 177.8  72.2 0.082617 0.147794 0.046636 hargrave 2020-12-18 20:41:58 
TT 660 296.9  25.8 296.9  25.8 7.55E-05 000.7 171.4  70.0 0.081948 0.049216 0.036490 hargrave 2020-12-19 19:03:25 
TT 664 292.8  24.2 292.8  24.2 6.64E-05 001.3 182.5  71.8 0.095700 0.120195 0.018373 hargrave 2020-12-20 13:51:58 
TT 668 295.3  22.1 295.3  22.1 5.66E-05 001.5 174.4  73.9 0.124282 0.076320 0.016113 hargrave 2020-12-22 14:10:43 
TT 672 290.1  21.0 290.1  21.0 4.70E-05 001.5 192.5  74.6 0.102044 0.072078 0.013833 hargrave 2020-12-29 12:42:40 
TT 674 296.8  14.9 296.8  14.9 3.76E-05 001.1 160.6  80.5 0.057132 0.042113 0.017042 hargrave 2020-12-29 20:03:11 
