CF- 75a sun compass orientation
   33.9  17.2  83.0   0.0   0.0   1.0
NRM    302.4  64.6 302.4  64.6 1.19E-03 002.2 172.4  31.4 1.972090 2.708861 3.045792 hargrave 2020-10-09 15:19:04 
TT 100 306.5  59.2 306.5  59.2 1.06E-03 003.2 167.9  35.8 2.837494 3.215460 4.253933 hargrave 2020-10-13 17:25:51 
NRM200 295.4  53.2 295.4  53.2 8.25E-04 002.8 173.3  43.3 0.305200 3.972333 0.639736 hargrave 2020-10-17 18:34:58 
TT 300 291.3  45.3 291.3  45.3 6.09E-04 001.5 175.4  51.5 0.243641 1.596896 0.330150 hargrave 2020-10-30 15:46:44 
TT 400 286.5  41.4 286.5  41.4 4.07E-04 000.5 180.9  55.6 0.187454 0.157810 0.224291 hargrave 2020-11-15 12:42:02 
TT 450 288.4  40.5 288.4  40.5 3.47E-04 002.3 178.3  56.5 0.170347 1.365006 0.194476 hargrave 2020-11-15 22:05:32 
TT 500 286.2  38.3 286.2  38.3 3.01E-04 001.8 181.6  58.7 0.757641 0.299958 0.474536 hargrave 2020-11-18 21:17:41 
TT 525 282.9  39.1 282.9  39.1 2.71E-04 002.0 186.2  57.7 0.694904 0.461057 0.418178 hargrave 2020-11-22 13:11:05 
TT 550 281.0  41.9 281.0  41.9 2.46E-04 002.3 188.0  54.6 0.737558 0.441659 0.469751 hargrave 2020-11-25 18:48:17 
TT 560 288.1  38.5 288.1  38.5 2.42E-04 001.3 178.7  58.5 0.422786 0.216616 0.268091 hargrave 2020-11-27 15:57:20 
TT 570 287.2  40.2 287.2  40.2 1.98E-04 001.3 179.9  56.8 0.216047 0.379637 0.149465 hargrave 2020-12-09 14:24:06 
TT 580 284.4  35.3 284.4  35.3 1.60E-04 002.3 184.8  61.6 0.136920 0.635151 0.100200 hargrave 2020-12-10 13:00:06 
TT 590 284.2  36.3 284.2  36.3 1.46E-04 002.1 184.9  60.6 0.439434 0.233837 0.181022 hargrave 2020-12-10 21:31:40 
TT 600 294.3  28.3 294.3  28.3 1.47E-04 001.0 163.3  67.6 0.149130 0.196851 0.064257 hargrave 2020-12-11 09:51:54 
TT 610 276.4  37.5 276.4  37.5 1.06E-04 000.8 196.3  58.0 0.121853 0.078902 0.045002 hargrave 2020-12-11 23:05:08 
TT 620 282.2  32.6 282.2  32.6 9.76E-05 001.7 189.7  64.0 0.156556 0.240450 0.045884 hargrave 2020-12-13 23:54:00 
TT 630 285.2  31.0 285.2  31.0 7.92E-05 001.1 184.2  66.0 0.109404 0.112980 0.021813 hargrave 2020-12-14 20:39:46 
TT 640 285.2  32.0 285.2  32.0 6.99E-05 001.3 184.0  65.0 0.140891 0.063432 0.041639 hargrave 2020-12-18 15:29:31 
TT 650 287.1  32.1 287.1  32.1 5.85E-05 002.4 180.2  64.9 0.137978 0.206431 0.030520 hargrave 2020-12-18 20:50:11 
TT 660 282.3  31.6 282.3  31.6 5.09E-05 002.1 189.9  65.0 0.129729 0.143757 0.016306 hargrave 2020-12-19 19:11:39 
TT 664 286.7  33.8 286.7  33.8 4.10E-05 002.8 181.0  63.2 0.122625 0.166210 0.022149 hargrave 2020-12-20 13:59:21 
TT 668 284.2  32.9 284.2  32.9 3.52E-05 002.7 185.8  64.0 0.137077 0.093090 0.030379 hargrave 2020-12-22 14:16:09 
TT 672 279.8  33.2 279.8  33.2 2.72E-05 002.9 193.8  62.9 0.139236 0.046897 0.009591 hargrave 2020-12-29 12:49:26 
TT 674 287.7  19.6 287.7  19.6 2.28E-05 001.3 177.8  77.4 0.049196 0.023073 0.011569 hargrave 2020-12-29 20:08:44 
