CF- 74a sun compass orientation
   33.7  55.8 103.0   0.0   0.0   1.0
NRM    299.7  54.1 299.7  54.1 1.62E-03 001.0 195.9  19.3 1.052384 1.870907 1.975391 hargrave 2020-10-09 15:17:32 
TT 100 298.8  52.6 298.8  52.6 1.44E-03 002.4 197.1  20.4 2.757614 4.155658 3.382514 hargrave 2020-10-13 17:24:35 
TT 200 290.6  44.0 290.6  44.0 1.10E-03 001.0 207.1  24.7 0.395610 1.558050 0.961063 hargrave 2020-10-17 18:33:27 
TT 300 292.0  40.1 292.0  40.1 7.96E-04 000.7 208.9  28.3 0.238868 0.803922 0.519159 hargrave 2020-10-30 15:45:10 
TT 400 288.8  35.3 288.8  35.3 5.14E-04 000.9 214.7  30.4 0.368064 0.623442 0.287279 hargrave 2020-11-15 12:40:30 
TT 450 288.0  34.6 288.0  34.6 4.35E-04 001.8 215.7  30.4 0.754061 1.130969 0.236660 hargrave 2020-11-15 22:04:00 
TT 500 288.9  33.7 288.9  33.7 3.79E-04 005.3 215.9  31.6 2.255962 2.618788 0.546161 hargrave 2020-11-18 21:16:10 
TT 525 291.1  36.2 291.1  36.2 3.53E-04 004.6 212.3  30.9 1.808829 2.143246 0.631639 hargrave 2020-11-22 13:08:42 
TT 550 288.9  36.7 288.9  36.7 3.31E-04 001.8 213.5  29.3 0.708133 0.463714 0.618992 hargrave 2020-11-25 18:45:55 
TT 560 287.3  33.6 287.3  33.6 3.12E-04 000.8 217.1  30.7 0.235888 0.151771 0.312919 hargrave 2020-11-27 15:55:49 
TT 570 284.8  30.8 284.8  30.8 2.62E-04 001.2 221.2  31.0 0.272753 0.356246 0.322192 hargrave 2020-12-09 14:22:52 
TT 580 290.3  34.0 290.3  34.0 2.37E-04 004.1 214.6  32.1 1.033572 1.323526 0.193840 hargrave 2020-12-10 12:58:47 
TT 590 271.7  33.3 271.7  33.3 1.72E-04 004.2 226.4  20.7 0.939379 0.809782 0.293794 hargrave 2020-12-10 21:29:45 
TT 600 276.2  30.9 276.2  30.9 1.60E-04 002.6 226.2  25.2 0.524865 0.482404 0.142213 hargrave 2020-12-11 09:50:23 
TT 610 287.7  30.5 287.7  30.5 1.49E-04 001.4 219.4  33.1 0.233892 0.245979 0.109830 hargrave 2020-12-11 23:03:38 
TT 620 287.8  28.1 287.8  28.1 1.28E-04 001.8 221.4  34.9 0.280301 0.295902 0.062893 hargrave 2020-12-13 23:51:39 
TT 630 290.7  31.2 290.7  31.2 9.42E-05 001.9 216.6  34.4 0.210533 0.227681 0.048504 hargrave 2020-12-14 20:38:14 
TT 640 290.8  28.0 290.8  28.0 9.09E-05 002.5 219.3  36.8 0.289808 0.275823 0.068470 hargrave 2020-12-18 15:27:10 
TT 650 290.7  31.0 290.7  31.0 8.39E-05 001.1 216.8  34.5 0.094123 0.120152 0.078192 hargrave 2020-12-18 20:47:50 
TT 660 288.8  26.9 288.8  26.9 7.30E-05 001.1 221.8  36.3 0.119385 0.069114 0.059236 hargrave 2020-12-19 19:09:18 
TT 664 292.0  29.7 292.0  29.7 6.15E-05 000.9 216.8  36.3 0.063011 0.074905 0.046262 hargrave 2020-12-20 13:57:49 
TT 668 289.6  26.1 289.6  26.1 4.82E-05 004.8 221.9  37.4 0.300351 0.267368 0.094385 hargrave 2020-12-22 14:14:55 
TT 672 287.0  31.8 287.0  31.8 4.03E-05 001.6 218.8  31.9 0.056028 0.086592 0.075186 hargrave 2020-12-29 12:47:30 
TT 674 282.7  18.8 282.7  18.8 3.08E-05 010.4 234.0  36.9 0.414588 0.393124 0.022991 hargrave 2020-12-29 20:05:51 
TT 674 284.3  22.0 284.3  22.0 3.15E-05 002.2 229.7  36.3 0.074852 0.096686 0.052113 hargrave 2020-12-30 10:19:27 
TT 676 293.1  30.1 293.1  30.1 2.37E-05 003.4 215.6  36.6 0.130352 0.067659 0.020982 hargrave 2021-01-01 14:16:17 
TT 678 283.5  19.5 283.5  19.5 1.58E-05 001.7 232.8  37.2 0.037528 0.027224 0.014537 hargrave 2021-01-01 21:55:54 
TT 680 289.8  19.0 289.8  19.0 1.23E-05 005.5 228.6  42.2 0.104501 0.060699 0.024265 hargrave 2021-01-02 16:22:00 
TT 682 313.1  23.5 313.1  23.5 1.00E-05 002.2 198.9  51.4 0.014174 0.034946 0.018085 hargrave 2021-01-03 13:44:09 
TT 685 262.7 -00.4 262.7 -00.4 3.34E-06 003.7 263.9  26.2 0.008146 0.016428 0.014387 hargrave 2021-01-03 19:55:28 
