CF- 70a sun compass orientation
   32.2  12.6  79.0               1.0   0.0   0.0   1.0NRM    290.2  51.4 290.2  51.4 5.80E-04 002.2 172.8  49.2 0.388616 2.180897 0.232176 hargrave 2020-10-09 15:09:29 
TT 100 291.1  49.4 291.1  49.4 5.37E-04 005.7 171.2  50.9 0.285118 5.342095 0.571944 hargrave 2020-10-13 17:17:54 
NRM200 290.9  47.0 290.9  47.0 4.83E-04 004.4 170.5  53.3 1.429111 3.410495 0.577511 hargrave 2020-10-17 18:23:05 
TT 300 292.6  43.4 292.6  43.4 3.77E-04 002.1 166.7  56.5 0.991221 0.843508 0.469114 hargrave 2020-10-30 15:36:45 
TT 400 289.5  41.3 289.5  41.3 2.66E-04 004.1 169.9  59.1 0.607515 1.776832 0.213461 hargrave 2020-11-15 12:32:29 
TT 450 291.9  40.2 291.9  40.2 2.30E-04 002.7 165.9  59.6 0.467592 0.964951 0.147423 hargrave 2020-11-15 21:54:23 
TT 500 292.4  39.6 292.4  39.6 2.06E-04 003.0 164.7  60.1 0.133606 1.058992 0.083546 hargrave 2020-11-18 21:07:24 
TT 525 292.1  40.4 292.1  40.4 1.89E-04 003.6 165.7  59.4 0.276299 1.153256 0.052324 hargrave 2020-11-22 12:58:59 
TT 550 291.8  40.4 291.8  40.4 1.77E-04 004.1 166.1  59.5 0.147210 1.267503 0.099298 hargrave 2020-11-25 18:37:04 
TT 560 291.8  39.8 291.8  39.8 1.71E-04 002.1 165.7  60.1 0.115368 0.626974 0.053548 hargrave 2020-11-27 15:47:51 
TT 570 292.9  38.3 292.9  38.3 1.48E-04 002.0 163.1  61.2 0.246448 0.465345 0.040761 hargrave 2020-12-09 14:15:38 
TT 580 292.9  39.1 292.9  39.1 1.41E-04 000.7 163.7  60.4 0.075129 0.144742 0.043040 hargrave 2020-12-10 12:52:07 
TT 590 293.4  36.8 293.4  36.8 1.21E-04 002.5 161.1  62.5 0.145275 0.506750 0.029033 hargrave 2020-12-10 21:23:17 
TT 600 291.8  37.2 291.8  37.2 1.18E-04 001.7 164.0  62.5 0.149628 0.312586 0.044644 hargrave 2020-12-11 09:40:45 
TT 610 293.0  36.2 293.0  36.2 1.02E-04 002.6 161.2  63.1 0.169015 0.420871 0.050714 hargrave 2020-12-11 22:54:04 
TT 620 294.3  37.8 294.3  37.8 9.20E-05 000.7 160.6  61.2 0.099487 0.058328 0.049676 hargrave 2020-12-13 23:42:50 
TT 630 294.4  40.6 294.4  40.6 7.87E-05 003.6 162.7  58.6 0.180287 0.459475 0.040778 hargrave 2020-12-14 20:29:26 
TT 640 295.1  37.5 295.1  37.5 6.85E-05 002.0 159.1  61.2 0.087830 0.226347 0.033956 hargrave 2020-12-18 15:16:45 
TT 650 296.9  40.1 296.9  40.1 6.50E-05 001.5 158.9  58.3 0.061808 0.158443 0.028346 hargrave 2020-12-18 20:38:15 
TT 660 295.2  40.4 295.2  40.4 5.59E-05 002.0 161.4  58.6 0.053210 0.189981 0.015879 hargrave 2020-12-19 18:59:43 
TT 664 299.2  36.2 299.2  36.2 4.88E-05 003.2 151.9  60.7 0.109441 0.253081 0.019677 hargrave 2020-12-20 13:49:04 
TT 668 298.9  35.2 298.9  35.2 4.42E-05 002.5 151.2  61.6 0.107331 0.168124 0.011685 hargrave 2020-12-22 14:08:21 
TT 672 296.7  36.8 296.7  36.8 3.57E-05 002.3 156.0  61.3 0.044565 0.137140 0.015397 hargrave 2020-12-29 12:40:21 
TT 674 292.1  32.0 292.1  32.0 2.86E-05 001.4 158.8  67.3 0.056004 0.048126 0.024669 hargrave 2020-12-29 20:00:50 
