CF- 80a mag compass orientation (IGRF corrected)
   35.6  25.5  82.0   0.0   0.0   1.0
NRM    310.9  53.7 310.9  53.7 7.41E-04 000.6 167.6  42.7 0.443877 0.584191 0.423939 hargrave 2020-10-09 15:26:53 
TT 100 310.9  52.8 310.9  52.8 6.99E-04 001.1 167.2  43.5 0.427345 1.194409 0.539394 hargrave 2020-10-13 17:33:14 
TT 200 303.7  48.6 303.7  48.6 5.64E-04 001.4 171.7  48.8 0.750070 1.073674 0.549975 hargrave 2020-10-17 18:42:41 
TT 300 299.7  44.2 299.7  44.2 4.23E-04 002.1 174.9  53.7 0.817344 1.246284 0.401072 hargrave 2020-10-30 15:55:27 
TT 400 298.5  39.7 298.5  39.7 2.73E-04 001.8 175.6  58.2 0.566086 0.579976 0.305652 hargrave 2020-11-15 12:49:49 
TT 450 298.1  38.5 298.1  38.5 2.35E-04 001.7 176.0  59.4 0.505999 0.394644 0.243055 hargrave 2020-11-15 22:14:10 
TT 500 296.3  37.2 296.3  37.2 2.05E-04 001.8 178.7  60.8 0.105594 0.632320 0.076862 hargrave 2020-11-18 21:25:28 
TT 525 299.6  37.6 299.6  37.6 1.85E-04 000.8 173.5  60.1 0.069976 0.260493 0.067261 hargrave 2020-11-22 13:19:06 
TT 550 298.8  36.5 298.8  36.5 1.70E-04 000.4 174.4  61.3 0.077403 0.077992 0.067559 hargrave 2020-11-25 18:56:03 
TT 560 298.1  36.0 298.1  36.0 1.61E-04 000.4 175.6  61.9 0.091521 0.049588 0.058883 hargrave 2020-11-27 16:05:08 
TT 570 299.6  36.4 299.6  36.4 1.39E-04 002.3 173.1  61.3 0.228806 0.495622 0.093273 hargrave 2020-12-09 14:30:27 
TT 580 298.2  32.5 298.2  32.5 1.20E-04 001.3 174.6  65.3 0.223956 0.154433 0.078359 hargrave 2020-12-10 13:06:40 
TT 590 299.7  35.4 299.7  35.4 1.12E-04 001.5 172.6  62.3 0.162205 0.250873 0.044648 hargrave 2020-12-10 21:38:00 
TT 600 296.8  35.7 296.8  35.7 9.62E-05 001.2 177.7  62.3 0.148612 0.123807 0.073659 hargrave 2020-12-11 09:59:40 
TT 610 300.4  32.0 300.4  32.0 8.15E-05 000.9 170.0  65.6 0.111231 0.047284 0.073254 hargrave 2020-12-11 23:12:51 
TT 620 302.7  33.3 302.7  33.3 6.91E-05 001.2 166.3  63.8 0.073045 0.119429 0.057457 hargrave 2020-12-14 00:01:46 
TT 630 292.6  32.8 292.6  32.8 5.99E-05 001.9 185.9  65.1 0.106403 0.171792 0.046389 hargrave 2020-12-14 20:47:32 
TT 640 306.4  24.4 306.4  24.4 5.11E-05 001.7 148.9  70.6 0.120941 0.086946 0.038575 hargrave 2020-12-18 15:37:16 
TT 650 286.8  34.2 286.8  34.2 4.54E-05 001.3 195.8  62.6 0.096034 0.036431 0.043402 hargrave 2020-12-18 20:57:56 
TT 660 305.5  31.5 305.5  31.5 3.71E-05 001.4 159.6  64.7 0.062068 0.065027 0.033345 hargrave 2020-12-19 19:19:26 
TT 664 290.4  31.9 290.4  31.9 3.68E-05 002.0 190.5  65.6 0.050125 0.116840 0.026258 hargrave 2020-12-20 14:07:04 
TT 668 293.8  32.2 293.8  32.2 3.55E-05 013.6 183.6  65.8 0.802626 0.694526 0.723222 hargrave 2020-12-22 14:22:28 
TT 668 308.5  22.6 308.5  22.6 2.74E-05 002.0 140.7  70.8 0.058983 0.076199 0.036809 hargrave 2020-12-22 15:26:50 
TT 672 296.7  30.6 296.7  30.6 2.69E-05 001.4 177.2  67.4 0.053581 0.046298 0.034172 hargrave 2020-12-29 12:55:47 
TT 674 309.0  12.7 309.0  12.7 2.32E-05 001.1 110.6  75.9 0.036842 0.026684 0.036755 hargrave 2020-12-29 20:15:06 
TT 676 306.8  33.2 306.8  33.2 2.13E-05 001.4 159.0  62.7 0.041370 0.040968 0.023122 hargrave 2021-01-01 14:24:51 
TT 678 299.2  25.8 299.2  25.8 1.88E-05 000.5 169.3  71.9 0.014851 0.011511 0.024866 hargrave 2021-01-01 22:04:00 
TT 680 282.7  22.6 282.7  22.6 7.12E-06 047.2 218.6  70.9 0.195509 0.154765 0.719162 hargrave 2021-01-02 16:29:46 
TT 680 284.2  22.3 284.2  22.3 1.45E-05 000.9 216.0  72.0 0.018881 0.011601 0.008763 hargrave 2021-01-02 17:13:33 
TT 682 302.0  26.9 302.0  26.9 1.39E-05 001.8 162.6  70.1 0.019036 0.039831 0.021954 hargrave 2021-01-03 13:53:20 
TT 685 278.9  23.1 278.9  23.1 1.15E-05 000.6 224.6  68.1 0.009902 0.004581 0.031403 hargrave 2021-01-03 19:58:00 
