CF- 82a sun compass orientation
   36.6  37.8  93.0   0.0   0.0   1.0
NRM    317.7  65.0 317.7  65.0 1.02E-03 076.0 175.5  21.6 101.0620 7.926434 40.22789 hargrave 2020-10-09 15:30:39 
NRM    310.2  64.5 310.2  64.5 2.04E-03 001.2 178.9  22.5 1.153421 2.679782 3.294199 hargrave 2020-10-09 17:27:07 
TT 100 304.5  62.8 304.5  62.8 1.89E-03 005.6 181.7  24.2 3.513382 17.13811 5.835643 hargrave 2020-10-13 17:44:20 
NRM200 298.2  53.6 298.2  53.6 1.34E-03 001.0 186.8  32.8 0.487948 2.146050 1.202846 hargrave 2020-10-17 18:45:39 
TT 300 299.8  48.1 299.8  48.1 9.53E-04 000.9 186.8  38.4 0.307429 1.317969 0.670947 hargrave 2020-10-30 15:58:44 
TT 400 299.3  43.2 299.3  43.2 5.91E-04 000.9 188.5  43.2 0.526821 0.779062 0.357267 hargrave 2020-11-15 12:52:49 
TT 450 298.1  41.8 298.1  41.8 5.03E-04 002.1 190.1  44.4 0.623788 1.679848 0.273965 hargrave 2020-11-15 22:17:10 
TT 500 301.3  41.4 301.3  41.4 4.44E-04 002.4 186.9  45.2 0.449022 1.655890 0.783972 hargrave 2020-11-18 21:28:29 
TT 525 301.0  40.2 301.0  40.2 4.12E-04 001.9 187.6  46.4 0.392869 1.171516 0.621950 hargrave 2020-11-22 13:22:06 
TT 550 299.8  38.7 299.8  38.7 3.81E-04 001.8 189.2  47.7 0.695596 0.746445 0.596721 hargrave 2020-11-25 18:59:01 
TT 560 298.8  38.8 298.8  38.8 3.44E-04 002.5 190.3  47.4 0.312999 1.351376 0.583115 hargrave 2020-11-27 16:08:11 
TT 570 303.3  41.8 303.3  41.8 2.86E-04 001.0 184.8  45.0 0.301671 0.207943 0.313540 hargrave 2020-12-09 14:32:55 
TT 580 301.0  30.1 301.0  30.1 3.00E-04 003.9 190.6  56.3 0.300614 2.000713 0.099149 hargrave 2020-12-10 13:09:10 
TT 590 302.2  36.3 302.2  36.3 2.17E-04 001.0 187.1  50.3 0.269243 0.197963 0.187398 hargrave 2020-12-10 21:40:27 
TT 600 302.2  36.2 302.2  36.2 1.87E-04 001.3 187.2  50.4 0.114157 0.389746 0.132367 hargrave 2020-12-11 10:02:43 
TT 610 305.4  33.3 305.4  33.3 1.52E-04 000.8 183.4  53.6 0.081761 0.188820 0.058270 hargrave 2020-12-11 23:15:48 
TT 620 303.2  37.5 303.2  37.5 1.21E-04 002.8 185.6  49.3 0.061007 0.584240 0.058116 hargrave 2020-12-14 00:04:49 
TT 630 297.0  37.4 297.0  37.4 1.08E-04 000.7 192.9  48.4 0.108842 0.055233 0.066242 hargrave 2020-12-14 20:50:34 
TT 640 312.1  28.7 312.1  28.7 8.15E-05 001.3 172.8  58.1 0.122973 0.155980 0.026037 hargrave 2020-12-18 15:40:16 
TT 650 290.3  26.9 290.3  26.9 8.07E-05 000.8 208.4  55.7 0.106840 0.045607 0.041705 hargrave 2020-12-18 21:00:55 
TT 660 305.0  36.9 305.0  36.9 6.62E-05 001.2 183.5  50.0 0.078657 0.117208 0.025162 hargrave 2020-12-19 19:22:27 
TT 664 304.0  35.5 304.0  35.5 5.66E-05 001.6 184.9  51.3 0.111720 0.123986 0.029676 hargrave 2020-12-20 14:10:01 
TT 668 316.7  33.3 316.7  33.3 4.29E-05 002.6 167.7  52.7 0.138738 0.151857 0.016112 hargrave 2020-12-22 14:24:54 
TT 672 293.1  34.5 293.1  34.5 3.80E-05 002.7 198.9  50.0 0.143189 0.120390 0.030041 hargrave 2020-12-29 12:58:13 
TT 674 305.4 -04.0 305.4 -04.0 2.33E-05 001.8 292.3  87.4 0.059835 0.041073 0.040889 hargrave 2020-12-29 20:17:32 
