CF- 85a sun compass orientation
   37.6  16.0  81.0   0.0   0.0   1.0
NRM    314.3  61.3 314.3  61.3 1.34E-03 001.1 164.1  33.7 0.674877 2.037594 1.525272 hargrave 2020-10-09 15:37:25 
TT 100 305.9  60.3 305.9  60.3 1.23E-03 000.4 167.9  36.6 0.293618 0.556601 0.818052 hargrave 2020-10-13 18:18:49 
NRM200 274.8  48.2 274.8  48.2 8.80E-04 015.1 191.5  49.7 2.812997 23.58159 1.675313 hargrave 2020-10-17 18:53:08 
NRM200 299.9  50.1 299.9  50.1 9.09E-04 002.5 166.9  47.3 2.924627 1.397575 2.240115 hargrave 2020-10-17 19:59:05 
TT 300 296.6  42.9 296.6  42.9 6.89E-04 002.4 166.5  54.9 2.087516 1.649215 1.165321 hargrave 2020-10-30 16:06:06 
TT 400 295.9  38.6 295.9  38.6 4.87E-04 002.4 164.8  59.1 0.850370 1.671087 0.825634 hargrave 2020-11-15 12:59:33 
TT 450 291.2  37.9 291.2  37.9 4.37E-04 002.0 171.6  60.7 1.132499 0.724011 0.725714 hargrave 2020-11-15 22:24:42 
TT 500 289.5  37.3 289.5  37.3 3.93E-04 001.3 174.1  61.6 0.363719 0.827730 0.208798 hargrave 2020-11-18 21:36:00 
TT 525 292.5  36.8 292.5  36.8 3.62E-04 000.9 169.0  61.6 0.447694 0.166977 0.305441 hargrave 2020-11-22 13:29:42 
TT 550 288.1  36.6 288.1  36.6 3.35E-04 001.5 176.4  62.3 0.198909 0.843347 0.189260 hargrave 2020-11-25 19:06:32 
TT 560 289.9  36.1 289.9  36.1 3.09E-04 002.2 173.1  62.7 0.100191 1.160556 0.122137 hargrave 2020-11-27 16:14:56 
TT 570 291.5  34.8 291.5  34.8 2.76E-04 001.4 169.8  63.8 0.351588 0.551736 0.237661 hargrave 2020-12-09 14:39:03 
TT 580 289.8  35.5 289.8  35.5 2.56E-04 001.9 173.1  63.3 0.354544 0.744944 0.260437 hargrave 2020-12-10 13:15:31 
TT 590 291.1  34.5 291.1  34.5 2.28E-04 001.0 170.4  64.0 0.167959 0.339263 0.191946 hargrave 2020-12-10 21:46:39 
TT 600 290.5  34.3 290.5  34.3 2.03E-04 001.6 171.4  64.3 0.489911 0.152961 0.269413 hargrave 2020-12-11 10:10:13 
TT 610 289.3  31.9 289.3  31.9 1.79E-04 002.1 172.9  66.9 0.531854 0.340947 0.232307 hargrave 2020-12-11 23:24:19 
TT 620 295.2  29.4 295.2  29.4 1.50E-04 001.7 158.3  67.8 0.389488 0.065847 0.185197 hargrave 2020-12-14 00:11:32 
TT 630 292.2  31.8 292.2  31.8 1.41E-04 001.9 166.6  66.5 0.284027 0.312576 0.186745 hargrave 2020-12-14 20:57:17 
TT 640 290.0  30.0 290.0  30.0 1.24E-04 004.4 170.4  68.7 0.386782 0.858098 0.133925 hargrave 2020-12-18 15:47:47 
TT 650 286.3  31.8 286.3  31.8 1.17E-04 003.2 179.4  67.2 0.243339 0.585598 0.152368 hargrave 2020-12-18 21:08:27 
TT 660 294.0  26.6 294.0  26.6 9.89E-05 002.0 157.6  70.8 0.268827 0.184130 0.127634 hargrave 2020-12-19 19:29:58 
TT 664 286.4  31.1 286.4  31.1 8.86E-05 001.6 179.1  67.9 0.189548 0.107727 0.116205 hargrave 2020-12-20 14:17:30 
TT 668 292.0  31.0 292.0  31.0 7.33E-05 002.5 166.7  67.3 0.067329 0.310576 0.040970 hargrave 2020-12-22 14:30:32 
TT 672 279.7  27.5 279.7  27.5 6.22E-05 001.5 197.0  70.6 0.079485 0.143367 0.031315 hargrave 2020-12-29 13:02:28 
TT 674 292.2  21.2 292.2  21.2 5.67E-05 000.7 154.5  76.5 0.043385 0.040091 0.064314 hargrave 2020-12-29 20:20:17 
