CF- 86a mag compass orientation (IGRF corrected)
   37.9  18.5  73.0   0.0   0.0   1.0
NRM    311.8  62.2 311.8  62.2 1.30E-03 001.0 165.7  42.0 1.630626 0.612858 1.345355 hargrave 2020-10-09 15:38:59 
TT 100 308.0  60.2 308.0  60.2 1.18E-03 004.1 166.5  44.6 1.199480 8.384573 0.805793 hargrave 2020-10-13 18:20:46 
TT 200 302.3  50.9 302.3  50.9 9.38E-04 002.6 165.0  54.3 3.613055 0.303157 2.322847 hargrave 2020-10-17 18:54:41 
TT 300 294.9  43.8 294.9  43.8 6.97E-04 001.8 169.9  62.6 1.886139 0.597675 0.955207 hargrave 2020-10-30 16:07:43 
TT 400 295.2  39.7 295.2  39.7 5.06E-04 001.8 167.0  66.5 1.389783 0.411464 0.608988 hargrave 2020-11-15 13:01:07 
TT 450 291.6  40.0 291.6  40.0 4.52E-04 001.9 174.0  66.8 1.365330 0.426177 0.526090 hargrave 2020-11-15 22:26:17 
TT 500 291.2  40.4 291.2  40.4 4.08E-04 002.5 174.9  66.5 0.616886 1.615491 0.247639 hargrave 2020-11-18 21:37:35 
TT 525 293.5  40.6 293.5  40.6 3.78E-04 001.5 170.6  66.0 0.968153 0.362469 0.242984 hargrave 2020-11-22 13:31:16 
TT 550 294.0  39.2 294.0  39.2 3.54E-04 000.7 168.8  67.2 0.351030 0.255905 0.152042 hargrave 2020-11-25 19:08:05 
TT 560 294.0  38.4 294.0  38.4 3.32E-04 001.5 168.5  68.1 0.554891 0.630954 0.182443 hargrave 2020-11-27 16:16:30 
TT 570 293.6  37.5 293.6  37.5 2.99E-04 000.9 168.7  69.0 0.353951 0.218179 0.161277 hargrave 2020-12-09 14:40:19 
TT 580 293.7  36.5 293.7  36.5 2.76E-04 001.3 167.7  70.0 0.455132 0.386337 0.151771 hargrave 2020-12-10 13:16:50 
TT 590 292.3  37.0 292.3  37.0 1.24E-04 049.6 171.1  69.7 4.516067 0.709230 12.38632 hargrave 2020-12-10 21:48:37 
TT 590 292.1  36.9 292.1  36.9 1.23E-04 072.4 171.7  69.9 4.483639 0.658143 12.38264 hargrave 2020-12-10 22:28:58 
TT 600 292.6  35.5 292.6  35.5 2.25E-04 001.6 169.6  71.1 0.600646 0.116619 0.209319 hargrave 2020-12-11 10:11:46 
TT 610 295.7  32.6 295.7  32.6 1.98E-04 001.7 158.6  73.1 0.505354 0.256620 0.192745 hargrave 2020-12-11 23:25:52 
TT 620 296.7  35.1 296.7  35.1 1.63E-04 001.8 159.5  70.5 0.433199 0.188609 0.181091 hargrave 2020-12-14 00:13:06 
TT 630 288.9  36.0 288.9  36.0 1.47E-04 002.1 178.9  71.0 0.478569 0.153953 0.176473 hargrave 2020-12-14 20:58:50 
TT 640 295.3  33.1 295.3  33.1 1.35E-04 001.4 160.6  72.7 0.301692 0.049667 0.124153 hargrave 2020-12-18 15:49:20 
TT 650 290.8  35.1 290.8  35.1 1.27E-04 002.1 174.0  71.8 0.315766 0.314558 0.129219 hargrave 2020-12-18 21:10:00 
TT 660 295.5  33.9 295.5  33.9 1.07E-04 001.1 161.1  71.9 0.191921 0.059823 0.079791 hargrave 2020-12-19 19:31:31 
TT 664 292.1  37.0 292.1  37.0 9.31E-05 002.1 171.7  69.8 0.249692 0.207079 0.114260 hargrave 2020-12-20 14:19:02 
TT 668 294.8  36.4 294.8  36.4 3.90E-05 061.6 165.2  69.8 1.391970 0.372884 3.910262 hargrave 2020-12-22 14:33:06 
TT 668 295.1  36.4 295.1  36.4 3.88E-05 060.5 164.5  69.8 1.383686 0.388732 3.895247 hargrave 2020-12-22 15:31:25 
TT 668 294.1  36.6 294.1  36.6 3.89E-05 009.8 167.0  69.8 1.401295 0.329989 3.894342 hargrave 2020-12-22 16:29:58 
TT 668 291.5  36.9 291.5  36.9 7.73E-05 002.2 173.0  69.9 0.055619 0.295016 0.033864 hargrave 2020-12-22 16:43:58 
TT 672 287.4  36.8 287.4  36.8 3.35E-05 037.9 182.6  70.2 1.210730 0.085506 3.367536 hargrave 2020-12-29 13:04:23 
TT 672 289.6  36.2 289.6  36.2 3.34E-05 036.9 177.2  70.7 1.177139 0.069166 3.372547 hargrave 2020-12-29 14:03:36 
TT 672 287.2  36.3 287.2  36.3 6.66E-05 001.0 183.2  70.6 0.051436 0.098791 0.018585 hargrave 2020-12-29 14:24:45 
TT 674 301.8  26.9 301.8  26.9 2.78E-05 076.3 131.1  74.2 0.532887 0.611621 2.858392 hargrave 2020-12-29 20:23:56 
TT 674 296.7  30.3 296.7  30.3 5.49E-05 001.0 152.0  74.7 0.056467 0.069224 0.036784 hargrave 2020-12-30 10:20:42 
TT 676 282.7  25.9 282.7  25.9 4.24E-05 000.5 210.3  79.6 0.028575 0.024833 0.039283 hargrave 2021-01-01 14:31:11 
TT 678 284.9  38.0 284.9  38.0 3.75E-05 001.3 187.7  68.7 0.024699 0.076895 0.032978 hargrave 2021-01-01 22:09:12 
TT 680 291.7  36.1 291.7  36.1 2.82E-05 001.2 172.1  70.6 0.024710 0.047128 0.046135 hargrave 2021-01-02 16:33:41 
TT 682 297.9  38.2 297.9  38.2 2.59E-05 001.5 160.7  67.2 0.051503 0.021769 0.041500 hargrave 2021-01-03 13:58:07 
TT 685 099.0 -02.5 099.0 -02.5 2.26E-05 001.2 146.3 -72.7 0.014014 0.038673 0.032558 hargrave 2021-01-03 20:01:54 
