CF- 81a sun compass orientation
     36  15.7  75.0   0.0   0.0   1.0
NRM    315.8  54.2 315.8  54.2 4.54E-04 084.6 155.8  44.3 31.70319 14.25030 33.90146 hargrave 2020-10-09 15:29:11 
NRM    314.4  54.1 314.4  54.1 9.09E-04 002.8 156.6  44.9 2.816447 3.047910 1.374663 hargrave 2020-10-09 17:23:26 
TT 100 312.6  52.3 312.6  52.3 8.69E-04 002.3 156.1  47.0 2.779481 0.546164 2.113082 hargrave 2020-10-13 17:34:34 
TT 200 305.2  44.9 305.2  44.9 7.30E-04 001.2 155.1  55.8 0.734211 1.381598 0.152100 hargrave 2020-10-17 18:44:11 
TT 300 302.1  40.0 302.1  40.0 5.94E-04 000.7 153.4  61.2 0.240494 0.661378 0.148422 hargrave 2020-10-30 15:57:04 
TT 400 296.9  36.5 296.9  36.5 4.35E-04 000.6 157.1  66.3 0.280031 0.409522 0.122075 hargrave 2020-11-15 12:51:21 
TT 450 297.5  36.0 297.5  36.0 3.87E-04 000.3 155.5  66.5 0.197344 0.125484 0.096519 hargrave 2020-11-15 22:15:40 
TT 500 296.9  34.4 296.9  34.4 3.52E-04 001.2 154.5  68.1 0.708136 0.207275 0.108060 hargrave 2020-11-18 21:27:01 
TT 525 297.6  34.1 297.6  34.1 3.33E-04 001.6 152.8  68.1 0.771690 0.491852 0.089585 hargrave 2020-11-22 13:20:37 
TT 550 298.4  32.6 298.4  32.6 3.26E-04 002.7 148.9  68.9 1.393476 0.662080 0.100329 hargrave 2020-11-25 18:57:33 
TT 560 296.0  32.5 296.0  32.5 3.12E-04 001.8 153.6  70.1 0.813995 0.535992 0.121647 hargrave 2020-11-27 16:06:41 
TT 570 297.0  32.2 297.0  32.2 2.82E-04 001.0 150.9  69.9 0.406482 0.303562 0.043577 hargrave 2020-12-09 14:31:42 
TT 580 296.6  31.8 296.6  31.8 2.63E-04 002.0 151.3  70.5 0.595968 0.686589 0.051328 hargrave 2020-12-10 13:07:54 
TT 590 295.9  31.5 295.9  31.5 2.45E-04 001.2 152.4  71.0 0.489356 0.110549 0.104997 hargrave 2020-12-10 21:39:14 
TT 600 296.0  30.8 296.0  30.8 2.30E-04 000.6 150.8  71.6 0.219191 0.093093 0.038619 hargrave 2020-12-11 10:01:12 
TT 610 297.8  29.2 297.8  29.2 2.13E-04 001.5 144.0  71.9 0.472606 0.261349 0.045981 hargrave 2020-12-11 23:14:21 
TT 620 293.0  30.0 293.0  30.0 1.86E-04 001.4 157.0  73.6 0.358546 0.268494 0.032638 hargrave 2020-12-14 00:03:18 
TT 630 290.7  27.3 290.7  27.3 1.72E-04 000.8 160.2  76.9 0.212484 0.106271 0.032162 hargrave 2020-12-14 20:49:04 
TT 640 297.1  28.0 297.1  28.0 1.62E-04 001.8 142.9  73.2 0.452188 0.207407 0.041132 hargrave 2020-12-18 15:38:46 
TT 650 291.2  26.0 291.2  26.0 1.49E-04 001.1 155.7  77.8 0.293068 0.061193 0.019620 hargrave 2020-12-18 20:59:26 
TT 660 298.1  26.4 298.1  26.4 1.34E-04 001.4 136.6  73.7 0.323194 0.039552 0.036428 hargrave 2020-12-19 19:20:58 
TT 664 295.4  27.2 295.4  27.2 1.17E-04 001.3 145.2  74.8 0.252778 0.081419 0.041867 hargrave 2020-12-20 14:08:33 
TT 668 290.4  31.7 290.4  31.7 7.12E-05 014.1 166.3  72.8 0.166058 1.335763 3.083594 hargrave 2020-12-22 14:23:42 
TT 668 296.8  27.5 296.8  27.5 1.00E-04 001.9 142.3  73.8 0.323467 0.088903 0.040269 hargrave 2020-12-22 15:28:04 
TT 672 291.2  25.8 291.2  25.8 8.53E-05 001.7 155.2  78.0 0.243932 0.037850 0.022684 hargrave 2020-12-29 12:57:01 
TT 674 297.8  22.7 297.8  22.7 8.31E-05 002.7 125.7  76.3 0.395079 0.057597 0.019758 hargrave 2020-12-29 20:16:18 
TT 676 295.1  27.1 295.1  27.1 7.74E-05 001.7 145.7  75.1 0.229254 0.067045 0.008205 hargrave 2021-01-01 14:26:10 
TT 678 296.9  27.0 296.9  27.0 6.86E-05 002.1 141.0  74.1 0.242177 0.075147 0.017069 hargrave 2021-01-01 22:05:13 
TT 680 296.1  28.8 296.1  28.8 5.19E-05 002.3 146.9  73.2 0.197160 0.070838 0.012249 hargrave 2021-01-02 16:31:07 
TT 682 291.1  29.4 291.1  29.4 4.51E-05 001.8 161.8  74.7 0.177706 0.062656 0.156226 hargrave 2021-01-03 13:54:48 
TT 685 295.2  28.0 295.2  28.0 4.23E-05 001.4 147.3  74.3 0.056993 0.086702 0.011223 hargrave 2021-01-03 19:59:12 
