CF- 89a mag compass orientation (IGRF corrected)
   40.6  35.5  73.0   0.0   0.0   1.0
NRM    346.1  72.8 346.1  72.8 1.94E-03 002.1 167.2  29.6 3.765792 5.049430 3.683108 hargrave 2020-10-09 15:43:59 
TT 100 342.0  72.2 342.0  72.2 1.67E-03 000.6 167.8  30.9 0.489177 0.789746 1.472372 hargrave 2020-10-13 18:24:52 
NRM200 317.3  67.0 317.3  67.0 1.12E-03 001.7 174.1  39.4 1.526314 2.481566 1.748753 hargrave 2020-10-17 19:00:32 
TT 300 307.7  61.0 307.7  61.0 6.89E-04 001.5 178.5  46.0 1.280871 0.433689 1.287386 hargrave 2020-10-30 16:12:38 
TT 400 299.4  56.5 299.4  56.5 4.00E-04 001.9 185.3  50.2 0.974649 0.319512 0.827906 hargrave 2020-11-15 13:06:08 
TT 450 297.0  57.2 297.0  57.2 3.42E-04 001.9 187.1  49.3 0.860954 0.365987 0.681696 hargrave 2020-11-15 22:31:18 
TT 500 294.2  54.9 294.2  54.9 2.88E-04 001.4 190.3  51.1 0.114916 0.658432 0.172014 hargrave 2020-11-18 21:42:37 
TT 525 299.4  56.0 299.4  56.0 2.70E-04 000.3 185.4  50.7 0.065395 0.101854 0.123068 hargrave 2020-11-22 13:36:18 
TT 550 296.1  58.0 296.1  58.0 2.43E-04 001.0 187.5  48.4 0.161568 0.336439 0.168402 hargrave 2020-11-25 19:13:04 
TT 560 293.4  55.1 293.4  55.1 2.17E-04 001.0 190.9  50.8 0.282600 0.084209 0.257772 hargrave 2020-11-27 16:21:31 
TT 570 293.2  55.4 293.2  55.4 1.90E-04 002.3 191.0  50.5 0.388672 0.541712 0.386031 hargrave 2020-12-09 14:44:24 
TT 580 292.2  53.5 292.2  53.5 1.51E-04 001.5 192.9  52.0 0.197162 0.295520 0.199035 hargrave 2020-12-10 13:21:07 
TT 590 285.1  55.0 285.1  55.0 1.34E-04 002.0 197.7  48.9 0.095126 0.440559 0.109030 hargrave 2020-12-10 21:52:42 
TT 600 293.8  53.0 293.8  53.0 1.16E-04 002.5 191.7  52.9 0.584707 0.164797 0.245445 hargrave 2020-12-11 10:16:45 
TT 610 292.9  47.4 292.9  47.4 8.51E-05 002.4 196.2  57.9 0.231698 0.178062 0.211260 hargrave 2020-12-11 23:30:49 
TT 620 284.3  58.9 284.3  58.9 6.63E-05 002.4 195.4  45.3 0.192219 0.080560 0.183857 hargrave 2020-12-14 00:18:05 
TT 630 262.7  25.4 262.7  25.4 5.11E-05 001.8 250.5  49.4 0.102911 0.110277 0.077620 hargrave 2020-12-14 21:03:49 
TT 640 281.9  55.1 281.9  55.1 4.56E-05 002.1 200.0  47.8 0.114244 0.049269 0.116850 hargrave 2020-12-18 15:54:20 
TT 650 277.5  48.3 277.5  48.3 4.52E-05 002.0 209.9  51.3 0.113298 0.060712 0.106644 hargrave 2020-12-18 21:15:00 
TT 660 271.3  52.2 271.3  52.2 3.41E-05 002.4 209.5  45.7 0.099006 0.057372 0.096553 hargrave 2020-12-19 19:36:31 
TT 664 255.9  49.3 255.9  49.3 3.27E-05 002.4 219.6  38.7 0.092169 0.069305 0.095735 hargrave 2020-12-20 14:24:01 
TT 668 317.3  30.5 317.3  30.5 5.61E-05 037.9 143.7  72.7 0.090557 2.884267 4.318489 hargrave 2020-12-22 14:37:05 
TT 668 244.1  27.9 244.1  27.9 2.55E-05 002.6 247.3  32.8 0.105989 0.084546 0.018528 hargrave 2020-12-22 15:32:46 
TT 672 233.0  31.9 233.0  31.9 2.14E-05 001.6 242.0  23.5 0.045232 0.030011 0.034626 hargrave 2020-12-29 13:08:19 
TT 674 343.9  07.8 343.9  07.8 8.03E-06 003.4 081.0  51.5 0.033497 0.059857 0.024496 hargrave 2020-12-29 20:28:01 
