CF- 87a mag compass orientation (IGRF corrected)
   38.1   2.5  69.0   0.0   0.0   1.0
NRM    320.2  56.5 320.2  56.5 3.89E-03 000.5 147.7  40.2 1.471175 2.339803 2.023251 hargrave 2020-10-09 15:40:35 
TT 100 317.7  58.2 317.7  58.2 3.38E-03 001.9 150.4  40.6 8.227309 7.267405 2.725522 hargrave 2020-10-13 18:22:05 
NRM200 308.8  53.4 308.8  53.4 2.40E-03 001.9 148.5  47.4 6.356175 3.858248 3.294564 hargrave 2020-10-17 18:57:09 
TT 300 301.7  48.3 301.7  48.3 1.55E-03 001.0 146.4  54.1 2.154557 0.529720 1.611112 hargrave 2020-10-30 16:09:17 
TT 400 296.4  45.8 296.4  45.8 9.32E-04 001.2 147.4  58.4 1.617549 0.771522 0.815635 hargrave 2020-11-15 13:02:44 
TT 450 294.8  44.8 294.8  44.8 7.87E-04 001.1 147.5  59.9 1.208356 0.197600 0.836864 hargrave 2020-11-15 22:27:54 
TT 500 296.5  43.4 296.5  43.4 6.97E-04 001.7 143.8  60.0 0.848025 1.822990 0.247443 hargrave 2020-11-18 21:39:13 
TT 525 297.3  43.4 297.3  43.4 6.29E-04 000.7 143.0  59.5 0.407596 0.589969 0.237771 hargrave 2020-11-22 13:32:53 
TT 550 293.3  43.4 293.3  43.4 5.63E-04 000.5 147.1  61.7 0.326112 0.382306 0.189986 hargrave 2020-11-25 19:09:42 
TT 560 297.6  41.3 297.6  41.3 5.26E-04 000.5 139.4  60.6 0.319538 0.178137 0.325488 hargrave 2020-11-27 16:18:07 
TT 570 296.8  40.0 296.8  40.0 4.59E-04 000.4 138.1  61.9 0.239091 0.182178 0.237989 hargrave 2020-12-09 14:41:37 
TT 580 294.7  37.3 294.7  37.3 3.86E-04 000.6 135.1  64.8 0.257972 0.232994 0.229863 hargrave 2020-12-10 13:18:13 
TT 590 292.1  40.6 292.1  40.6 3.15E-04 000.5 144.0  64.3 0.215795 0.225384 0.163494 hargrave 2020-12-10 21:49:56 
TT 600 297.4  37.5 297.4  37.5 2.78E-04 001.7 132.9  62.9 0.667650 0.410015 0.252717 hargrave 2020-12-11 10:13:22 
TT 610 295.5  37.5 295.5  37.5 2.36E-04 000.9 134.6  64.2 0.302365 0.182238 0.237347 hargrave 2020-12-11 23:27:28 
TT 620 297.4  37.7 297.4  37.7 1.90E-04 002.3 133.3  62.8 0.592091 0.488761 0.138738 hargrave 2020-12-14 00:14:42 
TT 630 283.5  40.7 283.5  40.7 1.59E-04 001.4 157.1  68.2 0.211247 0.304649 0.161338 hargrave 2020-12-14 21:00:27 
TT 640 299.1  31.6 299.1  31.6 1.46E-04 000.9 119.6  64.0 0.171724 0.127800 0.142377 hargrave 2020-12-18 15:50:56 
TT 650 282.8  39.0 282.8  39.0 1.24E-04 000.6 156.1  69.9 0.084720 0.077136 0.137062 hargrave 2020-12-18 21:11:37 
TT 660 302.3  29.2 302.3  29.2 1.01E-04 002.1 112.9  61.9 0.289245 0.244051 0.154118 hargrave 2020-12-19 19:33:08 
TT 664 291.7  43.5 291.7  43.5 8.40E-05 001.9 149.1  62.4 0.136404 0.240065 0.130672 hargrave 2020-12-20 14:20:39 
TT 668 308.6  29.1 308.6  29.1 6.73E-05 002.4 111.3  56.5 0.282666 0.089570 0.097713 hargrave 2020-12-22 14:34:22 
TT 672 282.0  48.1 282.0  48.1 4.45E-05 001.6 166.4  61.9 0.098547 0.109613 0.062739 hargrave 2020-12-29 13:05:39 
TT 674 092.1  67.9 092.1  67.9 3.31E-06 081.8 179.8 -01.1 0.084634 2.028323 2.600562 hargrave 2020-12-29 20:25:14 
TT 674 313.1  21.1 313.1  21.1 3.05E-05 002.2 097.7  52.2 0.095377 0.090911 0.012056 hargrave 2020-12-30 10:22:01 
