CF- 88a mag compass orientation (IGRF corrected)
   38.4   2.5  69.0   0.0   0.0   1.0
NRM    300.3  48.6 300.3  48.6 1.59E-03 001.9 147.8  54.6 3.943338 2.236823 2.824308 hargrave 2020-10-09 15:42:15 
TT 100 298.4  48.3 298.4  48.3 1.45E-03 001.3 149.0  55.7 2.533253 1.518305 1.244839 hargrave 2020-10-13 18:23:27 
NRM200 294.7  39.1 294.7  39.1 1.17E-03 003.4 138.6  63.7 6.520186 0.818232 2.030963 hargrave 2020-10-17 18:58:49 
TT 300 293.5  34.8 293.5  34.8 8.98E-04 003.1 131.3  67.0 4.703167 0.794454 1.064713 hargrave 2020-10-30 16:11:01 
TT 400 292.8  33.1 292.8  33.1 6.73E-04 002.5 128.1  68.3 2.731054 0.481583 0.866144 hargrave 2020-11-15 13:04:24 
TT 450 293.0  33.0 293.0  33.0 6.02E-04 002.3 127.6  68.2 2.233491 0.670033 0.778521 hargrave 2020-11-15 22:29:34 
TT 500 293.3  31.0 293.3  31.0 5.42E-04 000.9 122.5  68.8 0.437850 0.682557 0.363860 hargrave 2020-11-18 21:40:53 
TT 525 294.2  32.0 294.2  32.0 5.04E-04 001.7 124.2  67.8 1.174634 0.673197 0.547159 hargrave 2020-11-22 13:34:34 
TT 550 292.9  30.6 292.9  30.6 4.74E-04 003.3 121.7  69.3 2.612081 0.809233 0.316803 hargrave 2020-11-25 19:11:21 
TT 560 292.4  32.4 292.4  32.4 4.46E-04 001.5 126.8  69.0 1.099382 0.153634 0.256167 hargrave 2020-11-27 16:19:47 
TT 570 294.8  29.7 294.8  29.7 3.98E-04 001.9 117.9  68.1 1.077215 0.671851 0.421944 hargrave 2020-12-09 14:42:59 
TT 580 293.1  31.0 293.1  31.0 3.66E-04 002.8 122.7  69.0 1.688782 0.448487 0.291965 hargrave 2020-12-10 13:19:38 
TT 590 292.6  32.6 292.6  32.6 3.40E-04 001.8 127.0  68.7 0.980504 0.348655 0.209284 hargrave 2020-12-10 21:51:17 
TT 600 294.5  31.2 294.5  31.2 3.02E-04 001.6 121.9  67.8 0.604094 0.504680 0.328205 hargrave 2020-12-11 10:15:02 
TT 610 295.1  29.6 295.1  29.6 2.66E-04 001.5 117.4  67.9 0.534951 0.362459 0.261806 hargrave 2020-12-11 23:29:07 
TT 620 295.9  30.5 295.9  30.5 2.09E-04 002.4 119.2  66.9 0.819040 0.157180 0.247573 hargrave 2020-12-14 00:16:22 
TT 630 293.3  32.3 293.3  32.3 1.84E-04 002.7 125.7  68.3 0.836901 0.097748 0.219428 hargrave 2020-12-14 21:02:06 
TT 640 296.4  28.0 296.4  28.0 1.71E-04 001.5 112.6  67.2 0.346134 0.229863 0.185081 hargrave 2020-12-18 15:52:36 
TT 650 291.8  30.3 291.8  30.3 1.58E-04 002.4 122.2  70.3 0.627239 0.055993 0.167296 hargrave 2020-12-18 21:13:18 
TT 660 293.2  32.8 293.2  32.8 1.35E-04 002.4 127.1  68.1 0.538583 0.124991 0.169030 hargrave 2020-12-19 19:34:48 
TT 664 290.9  32.4 290.9  32.4 1.15E-04 001.5 128.8  70.0 0.213657 0.166284 0.131135 hargrave 2020-12-20 14:22:18 
TT 668 297.0  28.3 297.0  28.3 1.02E-04 000.8 113.1  66.7 0.113131 0.094816 0.063411 hargrave 2020-12-22 14:35:44 
TT 672 292.8  30.2 292.8  30.2 7.32E-05 001.0 120.9  69.6 0.084626 0.101764 0.044084 hargrave 2020-12-29 13:06:57 
TT 674 298.1  25.0 298.1  25.0 5.88E-05 002.0 104.6  66.1 0.199478 0.058144 0.040141 hargrave 2020-12-29 20:26:36 
