CF- 90a mag compass orientation (IGRF corrected)
   41.8 355.5  76.0   0.0   0.0   1.0
NRM    298.7  53.3 298.7  53.3 3.81E-04 002.5 153.5  42.8 0.683450 1.093794 1.088592 hargrave 2020-10-09 15:45:42 
TT 100 298.8  52.0 298.8  52.0 3.50E-04 002.4 152.1  43.6 0.221482 1.303099 0.715578 hargrave 2020-10-13 18:26:17 
NRM200 298.0  48.0 298.0  48.0 3.07E-04 003.6 148.4  46.7 1.519348 0.110283 1.230291 hargrave 2020-10-17 19:02:16 
TT 300 296.8  44.9 296.8  44.9 2.32E-04 004.9 145.7  49.3 1.632622 0.796146 0.808264 hargrave 2020-10-30 16:14:20 
TT 400 296.7  39.0 296.7  39.0 1.58E-04 004.1 138.2  52.8 0.948356 0.077879 0.602769 hargrave 2020-11-15 13:07:52 
TT 450 295.1  38.8 295.1  38.8 1.35E-04 003.7 139.0  54.0 0.715975 0.126748 0.508350 hargrave 2020-11-15 22:33:01 
TT 500 294.7  34.3 294.7  34.3 1.16E-04 002.8 132.7  56.7 0.110318 0.463003 0.320326 hargrave 2020-11-18 21:44:21 
TT 525 296.0  39.3 296.0  39.3 1.05E-04 003.0 139.2  53.2 0.259669 0.320918 0.361226 hargrave 2020-11-22 13:38:02 
TT 550 297.5  39.3 297.5  39.3 9.34E-05 002.6 138.0  52.2 0.307101 0.123871 0.267007 hargrave 2020-11-25 19:14:47 
TT 560 296.3  39.4 296.3  39.4 8.97E-05 002.5 139.0  52.9 0.267510 0.155870 0.243755 hargrave 2020-11-27 16:23:16 
TT 570 294.1  42.4 294.1  42.4 8.37E-05 004.8 144.6  52.4 0.756273 0.234082 0.239291 hargrave 2020-12-09 14:45:49 
TT 580 297.2  37.0 297.2  37.0 7.53E-05 003.2 135.0  53.6 0.092377 0.344563 0.233090 hargrave 2020-12-10 13:22:37 
TT 590 291.8  38.3 291.8  38.3 6.85E-05 002.6 141.2  56.4 0.188369 0.183860 0.183174 hargrave 2020-12-10 21:54:49 
TT 600 293.7  34.6 293.7  34.6 6.64E-05 002.9 133.9  57.3 0.217164 0.174580 0.199050 hargrave 2020-12-11 10:18:29 
TT 610 291.9  33.6 291.9  33.6 6.03E-05 003.4 133.9  59.1 0.310386 0.071439 0.167851 hargrave 2020-12-11 23:32:31 
TT 620 295.7  28.6 295.7  28.6 5.28E-05 002.5 122.6  58.5 0.150870 0.102160 0.154962 hargrave 2020-12-14 00:19:48 
TT 630 293.6  31.7 293.6  31.7 4.58E-05 002.8 129.3  58.8 0.133910 0.121920 0.145571 hargrave 2020-12-14 21:05:32 
TT 640 300.8  29.4 300.8  29.4 4.52E-05 002.7 121.2  54.0 0.080574 0.137317 0.149959 hargrave 2020-12-18 15:56:02 
TT 650 298.8  27.7 298.8  27.7 3.94E-05 002.9 119.2  56.1 0.153118 0.066793 0.115043 hargrave 2020-12-18 21:16:43 
TT 660 293.8  30.2 293.8  30.2 3.08E-05 003.5 126.6  59.4 0.162555 0.044558 0.097880 hargrave 2020-12-19 19:38:13 
TT 664 293.5  29.8 293.5  29.8 2.91E-05 004.5 126.0  59.8 0.208292 0.059044 0.091955 hargrave 2020-12-20 14:25:43 
TT 668 290.2  21.2 290.2  21.2 6.37E-05 004.8 110.6  65.4 0.522928 1.297903 3.852882 hargrave 2020-12-22 14:38:30 
TT 672 292.3  24.5 292.3  24.5 2.02E-05 002.2 116.6  62.7 0.056971 0.047473 0.026016 hargrave 2020-12-29 13:09:44 
TT 674 297.8  19.5 297.8  19.5 2.05E-05 002.3 104.7  58.6 0.071327 0.023692 0.037275 hargrave 2020-12-29 20:29:26 
