CF- 91a mag compass orientation (IGRF corrected)
   42.2 315.5  80.0   0.0   0.0   1.0
NRM    297.2  50.6 297.2  50.6 3.51E-04 000.7 140.3  19.3 0.068631 0.304215 0.318701 hargrave 2020-10-09 15:47:22 
TT 100 298.1  47.6 298.1  47.6 3.30E-04 000.6 137.1  19.1 0.204247 0.246958 0.208756 hargrave 2020-10-13 18:27:39 
TT 200 296.2  43.7 296.2  43.7 2.96E-04 002.7 133.1  20.8 1.079385 0.737021 0.464575 hargrave 2020-10-17 19:03:56 
TT 300 296.8  40.6 296.8  40.6 2.34E-04 001.0 129.7  20.7 0.166317 0.102657 0.387373 hargrave 2020-10-30 16:16:04 
TT 400 298.1  39.0 298.1  39.0 1.72E-04 001.2 128.0  19.8 0.210921 0.077770 0.285554 hargrave 2020-11-15 13:09:32 
TT 450 297.8  34.4 297.8  34.4 1.48E-04 004.5 123.1  20.2 1.001438 0.575139 0.204325 hargrave 2020-11-15 22:34:42 
TT 500 297.2  36.9 297.2  36.9 1.23E-04 002.6 125.8  20.6 0.435732 0.335540 0.095738 hargrave 2020-11-18 21:46:02 
TT 525 300.1  34.5 300.1  34.5 1.17E-04 001.1 123.2  18.3 0.167429 0.115832 0.105469 hargrave 2020-11-22 13:39:43 
TT 550 301.3  37.4 301.3  37.4 1.07E-04 001.1 126.2  17.3 0.144880 0.130779 0.065660 hargrave 2020-11-25 19:16:28 
TT 560 297.7  34.9 297.7  34.9 9.82E-05 000.6 123.7  20.3 0.052586 0.069481 0.072715 hargrave 2020-11-27 16:24:56 
TT 570 295.5  36.1 295.5  36.1 8.72E-05 002.5 125.0  22.0 0.318864 0.222087 0.091235 hargrave 2020-12-09 14:47:11 
TT 580 295.3  33.3 295.3  33.3 8.63E-05 001.1 122.0  22.3 0.152774 0.110928 0.071869 hargrave 2020-12-10 13:25:22 
TT 590 297.0  35.9 297.0  35.9 7.74E-05 002.2 124.7  20.8 0.290713 0.146762 0.075047 hargrave 2020-12-10 21:56:11 
TT 600 297.1  35.4 297.1  35.4 7.38E-05 003.7 124.2  20.7 0.394296 0.263541 0.090021 hargrave 2020-12-11 10:20:09 
TT 610 292.9  36.2 292.9  36.2 6.51E-05 001.5 125.4  24.1 0.110167 0.116787 0.082812 hargrave 2020-12-11 23:34:10 
TT 620 293.7  28.3 293.7  28.3 5.50E-05 006.3 116.6  23.9 0.537027 0.271227 0.072051 hargrave 2020-12-14 00:21:28 
TT 630 291.0  36.6 291.0  36.6 4.74E-05 001.0 125.9  25.6 0.054032 0.033001 0.066063 hargrave 2020-12-14 21:07:12 
TT 640 293.8  30.7 293.8  30.7 4.68E-05 001.2 119.2  23.7 0.094051 0.032216 0.047840 hargrave 2020-12-18 15:57:42 
TT 650 292.1  34.2 292.1  34.2 4.25E-05 000.9 123.2  24.9 0.038091 0.048216 0.041187 hargrave 2020-12-18 21:18:23 
TT 660 294.2  30.9 294.2  30.9 3.83E-05 002.5 119.4  23.4 0.137928 0.088772 0.037468 hargrave 2020-12-19 19:39:53 
TT 664 291.5  34.4 291.5  34.4 3.31E-05 004.4 123.4  25.4 0.208127 0.146645 0.037179 hargrave 2020-12-20 14:27:23 
TT 668 258.3  22.0 258.3  22.0 6.30E-05 025.0 114.9  56.4 0.059213 0.568001 4.419059 hargrave 2020-12-22 14:39:58 
TT 668 297.3  31.4 297.3  31.4 3.25E-05 002.3 119.9  20.6 0.095234 0.130155 0.035521 hargrave 2020-12-22 15:34:11 
TT 672 296.6  32.1 296.6  32.1 2.66E-05 001.6 120.7  21.2 0.065422 0.096047 0.033683 hargrave 2020-12-29 13:11:10 
TT 674 291.8  23.4 291.8  23.4 1.94E-05 001.5 111.3  25.6 0.053438 0.031278 0.031744 hargrave 2020-12-29 20:30:48 
TT 676 293.7  27.4 293.7  27.4 1.72E-05 003.4 115.6  23.9 0.094404 0.049415 0.031759 hargrave 2021-01-01 14:40:15 
TT 678 283.4  24.0 283.4  24.0 1.19E-05 002.0 112.2  33.3 0.039759 0.014299 0.006716 hargrave 2021-01-01 22:17:57 
TT 680 294.0  19.7 294.0  19.7 7.39E-06 002.4 107.2  23.5 0.033895 0.012547 0.004624 hargrave 2021-01-02 16:39:15 
TT 682 289.2  29.4 289.2  29.4 2.56E-06 001.8 118.1  27.8 0.006241 0.003409 0.004783 hargrave 2021-01-03 14:02:49 
TT 685 279.3  11.8 279.3  11.8 3.38E-06 004.3 097.3  37.2 0.007207 0.009014 0.024319 hargrave 2021-01-03 20:06:47 
