CF- 97a mag compass orientation (IGRF corrected)
   45.8   0.5  85.0   0.0   0.0   1.0
NRM    290.7  26.6 290.7  26.6 1.90E-04 000.5 140.3  61.1 0.118253 0.108659 0.056955 hargrave 2020-10-09 15:57:28 
TT 100 290.8  27.4 290.8  27.4 1.85E-04 000.9 141.4  60.5 0.257452 0.146627 0.084100 hargrave 2020-10-13 18:36:13 
TT 200 291.0  25.3 291.0  25.3 1.76E-04 002.8 138.0  61.8 0.728953 0.424490 0.141692 hargrave 2020-10-17 19:14:47 
TT 300 291.3  22.8 291.3  22.8 1.51E-04 001.3 133.5  63.2 0.327259 0.057345 0.116412 hargrave 2020-10-30 16:27:15 
TT 400 290.3  21.5 290.3  21.5 1.18E-04 000.8 132.4  64.7 0.143130 0.044984 0.091841 hargrave 2020-11-15 13:19:37 
TT 450 290.0  21.4 290.0  21.4 1.03E-04 000.8 132.6  65.0 0.114287 0.058837 0.069886 hargrave 2020-11-15 22:45:36 
TT 500 290.6  20.9 290.6  20.9 9.37E-05 000.5 131.0  64.9 0.082702 0.047192 0.027387 hargrave 2020-11-19 08:18:49 
TT 525 291.4  21.1 291.4  21.1 8.68E-05 000.6 130.3  64.1 0.081829 0.043655 0.027465 hargrave 2020-11-22 13:50:46 
TT 550 290.8  21.2 290.8  21.2 8.12E-05 000.7 131.3  64.5 0.067142 0.089177 0.027919 hargrave 2020-11-25 19:27:22 
TT 560 291.1  20.0 291.1  20.0 7.84E-05 002.6 128.7  65.0 0.302629 0.178814 0.056587 hargrave 2020-12-07 17:41:06 
TT 570 292.6  20.5 292.6  20.5 7.17E-05 002.6 127.8  63.5 0.096236 0.346989 0.031427 hargrave 2020-12-09 14:55:33 
TT 580 291.8  20.0 291.8  20.0 6.93E-05 001.2 127.8  64.4 0.124163 0.095376 0.025159 hargrave 2020-12-10 13:33:55 
TT 590 290.8  21.0 290.8  21.0 6.59E-05 002.0 130.8  64.6 0.143589 0.180774 0.024497 hargrave 2020-12-10 22:04:31 
TT 600 291.7  19.3 291.7  19.3 6.27E-05 001.9 126.4  64.9 0.178075 0.103290 0.053874 hargrave 2020-12-11 10:31:05 
TT 610 293.0  18.4 293.0  18.4 6.02E-05 001.4 123.2  64.2 0.120294 0.079462 0.059519 hargrave 2020-12-11 23:44:57 
TT 620 292.1  19.5 292.1  19.5 5.72E-05 001.1 126.4  64.4 0.073780 0.091739 0.037056 hargrave 2020-12-14 00:31:37 
TT 630 292.0  18.2 292.0  18.2 5.30E-05 002.9 124.0  65.2 0.234071 0.141557 0.035152 hargrave 2020-12-14 21:18:01 
TT 640 291.1  18.5 291.1  18.5 4.97E-05 001.4 125.5  65.8 0.095197 0.078610 0.048540 hargrave 2020-12-18 16:08:36 
TT 650 291.9  16.2 291.9  16.2 4.40E-05 001.2 119.8  66.2 0.076005 0.052470 0.048113 hargrave 2020-12-18 21:29:13 
TT 660 291.3  17.0 291.3  17.0 3.83E-05 001.9 122.1  66.4 0.098284 0.083463 0.027854 hargrave 2020-12-19 19:49:57 
TT 664 291.4  15.2 291.4  15.2 3.55E-05 001.3 117.9  67.0 0.064086 0.053073 0.025965 hargrave 2020-12-20 14:38:59 
TT 668 292.2  13.5 292.2  13.5 2.77E-05 001.8 113.2  67.0 0.042717 0.085642 0.026426 hargrave 2020-12-22 14:48:16 
TT 672 290.6  14.7 290.6  14.7 2.62E-05 002.1 117.5  68.0 0.084583 0.059065 0.023359 hargrave 2020-12-29 13:20:07 
TT 674 290.2  16.0 290.2  16.0 2.57E-05 001.9 121.2  67.7 0.076854 0.035241 0.021399 hargrave 2020-12-29 20:40:46 
TT 676 289.6  13.0 289.6  13.0 2.22E-05 001.8 114.3  69.5 0.050261 0.058150 0.031973 hargrave 2021-01-01 14:47:14 
TT 678 291.6  16.5 291.6  16.5 2.03E-05 001.1 120.7  66.3 0.041205 0.013783 0.018280 hargrave 2021-01-01 22:24:41 
TT 680 293.1  14.8 293.1  14.8 1.64E-05 000.6 115.4  65.7 0.016369 0.015041 0.020009 hargrave 2021-01-02 16:49:01 
TT 682 288.2  16.2 288.2  16.2 1.14E-05 002.4 124.2  69.3 0.039921 0.027016 0.028011 hargrave 2021-01-03 14:12:35 
TT 685 285.4  18.8 285.4  18.8 4.36E-06 002.1 134.7  70.0 0.009358 0.010983 0.008393 hargrave 2021-01-03 20:13:38 
