CF- 93a mag compass orientation (IGRF corrected)
   43.7   3.5  93.0   0.0   0.0   1.0
NRM    316.2  44.4 316.2  44.4 3.23E-04 001.2 146.3  29.2 0.446928 0.252776 0.432193 hargrave 2020-10-09 15:50:32 
TT 100 309.4  46.8 309.4  46.8 3.06E-04 003.3 152.0  31.0 0.184139 1.501105 0.893661 hargrave 2020-10-13 18:30:14 
NRM200 305.5  37.2 305.5  37.2 2.56E-04 003.6 146.6  40.0 0.779306 1.393831 0.144726 hargrave 2020-10-17 19:07:05 
TT 300 302.9  29.5 302.9  29.5 2.08E-04 000.8 141.1  47.0 0.261037 0.064542 0.144538 hargrave 2020-10-30 16:19:42 
TT 400 300.0  28.2 300.0  28.2 1.55E-04 001.6 142.6  49.7 0.363932 0.220551 0.088783 hargrave 2020-11-15 13:12:42 
TT 450 302.2  28.1 302.2  28.1 1.41E-04 001.5 140.3  48.5 0.137899 0.325945 0.084944 hargrave 2020-11-15 22:37:53 
TT 500 302.1  29.4 302.1  29.4 1.23E-04 001.7 141.8  47.6 0.234796 0.197120 0.207582 hargrave 2020-11-18 21:49:14 
TT 525 300.6  29.5 300.6  29.5 1.17E-04 001.2 143.3  48.4 0.154023 0.124315 0.136311 hargrave 2020-11-22 13:42:55 
TT 550 300.5  28.2 300.5  28.2 1.11E-04 002.1 142.0  49.5 0.065731 0.357322 0.186493 hargrave 2020-11-25 19:19:39 
TT 560 302.3  28.3 302.3  28.3 1.09E-04 003.4 140.5  48.2 0.235157 0.584708 0.161910 hargrave 2020-11-27 16:49:46 
TT 570 301.4  26.5 301.4  26.5 1.01E-04 001.5 139.3  50.1 0.219223 0.150877 0.115979 hargrave 2020-12-09 14:49:49 
TT 580 298.9  27.3 298.9  27.3 9.38E-05 002.7 142.7  51.1 0.353772 0.268125 0.074718 hargrave 2020-12-10 13:28:03 
TT 590 299.4  23.2 299.4  23.2 8.42E-05 003.8 137.5  53.6 0.486779 0.258640 0.110729 hargrave 2020-12-10 21:58:46 
TT 600 294.9  26.1 294.9  26.1 8.30E-05 003.8 145.9  54.3 0.206723 0.509657 0.049944 hargrave 2020-12-11 10:23:19 
TT 610 299.3  21.4 299.3  21.4 7.52E-05 001.2 135.2  54.8 0.052581 0.159291 0.038889 hargrave 2020-12-11 23:37:20 
TT 620 297.7  22.7 297.7  22.7 7.06E-05 001.1 138.7  55.1 0.047354 0.130204 0.030927 hargrave 2020-12-14 00:24:38 
TT 630 294.8  21.3 294.8  21.3 6.12E-05 001.3 140.3  58.0 0.047702 0.129880 0.031726 hargrave 2020-12-14 21:10:22 
TT 640 297.5  19.2 297.5  19.2 5.32E-05 001.2 134.1  57.6 0.067671 0.098450 0.013399 hargrave 2020-12-18 16:00:52 
TT 650 296.6  20.9 296.6  20.9 5.10E-05 001.8 137.6  57.0 0.155499 0.062732 0.015740 hargrave 2020-12-18 21:21:33 
TT 660 299.6  18.9 299.6  18.9 4.39E-05 002.3 131.4  56.3 0.174135 0.051917 0.026840 hargrave 2020-12-19 19:43:05 
TT 664 296.8  17.6 296.8  17.6 3.95E-05 003.3 132.7  59.1 0.123205 0.196535 0.017882 hargrave 2020-12-20 14:31:21 
TT 668 301.2  14.5 301.2  14.5 1.90E-05 028.2 123.3  57.4 0.601415 0.915639 1.709087 hargrave 2020-12-22 14:42:39 
TT 668 300.6  18.4 300.6  18.4 3.84E-05 002.7 129.8  55.8 0.164152 0.058096 0.060184 hargrave 2020-12-22 15:35:33 
TT 672 295.0  15.6 295.0  15.6 3.16E-05 003.3 131.7  61.7 0.183778 0.031711 0.017422 hargrave 2020-12-29 13:13:50 
TT 674 296.8  15.9 296.8  15.9 2.67E-05 001.8 130.0  60.2 0.088313 0.037064 0.007903 hargrave 2020-12-29 20:34:02 
