CF- 98a mag compass orientation (IGRF corrected)
   46.2  46.5  50.0   0.0   0.0   1.0
NRM    307.4  35.2 307.4  35.2 1.91E-04 001.3 301.1  81.3 0.388897 0.210275 0.046509 hargrave 2020-10-09 15:59:13 
TT 100 304.5  37.4 304.5  37.4 1.88E-04 002.1 281.9  80.3 0.690697 0.115647 0.083292 hargrave 2020-10-13 18:37:39 
NRM200 303.8  33.4 303.8  33.4 1.80E-04 002.0 298.9  77.9 0.603680 0.111022 0.037371 hargrave 2020-10-17 19:16:31 
TT 300 302.5  31.4 302.5  31.4 1.58E-04 000.6 302.6  75.8 0.086658 0.148456 0.044357 hargrave 2020-10-30 16:28:54 
TT 400 303.2  28.2 303.2  28.2 1.27E-04 001.5 313.1  73.8 0.322780 0.106366 0.033907 hargrave 2020-11-15 13:21:21 
TT 450 303.3  27.1 303.3  27.1 1.15E-04 001.6 315.6  73.1 0.314608 0.099722 0.034685 hargrave 2020-11-15 22:47:21 
TT 500 303.2  27.8 303.2  27.8 1.08E-04 001.2 314.1  73.6 0.141445 0.171777 0.044799 hargrave 2020-11-19 08:20:34 
TT 525 303.7  26.7 303.7  26.7 1.01E-04 001.0 317.3  73.0 0.049619 0.164481 0.031221 hargrave 2020-11-22 13:52:32 
TT 550 303.2  26.4 303.2  26.4 9.49E-05 000.6 316.9  72.5 0.041957 0.078224 0.058240 hargrave 2020-11-25 19:29:07 
TT 560 303.8  26.6 303.8  26.6 9.23E-05 000.7 318.0  72.9 0.087127 0.068262 0.035610 hargrave 2020-12-07 17:43:22 
TT 570 303.6  26.3 303.6  26.3 8.60E-05 001.2 318.1  72.6 0.121935 0.129327 0.037216 hargrave 2020-12-09 14:56:59 
TT 580 303.1  26.2 303.1  26.2 8.32E-05 002.4 317.1  72.3 0.219574 0.264802 0.037153 hargrave 2020-12-10 13:35:25 
TT 590 303.9  25.1 303.9  25.1 8.19E-05 002.5 320.9  71.8 0.326489 0.144641 0.069218 hargrave 2020-12-10 22:06:02 
TT 600 303.3  24.4 303.3  24.4 7.68E-05 001.3 320.6  70.9 0.127301 0.127075 0.023648 hargrave 2020-12-11 10:32:50 
TT 610 303.3  25.6 303.3  25.6 7.54E-05 001.7 318.6  71.8 0.199859 0.096137 0.022658 hargrave 2020-12-11 23:46:40 
TT 620 302.8  25.8 302.8  25.8 7.41E-05 001.2 317.0  71.7 0.127469 0.095220 0.026445 hargrave 2020-12-14 00:33:21 
TT 630 303.5  27.0 303.5  27.0 6.75E-05 001.9 316.3  73.1 0.197990 0.107724 0.018243 hargrave 2020-12-14 21:19:45 
TT 640 305.2  25.7 305.2  25.7 6.69E-05 001.4 323.3  72.9 0.128992 0.096847 0.017834 hargrave 2020-12-18 16:10:21 
TT 650 304.8  26.0 304.8  26.0 5.79E-05 001.3 321.6  72.9 0.129490 0.044632 0.017657 hargrave 2020-12-18 21:30:58 
TT 660 301.9  27.4 301.9  27.4 5.10E-05 000.7 311.7  72.5 0.051106 0.034221 0.017318 hargrave 2020-12-19 19:51:42 
TT 664 302.4  26.0 302.4  26.0 4.28E-05 001.2 315.7  71.8 0.084457 0.038395 0.020302 hargrave 2020-12-20 14:40:42 
TT 668 304.0  26.5 304.0  26.5 3.20E-05 002.5 318.6  72.9 0.132088 0.024016 0.041333 hargrave 2020-12-22 14:49:39 
TT 672 303.8  27.9 303.8  27.9 3.15E-05 002.5 315.2  74.0 0.126244 0.023416 0.044400 hargrave 2020-12-29 13:21:31 
TT 674 305.5  25.6 305.5  25.6 3.10E-05 000.8 324.2  72.9 0.033928 0.018852 0.028723 hargrave 2020-12-29 20:42:12 
