CF- 92a mag compass orientation (IGRF corrected)
   42.4 349.5  63.0   0.0   0.0   1.0
NRM    291.9  50.9 291.9  50.9 3.13E-04 002.3 143.1  55.7 0.655205 1.087951 0.199638 hargrave 2020-10-09 15:48:59 
TT 100 292.2  51.2 292.2  51.2 3.01E-04 002.4 143.4  55.4 0.139182 1.168329 0.415844 hargrave 2020-10-13 18:28:58 
NRM200 288.9  48.4 288.9  48.4 2.76E-04 001.8 141.1  58.7 0.637151 0.588012 0.078715 hargrave 2020-10-17 19:05:32 
TT 300 286.9  45.9 286.9  45.9 2.18E-04 001.5 138.3  61.2 0.400917 0.391344 0.056271 hargrave 2020-10-30 16:17:52 
TT 400 282.7  45.8 282.7  45.8 1.67E-04 002.0 141.7  63.7 0.414301 0.393197 0.049562 hargrave 2020-11-15 13:11:09 
TT 450 281.4  47.4 281.4  47.4 1.49E-04 000.8 145.7  63.4 0.195688 0.059623 0.071533 hargrave 2020-11-15 22:36:19 
TT 500 277.0  46.9 277.0  46.9 1.28E-04 002.2 150.0  65.8 0.115792 0.474765 0.070328 hargrave 2020-11-18 21:47:40 
TT 525 278.1  48.5 278.1  48.5 1.23E-04 002.3 151.1  64.1 0.173786 0.458794 0.059201 hargrave 2020-11-22 13:41:21 
TT 550 286.5  43.2 286.5  43.2 1.20E-04 002.1 133.6  62.8 0.214220 0.386256 0.062336 hargrave 2020-11-25 19:18:05 
TT 560 280.3  43.6 280.3  43.6 1.17E-04 001.5 140.0  66.4 0.097382 0.283446 0.035383 hargrave 2020-11-27 16:26:33 
TT 570 283.3  41.8 283.3  41.8 1.03E-04 002.6 133.4  65.5 0.344943 0.323155 0.039716 hargrave 2020-12-09 14:48:30 
TT 580 283.7  39.7 283.7  39.7 9.53E-05 002.1 128.3  66.2 0.340725 0.126099 0.028245 hargrave 2020-12-10 13:26:44 
TT 590 280.6  42.0 280.6  42.0 8.58E-05 002.7 136.6  67.2 0.218543 0.349211 0.020790 hargrave 2020-12-10 21:57:30 
TT 600 279.5  37.7 279.5  37.7 8.45E-05 001.9 127.5  70.1 0.203665 0.186536 0.030190 hargrave 2020-12-11 10:21:46 
TT 610 279.2  39.0 279.2  39.0 7.33E-05 000.9 131.1  69.7 0.058816 0.105572 0.031709 hargrave 2020-12-11 23:35:47 
TT 620 283.4  40.0 283.4  40.0 6.70E-05 003.3 129.3  66.3 0.276064 0.264477 0.032676 hargrave 2020-12-14 00:23:05 
TT 630 280.8  40.8 280.8  40.8 6.04E-05 001.9 133.6  67.7 0.142694 0.146712 0.034971 hargrave 2020-12-14 21:08:49 
TT 640 283.7  40.9 283.7  40.9 5.88E-05 001.7 131.0  65.7 0.107700 0.143888 0.029932 hargrave 2020-12-18 15:59:19 
TT 650 279.3  42.0 279.3  42.0 5.67E-05 001.9 137.9  68.0 0.104113 0.163664 0.019395 hargrave 2020-12-18 21:20:00 
TT 660 282.8  39.6 282.8  39.6 4.92E-05 001.4 129.0  66.9 0.080237 0.096092 0.028427 hargrave 2020-12-19 19:41:31 
TT 664 275.2  40.0 275.2  40.0 4.17E-05 001.7 139.0  71.6 0.066994 0.108553 0.031777 hargrave 2020-12-20 14:29:49 
TT 668 283.8  36.0 283.8  36.0 7.08E-05 005.7 119.7  67.5 0.146220 1.396647 3.054681 hargrave 2020-12-22 14:41:20 
TT 672 286.1  44.8 286.1  44.8 3.22E-05 001.4 137.0  62.3 0.023075 0.075498 0.012049 hargrave 2020-12-29 13:12:32 
TT 674 286.9  39.1 286.9  39.1 2.68E-05 000.9 125.0  64.2 0.022842 0.043789 0.013282 hargrave 2020-12-29 20:32:06 
