3.818465474413012828e+01
3.764848216937902947e+01
3.711631804365332243e+01
3.658817912899942826e+01
3.606408299066887224e+01
3.554404723316250880e+01
3.502808890086576810e+01
3.451622401772605997e+01
3.400846724245719344e+01
3.350483161852359615e+01
3.300532840108598265e+01
3.250996694588203439e+01
3.201875464753268119e+01
3.153169691695518040e+01
3.104879718943137590e+01
3.057005695644949483e+01
3.009547581573965047e+01
2.962505153500141475e+01
2.915878012570572153e+01
2.869665592407791266e+01
2.823867167696030833e+01
2.778481863073492164e+01
2.733508662187966820e+01
2.688946416804995465e+01
2.644793855883792943e+01
2.601049594557034439e+01
2.557712142967741187e+01
2.514779914930239002e+01
2.472251236393344698e+01
2.430124353692930228e+01
2.388397441588247716e+01
2.347068611082389467e+01
2.306135917031922489e+01
2.265597365554656761e+01
2.225450921247682956e+01
2.185694514230403485e+01
2.146326047029523920e+01
2.107343401324758503e+01
2.068744444575849428e+01
2.030527036552759412e+01
1.992689035792607299e+01
1.955228306008060102e+01
1.918142722473583817e+01
1.881430178417251753e+01
1.845088591447568405e+01
1.809115910046571329e+01
1.773510120162284665e+01
1.738269251936095472e+01
1.703391386602838153e+01
1.668874663604464104e+01
1.634717287961131049e+01
1.600917537947406188e+01
1.567473773125151126e+01
1.534384442789451164e+01
1.501648094889120344e+01
1.469263385489217377e+01
1.437229088849760217e+01
1.405544108202223441e+01
1.374207487314020959e+01
1.343218422940668511e+01
1.312576278275926001e+01
1.282280597522486509e+01
1.252331121719004337e+01
1.222727805974516713e+01
1.193470838278033774e+01
1.164560660069811604e+01
1.135997988781529777e+01
1.107783842575575228e+01
1.079919567538724756e+01
1.052406867612922170e+01
1.025247837575554755e+01
9.984449994133953510e+00
9.720013424676162472e+00
9.459203677620248385e+00
9.202061369610376573e+00
8.948633264372325868e+00
8.698972869581682588e+00
8.453141095249719683e+00
8.211206979078930601e+00
7.973248484192807517e+00
7.739353374355270709e+00
7.509620171151132340e+00
7.284159196459015995e+00
7.063093701736551822e+00
6.846561082906909235e+00
6.634714175704542249e+00
6.427722620830826905e+00
6.225774280757086387e+00
6.029076679992971144e+00
5.837858427555752350e+00
5.652370563706040407e+00
5.472887752278366769e+00
5.299709214927830203e+00
5.133159274555418428e+00
4.973587343043087472e+00
4.821367155377020097e+00
4.676895021991127166e+00
4.540586849549860027e+00
4.412873675490666336e+00
4.294195483687198944e+00
4.184993128923157002e+00
4.085698306830161997e+00
3.996721669463805249e+00
3.918439401795907440e+00
3.851178824681069646e+00
3.795203842913773773e+00
3.750701265940494356e+00
3.717769139987825433e+00
3.696408197053876687e+00
3.686517324766405590e+00
3.687893604181849305e+00
3.700237001988516905e+00
3.723159320046605991e+00
3.756196586932808223e+00
3.798823794363976880e+00
3.850470771880821097e+00
3.910538051160982853e+00
3.978411758899458750e+00
4.053476839208953741e+00
4.135128187319735638e+00
4.222779532150152448e+00
4.315870109451625858e+00
4.413869309837670230e+00
4.516279569800993876e+00
4.622637808994898734e+00
4.732515716569550612e+00
4.845519165844857312e+00
4.961287000573467942e+00
5.079489395317365208e+00
5.199825952218111169e+00
5.322023659762382231e+00
5.445834807493333152e+00
5.571034924434762559e+00
5.697420788032581562e+00
5.824808534124783499e+00
5.953031886109544146e+00
6.081940512384022668e+00
6.211398514597407328e+00
6.341283044732316299e+00
6.471483046020757079e+00
6.601898110815023202e+00
6.732437447478383241e+00
6.863018947888826382e+00
6.993568347088020332e+00
7.124018466818089479e+00
7.254308535075826292e+00
7.384383574309269171e+00
7.514193851421532067e+00
7.643694383316455898e+00
7.772844492272282579e+00
7.901607405975364706e+00
8.029949897544859994e+00
8.157841961357510385e+00
8.285256520910198930e+00
8.412169165358385214e+00
8.538557911720674909e+00
8.664402990070536603e+00
8.789686649317347999e+00
8.914392981446523478e+00
9.038507762315104443e+00
9.162018307307361553e+00
9.284913340340025911e+00
9.407182874868396993e+00
9.528818105690788798e+00
9.649811310478789039e+00
9.770155760073709672e+00
9.889845636693317843e+00
1.000887595928130835e+01
1.012724251531511044e+01
1.024494179845642883e+01
1.036197095149374725e+01
1.047832771408330998e+01
1.059401037484319197e+01
1.070901772740287328e+01
1.082334903004785787e+01
1.093700396863664537e+01
1.104998262249834085e+01
1.116228543304768905e+01
1.127391317487995970e+01
1.138486692913106069e+01
