3.818465474413012828e+01
3.807710030753543151e+01
3.796970571256222371e+01
3.786247107653229449e+01
3.775539652059980966e+01
3.764848216937902947e+01
3.754172815058556267e+01
3.743513459469227911e+01
3.732870163459880075e+01
3.722242940531419464e+01
3.711631804365332243e+01
3.701036768794568133e+01
3.690457847775701339e+01
3.679895055362322864e+01
3.669348405679586733e+01
3.658817912899942826e+01
3.648303591219979580e+01
3.637805454838358798e+01
3.627323517934786423e+01
3.616857794650029945e+01
3.606408299066885093e+01
3.595975045192137998e+01
3.585558046939384980e+01
3.575157318112820093e+01
3.564772872391787928e+01
3.554404723316248749e+01
3.544052884272945647e+01
3.533717368482420795e+01
3.523398188986712398e+01
3.513095358637772136e+01
3.502808890086576810e+01
3.492538795772866678e+01
3.482285087915536792e+01
3.472047778503606708e+01
3.461826879287791314e+01
3.451622401772603865e+01
3.441434357209016071e+01
3.431262756587587859e+01
3.421107610632132179e+01
3.410968929793818916e+01
3.400846724245718633e+01
3.390741003877815274e+01
3.380651778292391896e+01
3.370579056799799389e+01
3.360522848414661468e+01
3.350483161852359615e+01
3.340460005525933695e+01
3.330453387543245469e+01
3.320463315704509455e+01
3.310489797500095221e+01
3.300532840108598265e+01
3.290592450395231339e+01
3.280668634910436765e+01
3.270761399888748144e+01
3.260870751247909283e+01
3.250996694588203439e+01
3.241139235191982948e+01
3.231298378023434736e+01
3.221474127728531300e+01
3.211666488635118810e+01
3.201875464753268119e+01
3.192101059775704286e+01
3.182343277078448907e+01
3.172602119721598868e+01
3.162877590450246501e+01
3.153169691695518040e+01
3.143478425575782609e+01
3.133803793897928358e+01
3.124145798158804510e+01
3.114504439546731263e+01
3.104879718943137590e+01
3.095271636924283243e+01
3.085680193763092660e+01
3.076105389431031867e+01
3.066547223600107941e+01
3.057005695644949483e+01
3.047480804644907337e+01
3.037972549386284982e+01
3.028480928364579228e+01
3.019005939786823234e+01
3.009547581573965047e+01
3.000105851363285581e+01
2.990680746510889065e+01
2.981272264094233648e+01
2.971880400914688636e+01
2.962505153500141475e+01
2.953146518107646301e+01
2.943804490726091672e+01
2.934479067078915904e+01
2.925170242626826678e+01
2.915878012570569311e+01
2.906602371853716349e+01
2.897343315165453959e+01
2.888100836943411664e+01
2.878874931376504520e+01
2.869665592407791266e+01
2.860472813737336395e+01
2.851296588825081102e+01
2.842136910893749757e+01
2.832993772931742527e+01
2.823867167696030833e+01
2.814757087715078043e+01
2.805663525291748783e+01
2.796586472506232113e+01
2.787525921218951197e+01
2.778481863073492875e+01
2.769454289499523725e+01
2.760443191715708622e+01
2.751448560732618276e+01
2.742470387355655959e+01
2.733508662187965044e+01
2.724563375633312390e+01
2.715634517899010092e+01
2.706722078998798864e+01
2.697826048755711170e+01
2.688946416804993689e+01
2.680083172596931007e+01
2.671236305399722966e+01
2.662405804302342105e+01
2.653591658217362337e+01
2.644793855883792943e+01
2.636012385869891617e+01
2.627247236575984601e+01
2.618498396237251669e+01
2.609765852926522101e+01
2.601049594557034439e+01
2.592349608885218970e+01
2.583665883513414840e+01
2.574998405892627673e+01
2.566347163325240288e+01
2.557712142967742608e+01
2.549093331833395126e+01
2.540490716794935366e+01
2.531904284587242770e+01
2.523334021809971617e+01
2.514779914930239002e+01
2.506241950285195585e+01
2.497720114084686216e+01
2.489214392413818189e+01
2.480724771235572490e+01
2.472251236393344698e+01
2.463793773613527449e+01
2.455352368508049565e+01
2.446927006576902031e+01
2.438517673210643366e+01
2.430124353692928452e+01
2.421747033202977306e+01
2.413385696818039960e+01
2.405040329515894371e+01
2.396710916177263684e+01
2.388397441588245584e+01
2.380099890442770416e+01
2.371818247344962316e+01
2.363552496811574954e+01
2.355302623274349472e+01
2.347068611082389467e+01
2.338850444504534209e+01
2.330648107731675367e+01
2.322461584879104279e+01
2.314290859988835436e+01
2.306135917031922489e+01
2.297996739910728792e+01
2.289873312461236310e+01
2.281765618455315803e+01
2.273673641602984929e+01
2.265597365554656761e+01
2.257536773903407834e+01
2.249491850187170172e+01
2.241462577890983709e+01
2.233448940449202169e+01
2.225450921247679403e+01
2.217468503625987353e+01
2.209501670879568991e+01
2.201550406261942072e+01
2.193614692986845327e+01
2.185694514230403485e+01
2.177789853133278797e+01
2.169900692802803377e+01
2.162027016315126460e+01
2.154168806717321161e+01
2.146326047029520723e+01
2.138498720247030249e+01
2.130686809342421384e+01
2.122890297267641202e+01
2.115109166956096232e+01
2.107343401324761700e+01
2.099592983276235003e+01
2.091857895700834291e+01
2.084138121478677164e+01
2.076433643481720281e+01
2.068744444575849428e+01
2.061070507622935111e+01
2.053411815482890646e+01
2.045768351015716036e+01
2.038140097083560676e+01
2.030527036552759768e+01
2.022929152295909461e+01
2.015346427193876622e+01
2.007778844137864027e+01
2.000226386031443582e+01
1.992689035792607299e+01
1.985166776355799101e+01
1.977659590673961176e+01
1.970167461720578217e+01
1.962690372491719515e+01
1.955228306008062233e+01
1.947781245316970811e+01
1.940349173494522006e+01
1.932932073647558724e+01
1.925529928915730338e+01
1.918142722473583817e+01
1.910770437532572785e+01
1.903413057343151138e+01
1.896070565196825441e+01
1.888742944428245707e+01
1.881430178417247845e+01
1.874132250590961490e+01
1.866849144425893314e+01
1.859580843450004650e+01
1.852327331244825359e+01
1.845088591447566273e+01
1.837864607753220625e+01
1.830655363916699230e+01
1.823460843754937954e+01
1.816281031149068781e+01
1.809115910046567421e+01
1.801965464463390987e+01
1.794829678486159352e+01
1.787708536274349314e+01
1.780602022062469914e+01
1.773510120162282533e+01
1.766432814965013876e+01
1.759370090943574994e+01
1.752321932654822589e+01
1.745288324741822805e+01
1.738269251936092985e+01
1.731264699059929058e+01
1.724274651028680339e+01
1.717299092853093612e+01
1.710338009641633406e+01
1.703391386602840285e+01
1.696459209047725736e+01
1.689541462392127968e+01
1.682638132159164357e+01
1.675749203981628810e+01
1.668874663604461617e+01
1.662014496887240966e+01
1.655168689806638227e+01
1.648337228458962045e+01
1.641520099062716298e+01
1.634717287961131049e+01
1.627928781624786225e+01
1.621154566654211138e+01
1.614394629782533030e+01
1.607648957878139839e+01
1.600917537947404057e+01
1.594200357137385105e+01
1.587497402738582331e+01
1.580808662187757996e+01
1.574134123070708746e+01
1.567473773125151126e+01
1.560827600243597146e+01
1.554195592476249566e+01
1.547577738033989370e+01
1.540974025291325056e+01
1.534384442789446368e+01
1.527808979239276255e+01
1.521247623524553738e+01
1.514700364704981084e+01
1.508167192019433323e+01
1.501648094889123008e+01
1.495143062920891097e+01
1.488652085910536194e+01
1.482175153846115734e+01
1.475712256911384479e+01
1.469263385489217377e+01
1.462828530165089980e+01
1.456407681730634884e+01
1.450000831187241346e+01
1.443607969749666786e+01
1.437229088849760217e+01
1.430864180140188502e+01
1.424513235498256947e+01
1.418176247029747827e+01
1.411853207072877581e+01
1.405544108202223441e+01
1.399248943232799469e+01
1.392967705224151054e+01
1.386700387484497021e+01
1.380446983574996977e+01
1.374207487314026288e+01
1.367981892781508613e+01
1.361770194323419325e+01
1.355572386556230136e+01
1.349388464371537921e+01
1.343218422940663004e+01
1.337062257719446734e+01
1.330919964452978377e+01
1.324791539180570865e+01
1.318676978240662834e+01
1.312576278275926001e+01
1.306489436238354074e+01
1.300416449394541196e+01
1.294357315330959324e+01
1.288312031959413417e+01
1.282280597522486509e+01
1.276263010599195979e+01
1.270259270110670080e+01
1.264269375325928202e+01
1.258293325867819235e+01
1.252331121719001139e+01
1.246382763228072577e+01
1.240448251115778966e+01
1.234527586481378414e+01
1.228620770809050278e+01
1.222727805974516713e+01
1.216848694251686247e+01
1.210983438319496663e+01
1.205132041268844389e+01
1.199294506609644273e+01
1.193470838278036794e+01
1.187661040643709498e+01
1.181865118517391089e+01
1.176083077158423684e+01
1.170314922282555337e+01
1.164560660069811604e+01
1.158820297172561986e+01
1.153093840723718877e+01
1.147381298345089817e+01
1.141682678155914310e+01
1.135997988781529777e+01
1.130327239362231317e+01
1.124670439562300217e+01
1.119027599579193399e+01
1.113398730152911398e+01
1.107783842575575228e+01
1.102182948701151410e+01
1.096596060955402585e+01
1.091023192346003157e+01
1.085464356472873071e+01
1.079919567538721381e+01
1.074388840359777930e+01
1.068872190376723808e+01
1.063369633665876179e+01
1.057881186950618080e+01
1.052406867612922170e+01
1.046946693705283948e+01
1.041500683962766161e+01
1.036068857815310373e+01
1.030651235400344135e+01
1.025247837575551202e+01
1.019858685932002196e+01
1.014483802807452939e+01
1.009123211299944600e+01
1.003776935281730864e+01
9.984449994133953510e+00
9.931274291582711911e+00
9.878242507972402109e+00
9.825354914436987386e+00
9.772611790589003533e+00
9.720013424676086089e+00
9.667560113740337968e+00
9.615252163780990458e+00
9.563089889920419751e+00
9.511073616573547440e+00
9.459203677620248385e+00
9.407480416581874394e+00
9.355904186800630740e+00
9.304475351622846446e+00
9.253194284586369278e+00
9.202061369610376573e+00
9.151077001190564886e+00
9.100241584597233313e+00
9.049555536077400930e+00
8.999019283061219454e+00
8.948633264372325868e+00
8.898397930442110138e+00
8.848313743528686715e+00
8.798381177939674558e+00
8.748600720259496200e+00
8.698972869581682588e+00
8.649498137744078718e+00
8.600177049570730148e+00
8.551010143116819506e+00
8.501997969918814846e+00
8.453141095249719683e+00
8.404440098378483270e+00
8.355895572834896257e+00
8.307508126679378435e+00
8.259278382777296201e+00
8.211206979078930601e+00
8.163294568904628790e+00
8.115541821234577569e+00
8.067949421004533050e+00
8.020518069405886408e+00
7.973248484192761332e+00
7.926141399992815195e+00
7.879197568624051407e+00
7.832417759417664271e+00
7.785802759545883411e+00
7.739353374355317783e+00
7.693070427705960945e+00
7.646954762316025445e+00
7.601007240112112484e+00
7.555228742585101465e+00
7.509620171151135004e+00
7.464182447519466024e+00
7.418916514064306078e+00
7.373823334203430946e+00
7.328903892781388763e+00
7.284159196459015995e+00
7.239590274107401413e+00
7.195198177208357748e+00
7.150983980258403427e+00
7.106948781180189023e+00
7.063093701736551822e+00
7.019419887951275250e+00
6.975928510533397464e+00
6.932620765307120791e+00
6.889497873645214376e+00
6.846561082906909235e+00
6.803811666880314135e+00
6.761250926227649671e+00
6.718880188934708286e+00
6.676700810762962846e+00
6.634714175704542249e+00
6.592921696440382284e+00
6.551324814799633245e+00
6.509925002221016221e+00
6.468723760215604912e+00
6.427722620830714106e+00
6.386923147112871568e+00
6.346326933571934781e+00
6.305935606643263469e+00
6.265750825149132730e+00
6.225774280757086387e+00
6.186007698436499780e+00
6.146452836910084372e+00
6.107111489102125645e+00
6.067985482580613876e+00
6.029076679992971144e+00
5.990386979494834563e+00
5.951918315170498630e+00
5.913672657442976544e+00
5.875652013474853774e+00
5.837858427555752350e+00
5.800293981477684824e+00
5.762960794895181316e+00
5.725861025669223281e+00
5.688996870194450217e+00
5.652370563706106132e+00
5.615984380566774625e+00
5.579840634530009780e+00
5.543941678980086607e+00
5.508289907144414244e+00
5.472887752278366769e+00
5.437737687819105936e+00
5.402842227506207351e+00
5.368203925468256976e+00
5.333825376271480678e+00
5.299709214927968759e+00
5.265858116862472293e+00
5.232274797833993851e+00
5.198962013808689164e+00
5.165922560783609896e+00
5.133159274555276319e+00
5.100675030434393520e+00
5.068472742898422645e+00
5.036555365183782662e+00
5.004925888811349921e+00
4.973587343043087472e+00
4.942542794267453132e+00
4.911795345308676453e+00
4.881348134656922966e+00
4.851204335618398922e+00
4.821367155376944602e+00
4.791839833969691043e+00
4.762625643168770573e+00
4.733727885269017222e+00
4.705149891775695536e+00
4.676895021991127166e+00
4.648966661495703256e+00
4.621368220522176884e+00
4.594103132217157714e+00
4.567174850791130503e+00
4.540586849549779203e+00
4.514342618809052077e+00
4.488445663687754106e+00
4.462899501778874622e+00
4.437707660695331846e+00
4.412873675490583736e+00
4.388401085952409630e+00
4.364293433769916852e+00
4.340554259571813844e+00
4.317187099838694309e+00
4.294195483687028414e+00
4.271582929528272565e+00
4.249352941603349976e+00
4.227509006396097391e+00
4.206054588925172588e+00
4.184993128923069960e+00
4.164328036899722640e+00
4.144062690101128155e+00
4.124200428363477222e+00
4.104744549872209269e+00
4.085698306830161997e+00
4.067064901042722447e+00
4.048847479429417362e+00
4.031049129466786951e+00
4.013672874576103666e+00
3.996721669463805249e+00
3.980198395424312086e+00
3.964105855619159069e+00
3.948446770341120349e+00
3.933223772279564212e+00
3.918439401796000698e+00
3.904096102226356724e+00
3.890196215223031384e+00
3.876741976149946201e+00
3.863735509547876923e+00
3.851178824680974611e+00
3.839073811184742890e+00
3.827422234825621938e+00
3.816225733390997021e+00
3.805485812723503170e+00
3.795203842913773773e+00
3.785381054668447653e+00
3.776018535866132897e+00
3.767117228315847388e+00
3.758677924732654940e+00
3.750701265940494356e+00
3.743187738317926172e+00
3.736137671495174839e+00
3.729551236314201823e+00
3.723428443062919424e+00
3.717769139987825433e+00
3.712573012097060587e+00
3.707839580257698664e+00
3.703568200591688786e+00
3.699758064176912331e+00
3.696408197053876687e+00
3.693517460537476982e+00
3.691084551838907490e+00
3.689108004991572543e+00
3.687586192079785885e+00
3.686517324766504622e+00
3.685899456114670514e+00
3.685730482695686927e+00
3.686008146975790378e+00
3.686730039974506212e+00
3.687893604181749829e+00
3.689496136725612274e+00
3.691534792776146379e+00
3.694006589175533595e+00
3.696908408278266389e+00
3.700237001988516905e+00
3.703988995980979304e+00
3.708160894088425863e+00
3.712749082839864379e+00
3.717749836136439612e+00
3.723159320046605991e+00
3.728973597704032805e+00
3.735188634295496968e+00
3.741800302118688304e+00
3.748804385696588692e+00
3.756196586932808223e+00
3.763972530291916474e+00
3.772127767990672620e+00
3.780657785184694752e+00
3.789558005138156549e+00
3.798823794363976880e+00
3.808450467717419574e+00
3.818433293438610487e+00
3.828767498126010693e+00
3.839448271633366438e+00
3.850470771880726506e+00
3.861830129569593595e+00
3.873521452793280417e+00
3.885539831538131317e+00
3.897880342063654080e+00
3.910538051161076112e+00
3.923508020281194053e+00
3.936785309528793686e+00
3.950364981519790319e+00
3.964242105096180246e+00
3.978411758899458750e+00
3.992869034797094763e+00
4.007609041164115204e+00
4.022626906016019355e+00
4.037917779994874223e+00
4.053476839208864035e+00
4.069299287924346586e+00
4.085380361113240433e+00
4.101715326857337196e+00
4.118299488610118964e+00
4.135128187319735638e+00
4.152196803415427517e+00
4.169500758659171247e+00
4.187035517867059298e+00
4.204796590503402598e+00
4.222779532150152448e+00
4.240979945855681166e+00
4.259393483367876598e+00
4.278015846252444021e+00
4.296842786904025324e+00
4.315870109451457104e+00
4.335093670561671608e+00
4.354509380146901698e+00
4.374113201979097809e+00
4.393901154215425819e+00
4.413869309837588517e+00
4.434013797012516633e+00
4.454330799372749894e+00
4.474816556227330544e+00
4.495467362699463010e+00
4.516279569800993876e+00
4.537249584443696193e+00
4.558373869392047695e+00
4.579648943160535168e+00
4.601071379860331767e+00
4.622637808994898734e+00
4.644344915212693437e+00
4.666189438015832636e+00
4.688168171429786035e+00
4.710277963635726373e+00
4.732515716569473341e+00
4.754878385488860992e+00
4.777362978511203728e+00
4.799966556125741413e+00
4.822686230679924080e+00
4.845519165845008303e+00
4.868462576060576197e+00
4.891513725961996073e+00
4.914669929789369895e+00
4.937928550784487669e+00
4.961287000573541661e+00
4.984742738538781914e+00
5.008293271180535911e+00
5.031936151470855378e+00
5.055668978199986618e+00
5.079489395317294154e+00
5.103395091267860728e+00
5.127383798324628650e+00
5.151453291919513511e+00
5.175601389972131372e+00
5.199825952218041003e+00
5.224124879537782817e+00
5.248496113286417852e+00
5.272937634625751713e+00
5.297447463857640315e+00
5.322023659762382231e+00
5.346664318939098770e+00
5.371367575151442253e+00
5.396131598677532004e+00
5.420954595665203435e+00
5.445834807493333152e+00
5.470770510138369680e+00
5.495760013548098399e+00
5.520801661020924733e+00
5.545893828593677632e+00
5.571034924434762559e+00
5.596223388246176711e+00
5.621457690672436058e+00
5.646736332717509299e+00
5.672057845169403478e+00
5.697420788032645511e+00
5.722823749970191720e+00
5.748265347751486232e+00
5.773744225710763622e+00
5.799259055212267810e+00
5.824808534124783499e+00
5.850391386304678143e+00
5.876006361086312246e+00
5.901652232781831486e+00
5.927327800189424067e+00
5.953031886109666715e+00
5.978763336869438838e+00
6.004521021856566776e+00
6.030303833059854846e+00
6.056110684619365969e+00
6.081940512384022668e+00
6.107792273477583578e+00
6.133664945872610907e+00
6.159557527972180146e+00
6.185469038199997271e+00
6.211398514597347820e+00
6.237345014429076961e+00
6.263307613795812578e+00
6.289285407254795679e+00
6.315277507446816152e+00
6.341283044732258567e+00
6.367301166832803894e+00
6.393331038480649653e+00
6.419371841074965168e+00
6.445422772345198226e+00
6.471483046020757079e+00
6.497551891507781896e+00
6.523628553572384803e+00
6.549712292029931326e+00
6.575802381441385513e+00
6.601898110815023202e+00
6.627998783315147691e+00
6.654103715975867139e+00
6.680212239421631004e+00
6.706323697593068900e+00
6.732437447478383241e+00
6.758552858850871203e+00
6.784669314011407160e+00
6.810786207536398962e+00
6.836902946031229611e+00
6.863018947888826382e+00
6.889133643052561595e+00
6.915246472785213427e+00
6.941356889442471534e+00
6.967464356250339108e+00
6.993568347088073622e+00
7.019668346276024096e+00
7.045763848366825677e+00
7.071854357941533387e+00
7.097939389410679922e+00
7.124018466817986450e+00
7.150091123650508251e+00
7.176156902649675651e+00
7.202215355629732585e+00
7.228266043297148613e+00
7.254308535075826292e+00
7.280342408934687093e+00
7.306367251219575643e+00
7.332382656488730888e+00
7.358388227351258415e+00
7.384383574309269171e+00
7.410368315603285794e+00
7.436342077061535605e+00
7.462304491951107011e+00
7.488255200833250136e+00
7.514193851421580916e+00
7.540120098442814722e+00
7.566033603500967430e+00
7.591934034943966125e+00
7.617821067733341778e+00
7.643694383316455898e+00
7.669553669501555149e+00
7.695398620335375028e+00
7.721228935983081243e+00
7.747044322611213119e+00
7.772844492272282579e+00
7.798629162793126568e+00
7.824398057663489503e+00
7.850150905929151435e+00
7.875887442085767631e+00
7.901607405975364706e+00
7.927310542685130912e+00
7.952996602447990782e+00
7.978665340545505025e+00
8.004316517212824778e+00
8.029949897544904402e+00
8.055565251405534255e+00
8.081162353338026350e+00
8.106740982476905444e+00
8.132300922462693649e+00
8.157841961357465976e+00
8.183363891562612125e+00
8.208866509737793749e+00
8.234349616722434817e+00
8.259813017457533491e+00
8.285256520910198930e+00
8.310679939999291221e+00
8.336083091522068500e+00
8.361465796083431101e+00
8.386827878025229666e+00
8.412169165358385214e+00
8.437489489694925737e+00
8.462788686182816988e+00
8.488066593440910523e+00
8.513323053496110404e+00
8.538557911720674909e+00
8.563771016772326661e+00
8.588962220533943537e+00
8.614131378055358113e+00
8.639278347496494703e+00
8.664402990070579236e+00
8.689505169989734767e+00
8.714584754410521938e+00
8.739641613381552432e+00
8.764675619791326255e+00
8.789686649317347999e+00
8.814674580376612667e+00
8.839639294076299336e+00
8.864580674166131047e+00
8.889498606991390162e+00
8.914392981446523478e+00
8.939263688930495277e+00
8.964110623301721148e+00
8.988933680835136997e+00
9.013732760179442138e+00
9.038507762315065364e+00
9.063258590513450841e+00
9.087985150296431058e+00
9.112687349397072367e+00
9.137365097720753226e+00
9.162018307307322473e+00
9.186646892293468980e+00
9.211250768876668715e+00
9.235829855278719691e+00
9.260384071711115439e+00
9.284913340340025911e+00
9.309417585252546701e+00
9.333896732423449194e+00
9.358350709682682123e+00
9.382779446682906865e+00
9.407182874868436073e+00
9.431560927444193609e+00
9.455913539345559116e+00
9.480240647208409754e+00
9.504542189340098091e+00
9.528818105690826101e+00
9.553068337825337153e+00
9.577292828895544119e+00
9.601491523613182366e+00
9.625664368223514344e+00
9.649811310478789039e+00
9.673932299612964414e+00
9.698027286316305506e+00
9.722096222710721491e+00
9.746139062325612556e+00
9.770155760073746976e+00
9.794146272227985506e+00
9.818110556398535138e+00
9.842048571509923960e+00
9.865960277779025844e+00
9.889845636693317843e+00
9.913704610989489296e+00
9.937537164632409770e+00
9.961343262794388309e+00
9.985122871835040215e+00
1.000887595928130835e+01
1.003260249380781488e+01
1.005630244521783645e+01
1.007997578442425279e+01
1.010362248343102642e+01
1.012724251531514774e+01
1.015083585420829770e+01
1.017440247527981079e+01
1.019794235471900912e+01
1.022145546971823649e+01
1.024494179845642883e+01
1.026840132008224593e+01
1.029183401469847325e+01
1.031523986334583931e+01
1.033861884798750985e+01
1.036197095149374725e+01
1.038529615762711167e+01
1.040859445102732650e+01
1.043186581719696449e+01
1.045511024248710008e+01
1.047832771408330998e+01
1.050151821999179980e+01
1.052468174902593034e+01
1.054781829079275113e+01
1.057092783568003647e+01
1.059401037484319197e+01
1.061706590019286622e+01
1.064009440438208465e+01
1.066309588079460902e+01
1.068607032353206954e+01
1.070901772740287328e+01
1.073193808791010895e+01
1.075483140124026171e+01
1.077769766425187115e+01
1.080053687446445210e+01
1.082334903004782412e+01
1.084613412981099501e+01
1.086889217319189882e+01
1.089162316024684607e+01
1.091432709164079817e+01
1.093700396863664537e+01
1.095965379308571741e+01
1.098227656741825520e+01
1.100487229463340810e+01
1.102744097829027226e+01
1.104998262249834085e+01
1.107249723190874491e+01
1.109498481170496120e+01
1.111744536759421642e+01
1.113987890579880613e+01
1.116228543304768905e+01
1.118466495656782023e+01
1.120701748407610765e+01
1.122934302377150750e+01
1.125164158432659889e+01
1.127391317487995970e+01
1.129615780502857447e+01
1.131837548482002376e+01
1.134056622474512999e+01
1.136273003573040619e+01
1.138486692913102871e+01
1.140697691672376379e+01
1.142906001069957611e+01
1.145111622365713444e+01
1.147314556859558010e+01
