3.637112686319424171e+01
3.626293086477327421e+01
3.615489311273888973e+01
3.604701370583811126e+01
3.593929274680937169e+01
3.583173034200165574e+01
3.572432660100740520e+01
3.561708163631021762e+01
3.550999556294640058e+01
3.540306849817981316e+01
3.529630056119074055e+01
3.518969187277734534e+01
3.508324255507010747e+01
3.497695273125870585e+01
3.487082252533077309e+01
3.476485206182261578e+01
3.465904146558118271e+01
3.455339086153714589e+01
3.444790037448871090e+01
3.434257012889559491e+01
3.423740024868321541e+01
3.413239085705657772e+01
3.402754207632313665e+01
3.392285402772527192e+01
3.381832683128083517e+01
3.371396060563269259e+01
3.360975546790552926e+01
3.350571153357143572e+01
3.340182891632198903e+01
3.329810772794829887e+01
3.319454807822737763e+01
3.309115007481565840e+01
3.298791382314839638e+01
3.288483942634563562e+01
3.278192698512376779e+01
3.267917659771281791e+01
3.257658835977930067e+01
3.247416236435376646e+01
3.237189870176404582e+01
3.226979745957264356e+01
3.216785872251879397e+01
3.206608257246531224e+01
3.196446908834911227e+01
3.186301834613580652e+01
3.176173041877846259e+01
3.166060537617954296e+01
3.155964328515682027e+01
3.145884420941208148e+01
3.135820820950360499e+01
3.125773534282113886e+01
3.115742566356411558e+01
3.105727922272259178e+01
3.095729606806073875e+01
3.085747624410284828e+01
3.075781979212180772e+01
3.065832675012990194e+01
3.055899715287154450e+01
3.045983103181841400e+01
3.036082841516639164e+01
3.026198932783416851e+01
3.016331379146424396e+01
3.006480182442481919e+01
2.996645344181380821e+01
2.986826865546441212e+01
2.977024747395184079e+01
2.967238990260154097e+01
2.957469594349884900e+01
2.947716559549964543e+01
2.937979885424223170e+01
2.928259571216062440e+01
2.918555615849827589e+01
2.908868017932330474e+01
2.899196775754459310e+01
2.889541887292830324e+01
2.879903350211573354e+01
2.870281161864185293e+01
2.860675319295426178e+01
2.851085819243311192e+01
2.841512658141151348e+01
2.831955832119676586e+01
2.822415337009178060e+01
2.812891168341737114e+01
2.803383321353477697e+01
2.793891790986880252e+01
2.784416571893126857e+01
2.774957658434487229e+01
2.765515044686742741e+01
2.756088724441644899e+01
2.746678691209391232e+01
2.737284938221142738e+01
2.727907458431559462e+01
2.718546244521364130e+01
2.709201288899907567e+01
2.699872583707770701e+01
2.690560120819386469e+01
2.681263891845654612e+01
2.671983888136588448e+01
2.662720100783946720e+01
2.653472520623909503e+01
2.644241138239731725e+01
2.635025943964408057e+01
2.625826927883354145e+01
2.616644079837076475e+01
2.607477389423846503e+01
2.598326846002379042e+01
2.589192438694502130e+01
2.580074156387835416e+01
2.570971987738458964e+01
2.561885921173560376e+01
2.552815944894109634e+01
2.543762046877509420e+01
2.534724214880225190e+01
2.525702436440432308e+01
2.516696698880652505e+01
2.507706989310325696e+01
2.498733294628481971e+01
2.489775601526284632e+01
2.480833896489630774e+01
2.471908165801731272e+01
2.462998395545658070e+01
2.454104571606890772e+01
2.445226679675840842e+01
2.436364705250391083e+01
2.427518633638371881e+01
2.418688449960063735e+01
2.409874139150652894e+01
2.401075685962721096e+01
2.392293074968636546e+01
2.383526290563011329e+01
2.374775316965094873e+01
2.366040138221175937e+01
2.357320738206938060e+01
2.348617100629813947e+01
2.339929209031344826e+01
2.331257046789460219e+01
2.322600597120836952e+01
2.313959843083116041e+01
2.305334767577221200e+01
2.296725353349570398e+01
2.288131582994331836e+01
2.279553438955605316e+01
2.270990903529633442e+01
2.262443958866974469e+01
2.253912586974641030e+01
2.245396769718241003e+01
2.236896488824107010e+01
2.228411725881372263e+01
2.219942462344063117e+01
2.211488679533161417e+01
2.203050358638635586e+01
2.194627480721453949e+01
2.186220026715619014e+01
2.177827977430121464e+01
2.169451313550927196e+01
2.161090015642905016e+01
2.152744064151774950e+01
2.144413439406003974e+01
2.136098121618702450e+01
2.127798090889503513e+01
2.119513327206401598e+01
2.111243810447609803e+01
2.102989520383364308e+01
2.094750436677722760e+01
2.086526538890360882e+01
2.078317806478321472e+01
2.070124218797766602e+01
2.061945755105712053e+01
2.053782394561724800e+01
2.045634116229630806e+01
2.037500899079192607e+01
2.029382721987738236e+01
2.021279563741849827e+01
2.013191403038949545e+01
2.005118218488919268e+01
1.997059988615706061e+01
1.989016691858862984e+01
1.980988306575148883e+01
1.972974811040026921e+01
1.964976183449217473e+01
1.956992401920199143e+01
1.949023444493691670e+01
1.941069289135147002e+01
1.933129913736193828e+01
1.925205296116095610e+01
1.917295414023157463e+01
1.909400245136187735e+01
1.901519767065827793e+01
1.893653957355983763e+01
1.885802793485189355e+01
1.877966252867929597e+01
1.870144312856015389e+01
1.862336950739873132e+01
1.854544143749884810e+01
1.846765869057648857e+01
1.839002103777289321e+01
1.831252824966692927e+01
1.823518009628797643e+01
1.815797634712790654e+01
1.808091677115343288e+01
1.800400113681843095e+01
1.792722921207559850e+01
1.785060076438852761e+01
1.777411556074311960e+01
1.769777336765939779e+01
1.762157395120298631e+01
1.754551707699597785e+01
1.746960251022855459e+01
1.739383001566996967e+01
1.731819935767926921e+01
1.724271030021615303e+01
1.716736260685187787e+01
1.709215604077945727e+01
1.701709036482425930e+01
1.694216534145435205e+01
1.686738073279075678e+01
1.679273630061726053e+01
1.671823180639056972e+01
1.664386701125022228e+01
1.656964167602810178e+01
1.649555556125818256e+01
1.642160842718610780e+01
1.634780003377834134e+01
1.627413014073180975e+01
1.620059850748260999e+01
1.612720489321554851e+01
1.605394905687284535e+01
1.598083075716306389e+01
1.590784975256979195e+01
1.583500580136036007e+01
1.576229866159444626e+01
1.568972809113241951e+01
1.561729384764372597e+01
1.554499568861523251e+01
1.547283337135911019e+01
1.540080665302132523e+01
1.532891529058916902e+01
1.525715904089938313e+01
1.518553766064578170e+01
1.511405090638720949e+01
1.504269853455468642e+01
1.497148030145933006e+01
1.490039596329951266e+01
1.482944527616828623e+01
1.475862799606057330e+01
1.468794387888033981e+01
1.461739268044756024e+01
1.454697415650545622e+01
1.447668806272708508e+01
1.440653415472215215e+01
1.433651218804405048e+01
1.426662191819619530e+01
1.419686310063873336e+01
1.412723549079493246e+01
1.405773884405778773e+01
1.398837291579589426e+01
1.391913746136031804e+01
1.385003223609026257e+01
1.378105699531933759e+01
1.371221149438178344e+01
1.364349548861796890e+01
1.357490873338061910e+01
1.350645098404065969e+01
1.343812199599247315e+01
1.336992152466029360e+01
1.330184932550302435e+01
1.323390515402037337e+01
1.316608876575789289e+01
1.309839991631261036e+01
1.303083836133813200e+01
1.296340385655012994e+01
1.289609615773139595e+01
1.282891502073673706e+01
1.276186020149856937e+01
1.269493145603136419e+01
1.262812854043690614e+01
1.256145121090913719e+01
1.249489922373847328e+01
1.242847233531736961e+01
1.236217030214436718e+01
1.229599288082890851e+01
1.222993982809598812e+01
1.216401090079052416e+01
1.209820585588172115e+01
1.203252445046775065e+01
1.196696644177993107e+01
1.190153158718675996e+01
1.183621964419851125e+01
1.177103037047133505e+01
1.170596352381095784e+01
1.164101886217736137e+01
1.157619614368841710e+01
1.151149512662365737e+01
1.144691556942870214e+01
1.138245723071858428e+01
1.131811986928196667e+01
1.125390324408458476e+01
1.118980711427312258e+01
1.112583123917860206e+01
1.106197537832029276e+01
1.099823929140919354e+01
1.093462273835142895e+01
1.087112547925164918e+01
1.080774727441661298e+01
1.074448788435843127e+01
1.068134706979803994e+01
1.061832459166822318e+01
1.055542021111691042e+01
1.049263368951065267e+01
1.042996478843725150e+01
1.036741326970933663e+01
1.030497889536702516e+01
1.024266142768134813e+01
1.018046062915669658e+01
1.011837626253420552e+01
1.005640809079443443e+01
9.994555877160273383e+00
9.932819385099643128e+00
9.871198378328326584e+00
9.809692620812848318e+00
9.748301876772821117e+00
9.687025910683946250e+00
9.625864487280285431e+00
9.564817371557236214e+00
9.503884328773633428e+00
9.443065124454644632e+00
9.382359524393917738e+00
9.321767294656178038e+00
9.261288201579636947e+00
9.200922011778160936e+00
9.140668492143896984e+00
9.080527409849102227e+00
9.020498532349064291e+00
8.960581627383589876e+00
8.900776462979836268e+00
8.841082807453823023e+00
8.781500429413300779e+00
8.722029097759122607e+00
8.662668581687606562e+00
8.603418650692860936e+00
8.544279074568180476e+00
8.485249623408492425e+00
8.426330067612072483e+00
8.367520177882383337e+00
8.308819725230183195e+00
8.250228480975223988e+00
8.191746216748011733e+00
8.133372704491762306e+00
8.075107716463989505e+00
8.016951025238194362e+00
7.958902403706065165e+00
7.900961625078330997e+00
7.843128462887085206e+00
7.785402690987107022e+00
7.727784083557466488e+00
7.670272415103322139e+00
7.612867460456956614e+00
7.555568994780060166e+00
7.498376793564424325e+00
7.441290632634018465e+00
7.384310288145908174e+00
7.327435536592219023e+00
7.270666154801182834e+00
7.214001919938571206e+00
7.157442609508947839e+00
7.100988001357432466e+00
7.044637873670136941e+00
6.988392004976751615e+00
6.932250174150357935e+00
6.876212160409657770e+00
6.820277743320009023e+00
6.764446702793958544e+00
6.708718819093538954e+00
6.653093872830503130e+00
6.597571644967898052e+00
6.542151916821176805e+00
6.486834470058748359e+00
6.431619086703942223e+00
6.376505549135491613e+00
6.321493640088510446e+00
6.266583142655577809e+00
6.211773840288403292e+00
6.157065516797713300e+00
6.102457956354814250e+00
6.047950943492760523e+00
5.993544263106727499e+00
5.939237700455254121e+00
5.885031041161323806e+00
5.830924071212590043e+00
5.776916576963167849e+00
5.723008345133682617e+00
5.669199162812325277e+00
5.615488817456186332e+00
5.561877096891168826e+00
5.508363789313849956e+00
5.454948683291122258e+00
5.401631567762068542e+00
5.348412232037849989e+00
5.295290465803057955e+00
5.242266059116111876e+00
5.189338802410195406e+00
5.136508486493772452e+00
5.083774902551502883e+00
5.031137842145158245e+00
4.978597097213517841e+00
4.926152460074182393e+00
4.873803723423288936e+00
4.821550680336860850e+00
4.769393124270824735e+00
4.717330849062799203e+00
4.665363648931449170e+00
4.613491318478395442e+00
4.561713652687553910e+00
4.510030446927346226e+00
4.458441496950200644e+00
4.406946598893765277e+00
4.355545549281373496e+00
4.304238145023218109e+00
4.253024183416417081e+00
4.201903462146298729e+00
4.150875779286899103e+00
4.099940933301592594e+00
4.049098723044117776e+00
3.998348947759325256e+00
3.947691407084060966e+00
3.897125901047747032e+00
3.846652230073659862e+00
3.796270194979540324e+00
3.745979596978728399e+00
3.695780237681280056e+00
3.645671919094672475e+00
3.595654443625463159e+00
3.545727614079433376e+00
3.495891233664340181e+00
3.446145105990345403e+00
3.396489035071115214e+00
3.346922825326196449e+00
3.297446281582260497e+00
3.248059209074209974e+00
3.198761413448198976e+00
3.149552700763049717e+00
3.100432877492018235e+00
3.051401750526132606e+00
3.002459127176009712e+00
2.953604815174679210e+00
2.904838622681038984e+00
2.856160358282727962e+00
2.807569831000169547e+00
2.759066850290207373e+00
2.710651226050480034e+00
2.662322768625060565e+00
2.614081288808275616e+00
2.565926597851760693e+00
2.517858507470944307e+00
2.469876829851193278e+00
2.421981377658081858e+00
2.374171964043292338e+00
2.326448402657897319e+00
2.278810507661140239e+00
2.231258093734318493e+00
2.183790976094544423e+00
2.136408970511060712e+00
2.089111893323124747e+00
2.041899561460409629e+00
1.994771792467417537e+00
1.947728404528448198e+00
1.900769216498758407e+00
1.853894047940427114e+00
1.807102719160725846e+00
1.760395051259632027e+00
1.713770866183513153e+00
1.667229986787004625e+00
1.620772236905583252e+00
1.574397441440954060e+00
1.528105426461666250e+00
1.481896019323401870e+00
1.435769048804363734e+00
1.389724345279046869e+00
1.343761740917171377e+00
1.297881069925576059e+00
1.252082168848452692e+00
1.206364876922339846e+00
1.160729036522168078e+00
1.115174493714386150e+00
1.069701098941171491e+00
1.024308707888657688e+00
9.789971825912886505e-01
9.337663928449606576e-01
8.886162180518698550e-01
8.435465496414680242e-01
7.985572942958816256e-01
7.536483783090111022e-01
7.088197535812976735e-01
6.640714059947702141e-01
6.194033673725163336e-01
5.748157329278092975e-01
5.303086874008168250e-01
4.858825453715957532e-01
4.415378156329413661e-01
3.972753081870584180e-01
3.530963208865711134e-01
3.090029846579074868e-01
2.649989502585587409e-01
2.210908882929632779e-01
1.772922002444005662e-01
1.336339688190637809e-01
9.020742873724868494e-02
4.743739283293636061e-02
1.329152172098269601e-02
4.354765303961986855e-02
8.596245414268162410e-02
1.289815136028742426e-01
1.720949823480650009e-01
2.152004070063132102e-01
2.582638862699395688e-01
3.012710430032579656e-01
3.442147944161986217e-01
3.870912891535908118e-01
4.298982871108404935e-01
4.726344249771242123e-01
5.152988497971792148e-01
5.578910220597049774e-01
6.004106033516953822e-01
6.428573890491521281e-01
6.852312663025484918e-01
7.275321868790717295e-01
7.697601490777186140e-01
8.119151853619680503e-01
8.539973537130848280e-01
8.960067314593512799e-01
9.379434107874915494e-01
9.798074954275851622e-01
1.021599098173315845e+00
1.063318338991348977e+00
1.104965343570852188e+00
1.146540242198905935e+00
1.188043168872569666e+00
1.229474260596598922e+00
1.270833656823740609e+00
1.312121498999822222e+00
1.353337930199281613e+00
1.394483094823072422e+00
1.435557138352159035e+00
1.476560207141040193e+00
1.517492448249500248e+00
1.558354009299989240e+00
1.599145038354760073e+00
1.639865683816750241e+00
1.680516094343570410e+00
1.721096418772777303e+00
1.761606806059016650e+00
1.802047405221923970e+00
1.842418365296550675e+00
1.882719835295771027e+00
1.922951964173963857e+00
1.963114900796960161e+00
2.003208793914441621e+00
2.043233792139421912e+00
2.083190043924745272e+00
2.123077697547626652e+00
2.162896901091737156e+00
2.202647802435909963e+00
2.242330549239048398e+00
2.281945288931099380e+00
2.321492168702943282e+00
2.360971335497616508e+00
2.400382936002572798e+00
2.439727116643595206e+00
2.479004023577678240e+00
2.518213802688462621e+00
2.557356599581091405e+00
2.596432559577672272e+00
2.635441827714520180e+00
2.674384548736512990e+00
2.713260867096747742e+00
2.752070926951862173e+00
2.790814872160089610e+00
2.829492846279323626e+00
2.868104992564838973e+00
2.906651453968303489e+00
2.945132373135251225e+00
2.983547892403840773e+00
3.021898153804783771e+00
3.060183299058889084e+00
3.098403469577005076e+00
3.136558806458802806e+00
3.174649450492319502e+00
3.212675542153527353e+00
3.250637221605246818e+00
3.288534628697009854e+00
3.326367902965144729e+00
3.364137183631977557e+00
3.401842609605502332e+00
3.439484319479912511e+00
3.477062451534727483e+00
3.514577143735619469e+00
3.552028533733335713e+00
3.589416758864711454e+00
3.626741956151893653e+00
3.664004262303506287e+00
3.701203813713560553e+00
3.738340746462665454e+00
3.775415196317717381e+00
3.812427298732451675e+00
3.849377188847014519e+00
3.886265001489141557e+00
3.923090871173874117e+00
3.959854932104108993e+00
3.996557318170748552e+00
4.033198162953377519e+00
4.069777599720450389e+00
4.106295761429286983e+00
4.142752780727200879e+00
4.179148789951524279e+00
4.215483921130227962e+00
4.251758305981820030e+00
4.287972075916433035e+00
4.324125362036012277e+00
4.360218295134827393e+00
4.396251005699697068e+00
4.432223623911363042e+00
4.468136279643420750e+00
4.503989102464130312e+00
4.539782221636701642e+00
4.575515766119473859e+00
4.611189864566408225e+00
4.646804645327946126e+00
4.682360236451434510e+00
4.717856765681302633e+00
4.753294360460226464e+00
4.788673147929324969e+00
4.823993254928343966e+00
4.859254807996967074e+00
4.894457933374940950e+00
4.929602757002573554e+00
4.964689404521422489e+00
4.999718001274894519e+00
5.034688672308738511e+00
5.069601542371587222e+00
5.104456735915711363e+00
5.139254377097505433e+00
5.173994589777762165e+00
5.208677497522635313e+00
5.243303223604208974e+00
5.277871891000991411e+00
5.312383622398171745e+00
5.346838540189039257e+00
5.381236766474718713e+00
5.415578423064930647e+00
5.449863631479129111e+00
5.484092512946530995e+00
5.518265188406879851e+00
5.552381778511116472e+00
5.586442403621832753e+00
5.620447183813976011e+00
5.654396238875525782e+00
5.688289688307900605e+00
5.722127651326415432e+00
5.755910246861613899e+00
5.789637593559048945e+00
5.823309809780198520e+00
5.856927013603055343e+00
5.890489322822870299e+00
5.923996854952587654e+00
5.957449727223434799e+00
5.990848056585756254e+00
6.024191959709156663e+00
6.057481552983480455e+00
6.090716952519597882e+00
6.123898274149510712e+00
6.157025633427110733e+00
6.190099145629096355e+00
6.223118925755172448e+00
6.256085088528943849e+00
6.288997748398204912e+00
6.321857019535985778e+00
6.354663015840932516e+00
6.387415850937522954e+00
6.420115638177466444e+00
6.452762490639830872e+00
6.485356521131451224e+00
6.517897842187958979e+00
6.550386566074384298e+00
6.582822804785207538e+00
6.615206670045733262e+00
6.647538273312012969e+00
6.679817725771916237e+00
6.712045138345484219e+00
6.744220621685866668e+00
6.776344286179335263e+00
6.808416241946262382e+00
6.840436598841820093e+00
6.872405466456561918e+00
6.904322954116628885e+00
6.936189170884793143e+00
6.968004225560821219e+00
6.999768226682228089e+00
7.031481282524838505e+00
7.063143501103067656e+00
7.094754990171135312e+00
7.126315857223294081e+00
7.157826209494145608e+00
7.189286153959944414e+00
7.220695797338541944e+00
7.252055246090374219e+00
7.283364606418812670e+00
7.314623984271026558e+00
7.345833485338432389e+00
7.376993215056999453e+00
7.408103278608438202e+00
7.439163780920203806e+00
7.470174826666725387e+00
7.501136520269392705e+00
7.532048965897346626e+00
7.562912267468204774e+00
7.593726528648679697e+00
7.624491852854778706e+00
7.655208343252846603e+00
7.685876102759861439e+00
7.716495234044190354e+00
7.747065839526204201e+00
7.777588021378464944e+00
7.808061881527095238e+00
7.838487521651313017e+00
7.868865043185061303e+00
7.899194547316884751e+00
7.929476134990718350e+00
7.959709906906633492e+00
7.989895963520988076e+00
8.020034405047772097e+00
8.050125331458247047e+00
8.080168842482242653e+00
8.110165037608320304e+00
8.140114016084590176e+00
8.170015876919157094e+00
8.199870718880818643e+00
8.229678640499397346e+00
8.259439740066630620e+00
8.289154115636518938e+00
8.318821865025897822e+00
8.348443085815175024e+00
8.378017875348707122e+00
8.407546330735483409e+00
8.437028548849855980e+00
8.466464626331545062e+00
8.495854659586878910e+00
8.525198744788891503e+00
8.554496977878237374e+00
8.583749454563328385e+00
8.612956270321371122e+00
8.642117520398409525e+00
8.671233299810555906e+00
8.700303703343882589e+00
8.729328825555233706e+00
8.758308760773060087e+00
8.787243603097426359e+00
8.816133446401151375e+00
8.844978384329920118e+00
8.873778510303036882e+00
8.902533917513970607e+00
8.931244698930827397e+00
8.959910947296959804e+00
8.988532755131462437e+00
9.017110214729841644e+00
9.045643418164583949e+00
9.074132457285401188e+00
9.102577423720095595e+00
9.130978408874952379e+00
9.159335503935452039e+00
9.187648799866536820e+00
9.215918387413303492e+00
9.244144357101736986e+00
9.272326799238795658e+00
9.300465803913510854e+00
9.328561460996832366e+00
9.356613860143122352e+00
9.384623090789565580e+00
9.412589242157695324e+00
9.440512403253288554e+00
9.468392662867106679e+00
9.496230109575678924e+00
9.524024831741265018e+00
9.551776917512933451e+00
9.579486454826810160e+00
9.607153531406739333e+00
9.634778234764663551e+00
9.662360652201231304e+00
9.689900870806493316e+00
9.717398977459904330e+00
9.744855058831547012e+00
9.772269201382174586e+00
9.799641491363779267e+00
9.826972014820396950e+00
9.854260857588281297e+00
9.881508105296617828e+00
9.908713843367959129e+00
9.935878157018834145e+00
9.963001131260138976e+00
9.990082850897842093e+00
1.001712340053326145e+01
1.004412286456368619e+01
1.007108132718295224e+01
1.009799887238188987e+01
1.012487558394887799e+01
1.015171154547009280e+01
1.017850684033066067e+01
1.020526155171424421e+01
1.023197576260438879e+01
1.025864955578452253e+01
1.028528301383874677e+01
1.031187621915204033e+01
1.033842925391106071e+01
1.036494220010444955e+01
1.039141513952342954e+01
1.041784815376227336e+01
1.044424132421872287e+01
1.047059473209470681e+01
1.049690845839652908e+01
1.052318258393553130e+01
1.054941718932877315e+01
1.057561235499914254e+01
1.060176816117604659e+01
1.062788468789587881e+01
1.065396201500266393e+01
1.068000022214816624e+01
1.070599938879283286e+01
1.073195959420585233e+01
1.075788091746597708e+01
1.078376343746185562e+01
1.080960723289249614e+01
1.083541238226779058e+01
1.086117896390892845e+01
1.088690705594898667e+01
1.091259673633346061e+01
1.093824808282047023e+01
1.096386117298138352e+01
1.098943608420161588e+01
1.101497289368034593e+01
1.104047167843180333e+01
1.106593251528512134e+01
1.109135548088537782e+01
1.111674065169342640e+01
1.114208810398688243e+01
1.116739791386036451e+01
1.119267015722589242e+01
1.121790490981369004e+01
1.124310224717220663e+01
1.126826224466888071e+01
1.129338497749045089e+01
1.131847052064354386e+01
1.134351894895514334e+01
1.136853033707277305e+01
1.139350475946532448e+01
1.141844229042333048e+01
1.144334300405935778e+01
1.146820697430865366e+01
1.149303427492942653e+01
1.151782497950333983e+01
1.154257916143611062e+01
1.156729689395768013e+01
1.159197825012305039e+01
1.161662330281214395e+01
1.164123212473101532e+01
1.166580478841154189e+01
1.169034136621261943e+01
1.171484193031986898e+01
1.173930655274656232e+01
1.176373530533392753e+01
1.178812825975158418e+01
1.181248548749801408e+01
1.183680705990090942e+01
1.186109304811777498e+01
1.188534352313614662e+01
1.190955855577438527e+01
1.193373821668152601e+01
1.195788257633843266e+01
1.198199170505768940e+01
1.200606567298406979e+01
1.203010455009548529e+01
1.205410840620269042e+01
1.207807731095022952e+01
1.210201133381664285e+01
1.212591054411497460e+01
1.214977501099317791e+01
1.217360480343454121e+01
1.219739999025806654e+01
1.222116064011897585e+01
1.224488682150908581e+01
1.226857860275715062e+01
1.229223605202957614e+01
1.231585923733045007e+01
1.233944822650218498e+01
1.236300308722585584e+01
1.238652388702180929e+01
1.241001069324970274e+01
1.243346357310934458e+01
1.245688259364069417e+01
1.248026782172469673e+01
1.250361932408336507e+01
1.252693716728028051e+01
1.255022141772105648e+01
