3.637112686319424881e+01
3.583173034200165574e+01
3.529630056119074055e+01
3.476485206182261578e+01
3.423740024868322962e+01
3.371396060563269970e+01
3.319454807822737763e+01
3.267917659771284633e+01
3.216785872251879397e+01
3.166060537617954296e+01
3.115742566356411558e+01
3.065832675012988773e+01
3.016331379146424396e+01
2.967238990260154097e+01
2.918555615849826168e+01
2.870281161864186359e+01
2.822415337009178060e+01
2.774957658434487229e+01
2.727907458431562659e+01
2.681263891845654612e+01
2.635025943964408057e+01
2.589192438694500709e+01
2.543762046877507998e+01
2.498733294628481971e+01
2.454104571606888996e+01
2.409874139150652894e+01
2.366040138221175937e+01
2.322600597120836952e+01
2.279553438955605316e+01
2.236896488824104878e+01
2.194627480721451818e+01
2.152744064151771752e+01
2.111243810447609803e+01
2.070124218797766602e+01
2.029382721987738236e+01
1.989016691858862984e+01
1.949023444493693091e+01
1.909400245136183827e+01
1.870144312856015389e+01
1.831252824966694703e+01
1.792722921207563758e+01
1.754551707699593521e+01
1.716736260685187432e+01
1.679273630061723566e+01
1.642160842718608649e+01
1.605394905687289153e+01
1.568972809113241951e+01
1.532891529058916902e+01
1.497148030145928388e+01
1.461739268044756024e+01
1.426662191819619530e+01
1.391913746136029140e+01
1.357490873338061910e+01
1.323390515402037337e+01
1.289609615773136575e+01
1.256145121090907857e+01
1.222993982809598812e+01
1.190153158718672799e+01
1.157619614368838512e+01
1.125390324408458476e+01
1.093462273835142895e+01
1.061832459166818943e+01
1.030497889536702516e+01
9.994555877160237856e+00
9.687025910683869867e+00
9.382359524393917738e+00
9.080527409849102227e+00
8.781500429413300779e+00
8.485249623408492425e+00
8.191746216748011733e+00
7.900961625078330997e+00
7.612867460457005464e+00
7.327435536592171061e+00
7.044637873670085426e+00
6.764446702793904365e+00
6.486834470058748359e+00
6.211773840288403292e+00
5.939237700455254121e+00
5.669199162812325277e+00
5.401631567762066766e+00
5.136508486493630343e+00
4.873803723423214329e+00
4.613491318478237346e+00
4.355545549281290008e+00
4.099940933301503776e+00
3.846652230073659862e+00
3.595654443625463159e+00
3.346922825326196449e+00
3.100432877491900996e+00
2.856160358282600065e+00
2.614081288807997172e+00
2.374171964043445993e+00
2.136408970510889738e+00
1.900769216498950032e+00
1.667229986787004625e+00
1.435769048803855918e+00
1.206364876921735441e+00
9.789971825912886505e-01
7.536483783085273780e-01
5.303086874008168250e-01
3.090029846579074868e-01
9.020742873320840294e-02
1.289815135972228188e-01
3.442147944161986217e-01
5.578910220597049774e-01
7.697601490772451038e-01
9.798074954279570870e-01
1.188043168872262800e+00
1.394483094822549729e+00
1.599145038354760073e+00
1.802047405221923970e+00
2.003208793914077912e+00
2.202647802435744762e+00
2.400382936002572798e+00
2.596432559577672272e+00
2.790814872159828042e+00
2.983547892403840773e+00
3.174649450492319502e+00
3.364137183631868755e+00
3.552028533733233129e+00
3.738340746462567754e+00
3.923090871173874117e+00
4.106295761429108460e+00
4.287972075916347769e+00
4.468136279643257325e+00
4.646804645327867966e+00
4.823993254928192975e+00
4.999718001274747969e+00
5.173994589777762165e+00
5.346838540189107647e+00
5.518265188406946464e+00
5.688289688307772707e+00
5.856927013602991394e+00
6.024191959709034982e+00
6.190099145629096355e+00
6.354663015840874785e+00
6.517897842187958091e+00
6.679817725771862058e+00
6.840436598841820093e+00
6.999768226682279604e+00
7.157826209494094094e+00
7.314623984271026558e+00
7.470174826666676537e+00
7.624491852854729856e+00
7.777588021378464944e+00
7.929476134990626868e+00
8.080168842482288838e+00
8.229678640499397346e+00
8.378017875348662713e+00
8.525198744788891503e+00
8.671233299810555906e+00
8.816133446401110518e+00
8.959910947296876316e+00
9.102577423720054739e+00
9.244144357101697906e+00
9.384623090789565580e+00
9.524024831741188635e+00
9.662360652201195776e+00
9.799641491363741963e+00
9.935878157018796841e+00
1.007108132718295046e+01
1.020526155171420868e+01
1.033842925391102696e+01
1.047059473209466951e+01
1.060176816117601284e+01
1.073195959420581858e+01
1.086117896390886273e+01
1.098943608420154661e+01
1.111674065169339443e+01
1.124310224717220663e+01
1.136853033707270733e+01
1.149303427492942653e+01
1.161662330281211197e+01
1.173930655274656232e+01
1.186109304811771281e+01
1.198199170505765743e+01
1.210201133381661087e+01
1.222116064011891723e+01
1.233944822650218498e+01
1.245688259364066219e+01
