1.000000000000000056e-01
1.010000000000000064e-01
1.020000000000000073e-01
1.030000000000000082e-01
1.040000000000000091e-01
1.050000000000000100e-01
1.060000000000000109e-01
1.070000000000000118e-01
1.080000000000000127e-01
1.090000000000000135e-01
1.100000000000000144e-01
1.110000000000000153e-01
1.120000000000000162e-01
1.130000000000000171e-01
1.140000000000000180e-01
1.150000000000000189e-01
1.160000000000000198e-01
1.170000000000000207e-01
1.180000000000000215e-01
1.190000000000000224e-01
1.200000000000000233e-01
1.210000000000000242e-01
1.220000000000000251e-01
1.230000000000000260e-01
1.240000000000000269e-01
1.250000000000000278e-01
1.260000000000000286e-01
1.270000000000000295e-01
1.280000000000000304e-01
1.290000000000000313e-01
1.300000000000000322e-01
1.310000000000000331e-01
1.320000000000000340e-01
1.330000000000000349e-01
1.340000000000000357e-01
1.350000000000000366e-01
1.360000000000000375e-01
1.370000000000000384e-01
1.380000000000000393e-01
1.390000000000000402e-01
1.400000000000000411e-01
1.410000000000000420e-01
1.420000000000000429e-01
1.430000000000000437e-01
1.440000000000000446e-01
1.450000000000000455e-01
1.460000000000000464e-01
1.470000000000000473e-01
1.480000000000000482e-01
1.490000000000000491e-01
1.500000000000000500e-01
1.510000000000000508e-01
1.520000000000000517e-01
1.530000000000000526e-01
1.540000000000000535e-01
1.550000000000000544e-01
1.560000000000000553e-01
1.570000000000000562e-01
1.580000000000000571e-01
1.590000000000000580e-01
1.600000000000000588e-01
1.610000000000000597e-01
1.620000000000000606e-01
1.630000000000000615e-01
1.640000000000000624e-01
1.650000000000000633e-01
1.660000000000000642e-01
1.670000000000000651e-01
1.680000000000000659e-01
1.690000000000000668e-01
1.700000000000000677e-01
1.710000000000000686e-01
1.720000000000000695e-01
1.730000000000000704e-01
1.740000000000000713e-01
1.750000000000000722e-01
1.760000000000000731e-01
1.770000000000000739e-01
1.780000000000000748e-01
1.790000000000000757e-01
1.800000000000000766e-01
1.810000000000000775e-01
1.820000000000000784e-01
1.830000000000000793e-01
1.840000000000000802e-01
1.850000000000000810e-01
1.860000000000000819e-01
1.870000000000000828e-01
1.880000000000000837e-01
1.890000000000000846e-01
1.900000000000000855e-01
1.910000000000000864e-01
1.920000000000000873e-01
1.930000000000000882e-01
1.940000000000000890e-01
1.950000000000000899e-01
1.960000000000000908e-01
1.970000000000000917e-01
1.980000000000000926e-01
1.990000000000000935e-01
2.000000000000000944e-01
2.010000000000000953e-01
2.020000000000000961e-01
2.030000000000000970e-01
2.040000000000000979e-01
2.050000000000000988e-01
2.060000000000000997e-01
2.070000000000001006e-01
2.080000000000001015e-01
2.090000000000001024e-01
2.100000000000001033e-01
2.110000000000001041e-01
2.120000000000001050e-01
2.130000000000001059e-01
2.140000000000001068e-01
2.150000000000001077e-01
2.160000000000001086e-01
2.170000000000001095e-01
2.180000000000001104e-01
2.190000000000001112e-01
2.200000000000001121e-01
2.210000000000001130e-01
2.220000000000001139e-01
2.230000000000001148e-01
2.240000000000001157e-01
2.250000000000001166e-01
2.260000000000001175e-01
2.270000000000001183e-01
2.280000000000001192e-01
2.290000000000001201e-01
2.300000000000001210e-01
2.310000000000001219e-01
2.320000000000001228e-01
2.330000000000001237e-01
2.340000000000001246e-01
2.350000000000001255e-01
2.360000000000001263e-01
2.370000000000001272e-01
2.380000000000001281e-01
2.390000000000001290e-01
2.400000000000001299e-01
2.410000000000001308e-01
2.420000000000001317e-01
2.430000000000001326e-01
2.440000000000001334e-01
2.450000000000001343e-01
2.460000000000001352e-01
2.470000000000001361e-01
2.480000000000001370e-01
2.490000000000001379e-01
2.500000000000001110e-01
2.510000000000001119e-01
2.520000000000001128e-01
2.530000000000001137e-01
2.540000000000001146e-01
2.550000000000001155e-01
2.560000000000001164e-01
2.570000000000001172e-01
2.580000000000001181e-01
2.590000000000001190e-01
2.600000000000001199e-01
2.610000000000001208e-01
2.620000000000001217e-01
2.630000000000001226e-01
2.640000000000001235e-01
2.650000000000001243e-01
2.660000000000001252e-01
2.670000000000001261e-01
2.680000000000001270e-01
2.690000000000001279e-01
2.700000000000001288e-01
2.710000000000001297e-01
2.720000000000001306e-01
2.730000000000001315e-01
2.740000000000001323e-01
2.750000000000001332e-01
2.760000000000001341e-01
2.770000000000001350e-01
2.780000000000001359e-01
2.790000000000001368e-01
2.800000000000001377e-01
2.810000000000001386e-01
2.820000000000001394e-01
2.830000000000001403e-01
2.840000000000001412e-01
2.850000000000001421e-01
2.860000000000001430e-01
2.870000000000001439e-01
2.880000000000001448e-01
2.890000000000001457e-01
2.900000000000001465e-01
2.910000000000001474e-01
2.920000000000001483e-01
2.930000000000001492e-01
2.940000000000001501e-01
2.950000000000001510e-01
2.960000000000001519e-01
2.970000000000001528e-01
2.980000000000001537e-01
2.990000000000001545e-01
3.000000000000001554e-01
3.010000000000001563e-01
3.020000000000001572e-01
3.030000000000001581e-01
3.040000000000001590e-01
3.050000000000001599e-01
3.060000000000001608e-01
3.070000000000001616e-01
3.080000000000001625e-01
3.090000000000001634e-01
3.100000000000001643e-01
3.110000000000001652e-01
3.120000000000001661e-01
3.130000000000001670e-01
3.140000000000001679e-01
3.150000000000001688e-01
3.160000000000001696e-01
3.170000000000001705e-01
3.180000000000001714e-01
3.190000000000001723e-01
3.200000000000001732e-01
3.210000000000001741e-01
3.220000000000001750e-01
3.230000000000001759e-01
3.240000000000001767e-01
3.250000000000001776e-01
3.260000000000001785e-01
3.270000000000001794e-01
3.280000000000001803e-01
3.290000000000001812e-01
3.300000000000001821e-01
3.310000000000001830e-01
3.320000000000001839e-01
3.330000000000001847e-01
3.340000000000001856e-01
3.350000000000001865e-01
3.360000000000001874e-01
3.370000000000001883e-01
3.380000000000001892e-01
3.390000000000001901e-01
3.400000000000001910e-01
3.410000000000001918e-01
3.420000000000001927e-01
3.430000000000001936e-01
3.440000000000001945e-01
3.450000000000001954e-01
3.460000000000001963e-01
3.470000000000001972e-01
3.480000000000001981e-01
3.490000000000001990e-01
3.500000000000001998e-01
3.510000000000002007e-01
3.520000000000002016e-01
3.530000000000002025e-01
3.540000000000002034e-01
3.550000000000002043e-01
3.560000000000002052e-01
3.570000000000002061e-01
3.580000000000002069e-01
3.590000000000002078e-01
3.600000000000002087e-01
3.610000000000002096e-01
3.620000000000002105e-01
3.630000000000002114e-01
3.640000000000002123e-01
3.650000000000002132e-01
3.660000000000002141e-01
3.670000000000002149e-01
3.680000000000002158e-01
3.690000000000002167e-01
3.700000000000002176e-01
3.710000000000002185e-01
3.720000000000002194e-01
3.730000000000002203e-01
3.740000000000002212e-01
3.750000000000002220e-01
3.760000000000002229e-01
3.770000000000002238e-01
3.780000000000002247e-01
3.790000000000002256e-01
3.800000000000002265e-01
3.810000000000002274e-01
3.820000000000002283e-01
3.830000000000002292e-01
3.840000000000002300e-01
3.850000000000002309e-01
3.860000000000002318e-01
3.870000000000002327e-01
3.880000000000002336e-01
3.890000000000002345e-01
3.900000000000002354e-01
3.910000000000002363e-01
3.920000000000002371e-01
3.930000000000002380e-01
3.940000000000002389e-01
3.950000000000002398e-01
3.960000000000002407e-01
3.970000000000002416e-01
3.980000000000002425e-01
3.990000000000002434e-01
4.000000000000002442e-01
4.010000000000002451e-01
4.020000000000002460e-01
4.030000000000002469e-01
4.040000000000002478e-01
4.050000000000002487e-01
4.060000000000002496e-01
4.070000000000002505e-01
4.080000000000002514e-01
4.090000000000002522e-01
4.100000000000002531e-01
4.110000000000002540e-01
4.120000000000002549e-01
4.130000000000002558e-01
4.140000000000002567e-01
4.150000000000002576e-01
4.160000000000002585e-01
4.170000000000002593e-01
4.180000000000002602e-01
4.190000000000002611e-01
4.200000000000002620e-01
4.210000000000002629e-01
4.220000000000002638e-01
4.230000000000002647e-01
4.240000000000002656e-01
4.250000000000002665e-01
4.260000000000002673e-01
4.270000000000002682e-01
4.280000000000002691e-01
4.290000000000002700e-01
4.300000000000002709e-01
4.310000000000002718e-01
4.320000000000002727e-01
4.330000000000002736e-01
4.340000000000002744e-01
4.350000000000002753e-01
4.360000000000002762e-01
4.370000000000002771e-01
4.380000000000002780e-01
4.390000000000002789e-01
4.400000000000002798e-01
4.410000000000002807e-01
4.420000000000002816e-01
4.430000000000002824e-01
4.440000000000002833e-01
4.450000000000002842e-01
4.460000000000002851e-01
4.470000000000002860e-01
4.480000000000002869e-01
4.490000000000002878e-01
4.500000000000002887e-01
4.510000000000002895e-01
4.520000000000002904e-01
4.530000000000002913e-01
4.540000000000002922e-01
4.550000000000002931e-01
4.560000000000002940e-01
4.570000000000002949e-01
4.580000000000002958e-01
4.590000000000002967e-01
4.600000000000002975e-01
4.610000000000002984e-01
4.620000000000002993e-01
4.630000000000003002e-01
4.640000000000003011e-01
4.650000000000003020e-01
4.660000000000003029e-01
4.670000000000003038e-01
4.680000000000003046e-01
4.690000000000003055e-01
4.700000000000003064e-01
4.710000000000003073e-01
4.720000000000003082e-01
4.730000000000003091e-01
4.740000000000003100e-01
4.750000000000003109e-01
4.760000000000003118e-01
4.770000000000003126e-01
4.780000000000003135e-01
4.790000000000003144e-01
4.800000000000003153e-01
4.810000000000003162e-01
4.820000000000003171e-01
4.830000000000003180e-01
4.840000000000003189e-01
4.850000000000003197e-01
4.860000000000003206e-01
4.870000000000003215e-01
4.880000000000003224e-01
4.890000000000003233e-01
4.900000000000003242e-01
4.910000000000003251e-01
4.920000000000003260e-01
4.930000000000003268e-01
4.940000000000003277e-01
4.950000000000003286e-01
4.960000000000003295e-01
4.970000000000003304e-01
4.980000000000003313e-01
4.990000000000003322e-01
5.000000000000003331e-01
5.010000000000003340e-01
5.020000000000003348e-01
5.030000000000003357e-01
5.040000000000003366e-01
5.050000000000003375e-01
5.060000000000003384e-01
5.070000000000003393e-01
5.080000000000003402e-01
5.090000000000003411e-01
5.100000000000003419e-01
5.110000000000003428e-01
5.120000000000003437e-01
5.130000000000003446e-01
5.140000000000003455e-01
5.150000000000003464e-01
5.160000000000003473e-01
5.170000000000003482e-01
5.180000000000003491e-01
5.190000000000003499e-01
5.200000000000003508e-01
5.210000000000003517e-01
5.220000000000003526e-01
5.230000000000003535e-01
5.240000000000003544e-01
5.250000000000003553e-01
5.260000000000003562e-01
5.270000000000003570e-01
5.280000000000003579e-01
5.290000000000003588e-01
5.300000000000003597e-01
5.310000000000003606e-01
5.320000000000003615e-01
5.330000000000003624e-01
5.340000000000003633e-01
5.350000000000003642e-01
5.360000000000003650e-01
5.370000000000003659e-01
5.380000000000003668e-01
5.390000000000003677e-01
5.400000000000003686e-01
5.410000000000003695e-01
5.420000000000003704e-01
5.430000000000003713e-01
5.440000000000003721e-01
5.450000000000003730e-01
5.460000000000003739e-01
5.470000000000003748e-01
5.480000000000003757e-01
5.490000000000003766e-01
5.500000000000003775e-01
5.510000000000003784e-01
5.520000000000003793e-01
5.530000000000003801e-01
5.540000000000003810e-01
5.550000000000003819e-01
5.560000000000003828e-01
5.570000000000003837e-01
5.580000000000003846e-01
5.590000000000003855e-01
5.600000000000003864e-01
5.610000000000003872e-01
5.620000000000003881e-01
5.630000000000003890e-01
5.640000000000003899e-01
5.650000000000003908e-01
5.660000000000003917e-01
5.670000000000003926e-01
5.680000000000003935e-01
5.690000000000003944e-01
5.700000000000003952e-01
5.710000000000003961e-01
5.720000000000003970e-01
5.730000000000003979e-01
5.740000000000003988e-01
5.750000000000003997e-01
5.760000000000004006e-01
5.770000000000004015e-01
5.780000000000004023e-01
5.790000000000004032e-01
5.800000000000004041e-01
5.810000000000004050e-01
5.820000000000004059e-01
5.830000000000004068e-01
5.840000000000004077e-01
5.850000000000004086e-01
5.860000000000004095e-01
5.870000000000004103e-01
5.880000000000004112e-01
5.890000000000004121e-01
5.900000000000004130e-01
5.910000000000004139e-01
5.920000000000004148e-01
5.930000000000004157e-01
5.940000000000004166e-01
5.950000000000004174e-01
5.960000000000004183e-01
5.970000000000004192e-01
5.980000000000004201e-01
5.990000000000004210e-01
6.000000000000004219e-01
6.010000000000004228e-01
6.020000000000004237e-01
6.030000000000004245e-01
6.040000000000004254e-01
6.050000000000004263e-01
6.060000000000004272e-01
6.070000000000004281e-01
6.080000000000004290e-01
6.090000000000004299e-01
6.100000000000004308e-01
6.110000000000004317e-01
6.120000000000004325e-01
6.130000000000004334e-01
6.140000000000004343e-01
6.150000000000004352e-01
6.160000000000004361e-01
6.170000000000004370e-01
6.180000000000004379e-01
6.190000000000004388e-01
6.200000000000004396e-01
6.210000000000004405e-01
6.220000000000004414e-01
6.230000000000004423e-01
6.240000000000004432e-01
6.250000000000004441e-01
6.260000000000004450e-01
6.270000000000004459e-01
6.280000000000004468e-01
6.290000000000004476e-01
6.300000000000004485e-01
6.310000000000004494e-01
6.320000000000004503e-01
6.330000000000004512e-01
6.340000000000004521e-01
6.350000000000004530e-01
6.360000000000004539e-01
6.370000000000004547e-01
6.380000000000004556e-01
6.390000000000004565e-01
6.400000000000004574e-01
6.410000000000004583e-01
6.420000000000004592e-01
6.430000000000004601e-01
6.440000000000004610e-01
6.450000000000004619e-01
6.460000000000004627e-01
6.470000000000004636e-01
6.480000000000004645e-01
6.490000000000004654e-01
6.500000000000004663e-01
6.510000000000004672e-01
6.520000000000004681e-01
6.530000000000004690e-01
6.540000000000004698e-01
6.550000000000004707e-01
6.560000000000004716e-01
6.570000000000004725e-01
6.580000000000004734e-01
6.590000000000004743e-01
6.600000000000004752e-01
6.610000000000004761e-01
6.620000000000004770e-01
6.630000000000004778e-01
6.640000000000004787e-01
6.650000000000004796e-01
6.660000000000004805e-01
6.670000000000004814e-01
6.680000000000004823e-01
6.690000000000004832e-01
6.700000000000004841e-01
6.710000000000004849e-01
6.720000000000004858e-01
6.730000000000004867e-01
6.740000000000004876e-01
6.750000000000004885e-01
6.760000000000004894e-01
6.770000000000004903e-01
6.780000000000004912e-01
6.790000000000004921e-01
6.800000000000004929e-01
6.810000000000004938e-01
6.820000000000004947e-01
6.830000000000004956e-01
6.840000000000004965e-01
6.850000000000004974e-01
6.860000000000004983e-01
6.870000000000004992e-01
6.880000000000005000e-01
6.890000000000005009e-01
6.900000000000005018e-01
6.910000000000005027e-01
6.920000000000005036e-01
6.930000000000005045e-01
6.940000000000005054e-01
6.950000000000005063e-01
6.960000000000005071e-01
6.970000000000005080e-01
6.980000000000005089e-01
6.990000000000005098e-01
7.000000000000005107e-01
7.010000000000005116e-01
7.020000000000005125e-01
7.030000000000005134e-01
7.040000000000005143e-01
7.050000000000005151e-01
7.060000000000005160e-01
7.070000000000005169e-01
7.080000000000005178e-01
7.090000000000005187e-01
7.100000000000005196e-01
7.110000000000005205e-01
7.120000000000005214e-01
7.130000000000005222e-01
7.140000000000005231e-01
7.150000000000005240e-01
7.160000000000005249e-01
7.170000000000005258e-01
7.180000000000005267e-01
7.190000000000005276e-01
7.200000000000005285e-01
7.210000000000005294e-01
7.220000000000005302e-01
7.230000000000005311e-01
7.240000000000005320e-01
7.250000000000005329e-01
7.260000000000005338e-01
7.270000000000005347e-01
7.280000000000005356e-01
7.290000000000005365e-01
7.300000000000005373e-01
7.310000000000005382e-01
7.320000000000005391e-01
7.330000000000005400e-01
7.340000000000005409e-01
7.350000000000005418e-01
7.360000000000005427e-01
7.370000000000005436e-01
7.380000000000005445e-01
7.390000000000005453e-01
7.400000000000005462e-01
7.410000000000005471e-01
7.420000000000005480e-01
7.430000000000005489e-01
7.440000000000005498e-01
7.450000000000005507e-01
7.460000000000005516e-01
7.470000000000005524e-01
7.480000000000005533e-01
7.490000000000005542e-01
7.500000000000005551e-01
7.510000000000005560e-01
7.520000000000005569e-01
7.530000000000005578e-01
7.540000000000005587e-01
7.550000000000005596e-01
7.560000000000005604e-01
7.570000000000005613e-01
7.580000000000005622e-01
7.590000000000005631e-01
7.600000000000005640e-01
7.610000000000005649e-01
7.620000000000005658e-01
7.630000000000005667e-01
7.640000000000005675e-01
7.650000000000005684e-01
7.660000000000005693e-01
7.670000000000005702e-01
7.680000000000005711e-01
7.690000000000005720e-01
7.700000000000005729e-01
7.710000000000005738e-01
7.720000000000005747e-01
7.730000000000005755e-01
7.740000000000005764e-01
7.750000000000005773e-01
7.760000000000005782e-01
7.770000000000005791e-01
7.780000000000005800e-01
7.790000000000005809e-01
7.800000000000005818e-01
7.810000000000005826e-01
7.820000000000005835e-01
7.830000000000005844e-01
7.840000000000005853e-01
7.850000000000005862e-01
7.860000000000005871e-01
7.870000000000005880e-01
7.880000000000005889e-01
7.890000000000005898e-01
7.900000000000005906e-01
7.910000000000005915e-01
7.920000000000005924e-01
7.930000000000005933e-01
7.940000000000005942e-01
7.950000000000005951e-01
7.960000000000005960e-01
7.970000000000005969e-01
7.980000000000005977e-01
7.990000000000005986e-01
8.000000000000005995e-01
8.010000000000006004e-01
8.020000000000006013e-01
8.030000000000006022e-01
8.040000000000006031e-01
8.050000000000006040e-01
8.060000000000006048e-01
8.070000000000006057e-01
8.080000000000006066e-01
8.090000000000006075e-01
8.100000000000006084e-01
8.110000000000006093e-01
8.120000000000006102e-01
8.130000000000006111e-01
8.140000000000006120e-01
8.150000000000006128e-01
8.160000000000006137e-01
8.170000000000006146e-01
8.180000000000006155e-01
8.190000000000006164e-01
8.200000000000006173e-01
8.210000000000006182e-01
8.220000000000006191e-01
8.230000000000006199e-01
8.240000000000006208e-01
8.250000000000006217e-01
8.260000000000006226e-01
8.270000000000006235e-01
8.280000000000006244e-01
8.290000000000006253e-01
8.300000000000006262e-01
8.310000000000006271e-01
8.320000000000006279e-01
8.330000000000006288e-01
8.340000000000006297e-01
8.350000000000006306e-01
8.360000000000006315e-01
8.370000000000006324e-01
8.380000000000006333e-01
8.390000000000006342e-01
8.400000000000006350e-01
8.410000000000006359e-01
8.420000000000006368e-01
8.430000000000006377e-01
8.440000000000006386e-01
8.450000000000006395e-01
8.460000000000006404e-01
8.470000000000006413e-01
8.480000000000006422e-01
8.490000000000006430e-01
8.500000000000006439e-01
8.510000000000006448e-01
8.520000000000006457e-01
8.530000000000006466e-01
8.540000000000006475e-01
8.550000000000006484e-01
8.560000000000006493e-01
8.570000000000006501e-01
8.580000000000006510e-01
8.590000000000006519e-01
8.600000000000006528e-01
8.610000000000006537e-01
8.620000000000006546e-01
8.630000000000006555e-01
8.640000000000006564e-01
8.650000000000006573e-01
8.660000000000006581e-01
8.670000000000006590e-01
8.680000000000006599e-01
8.690000000000006608e-01
8.700000000000006617e-01
8.710000000000006626e-01
8.720000000000006635e-01
8.730000000000006644e-01
8.740000000000006652e-01
8.750000000000006661e-01
8.760000000000006670e-01
8.770000000000006679e-01
8.780000000000006688e-01
8.790000000000006697e-01
8.800000000000006706e-01
8.810000000000006715e-01
8.820000000000006724e-01
8.830000000000006732e-01
8.840000000000006741e-01
8.850000000000006750e-01
8.860000000000006759e-01
8.870000000000006768e-01
8.880000000000006777e-01
8.890000000000006786e-01
8.900000000000006795e-01
8.910000000000006803e-01
8.920000000000006812e-01
8.930000000000006821e-01
8.940000000000006830e-01
8.950000000000006839e-01
8.960000000000006848e-01
8.970000000000006857e-01
8.980000000000006866e-01
8.990000000000006875e-01
9.000000000000006883e-01
9.010000000000006892e-01
9.020000000000006901e-01
9.030000000000006910e-01
9.040000000000006919e-01
9.050000000000006928e-01
9.060000000000006937e-01
9.070000000000006946e-01
9.080000000000006954e-01
9.090000000000006963e-01
9.100000000000006972e-01
9.110000000000006981e-01
9.120000000000006990e-01
9.130000000000006999e-01
9.140000000000007008e-01
9.150000000000007017e-01
9.160000000000007025e-01
9.170000000000007034e-01
9.180000000000007043e-01
9.190000000000007052e-01
9.200000000000007061e-01
9.210000000000007070e-01
9.220000000000007079e-01
9.230000000000007088e-01
9.240000000000007097e-01
9.250000000000007105e-01
9.260000000000007114e-01
9.270000000000007123e-01
9.280000000000007132e-01
9.290000000000007141e-01
9.300000000000007150e-01
9.310000000000007159e-01
9.320000000000007168e-01
9.330000000000007176e-01
9.340000000000007185e-01
9.350000000000007194e-01
9.360000000000007203e-01
9.370000000000007212e-01
9.380000000000007221e-01
9.390000000000007230e-01
9.400000000000007239e-01
9.410000000000007248e-01
9.420000000000007256e-01
9.430000000000007265e-01
9.440000000000007274e-01
9.450000000000007283e-01
9.460000000000007292e-01
9.470000000000007301e-01
9.480000000000007310e-01
9.490000000000007319e-01
9.500000000000007327e-01
9.510000000000007336e-01
9.520000000000007345e-01
9.530000000000007354e-01
9.540000000000007363e-01
9.550000000000007372e-01
9.560000000000007381e-01
9.570000000000007390e-01
9.580000000000007399e-01
9.590000000000007407e-01
9.600000000000007416e-01
9.610000000000007425e-01
9.620000000000007434e-01
9.630000000000007443e-01
9.640000000000007452e-01
9.650000000000007461e-01
9.660000000000007470e-01
9.670000000000007478e-01
9.680000000000007487e-01
9.690000000000007496e-01
9.700000000000007505e-01
9.710000000000007514e-01
9.720000000000007523e-01
9.730000000000007532e-01
9.740000000000007541e-01
9.750000000000007550e-01
9.760000000000007558e-01
9.770000000000007567e-01
9.780000000000007576e-01
9.790000000000007585e-01
9.800000000000007594e-01
9.810000000000007603e-01
9.820000000000007612e-01
9.830000000000007621e-01
9.840000000000007629e-01
9.850000000000007638e-01
9.860000000000007647e-01
9.870000000000007656e-01
9.880000000000007665e-01
9.890000000000007674e-01
9.900000000000007683e-01
9.910000000000007692e-01
9.920000000000007701e-01
9.930000000000007709e-01
9.940000000000007718e-01
9.950000000000007727e-01
9.960000000000007736e-01
9.970000000000007745e-01
9.980000000000007754e-01
9.990000000000007763e-01
