5.543941678980086607e+00
5.333825376271413177e+00
5.165922560783539730e+00
5.133159274555347373e+00
5.100675030434322466e+00
5.068472742898422645e+00
5.004925888811203372e+00
4.973587343043087472e+00
4.942542794267453132e+00
4.881348134656997573e+00
4.851204335618398922e+00
4.821367155376944602e+00
4.791839833969691043e+00
4.762625643168846956e+00
4.733727885269095381e+00
4.705149891775695536e+00
4.676895021991127166e+00
4.648966661495703256e+00
4.621368220522176884e+00
4.594103132217157714e+00
4.567174850791210439e+00
4.540586849549779203e+00
4.514342618808971253e+00
4.488445663687754106e+00
4.462899501779037159e+00
4.437707660695415335e+00
4.412873675490583736e+00
4.388401085952409630e+00
4.364293433769750763e+00
4.340554259571813844e+00
4.317187099838693420e+00
4.294195483687198944e+00
4.271582929528358719e+00
4.249352941603436129e+00
4.227509006396097391e+00
4.206054588925345783e+00
4.184993128923070849e+00
4.164328036899809682e+00
4.144062690101128155e+00
4.124200428363477222e+00
4.104744549872209269e+00
4.085698306830161997e+00
4.067064901042812153e+00
4.048847479429507956e+00
4.031049129466786063e+00
4.013672874576103666e+00
3.996721669463713766e+00
3.980198395424404012e+00
3.964105855619159069e+00
3.948446770341120349e+00
3.933223772279564212e+00
3.918439401796000698e+00
3.904096102226262577e+00
3.890196215222937681e+00
3.876741976150039903e+00
3.863735509547688629e+00
3.851178824680974611e+00
3.839073811184742890e+00
3.827422234825621938e+00
3.816225733390901542e+00
3.805485812723598649e+00
3.795203842913870140e+00
3.785381054668447209e+00
3.776018535866230152e+00
3.767117228315751465e+00
3.758677924732654940e+00
3.750701265940397988e+00
3.743187738318024316e+00
3.736137671495077139e+00
3.729551236314201823e+00
3.723428443062821280e+00
3.717769139987825433e+00
3.712573012097158731e+00
3.707839580257600076e+00
3.703568200591491610e+00
3.699758064177010475e+00
3.696408197053975719e+00
3.693517460537476982e+00
3.691084551839006078e+00
3.689108004991672018e+00
3.687586192079884917e+00
3.686517324766405590e+00
3.685899456114868578e+00
3.685730482695587007e+00
3.686008146975889854e+00
3.686730039974506212e+00
3.687893604181749829e+00
3.689496136725513686e+00
3.691534792776146379e+00
3.694006589175533595e+00
3.696908408278266389e+00
3.700237001988516905e+00
3.703988995981077892e+00
3.708160894088425863e+00
3.712749082839766679e+00
3.717749836136538200e+00
3.723159320046605991e+00
3.728973597704032805e+00
3.735188634295593779e+00
3.741800302118688304e+00
3.748804385696588692e+00
3.756196586932711412e+00
3.763972530291916474e+00
3.772127767990768987e+00
3.780657785184598829e+00
3.789558005138252472e+00
3.798823794363880513e+00
3.808450467717419574e+00
3.818433293438801002e+00
3.828767498126200763e+00
3.839448271633461029e+00
3.850470771880821097e+00
3.861830129569499004e+00
3.873521452793374564e+00
3.885539831538131317e+00
3.897880342063654080e+00
3.910538051160982853e+00
3.923508020281194053e+00
3.936785309528793686e+00
3.950364981519789431e+00
3.964242105096180246e+00
3.978411758899458750e+00
3.992869034797186689e+00
4.007609041164115204e+00
4.022626906016019355e+00
4.037917779994964818e+00
4.053476839208864035e+00
4.069299287924345698e+00
4.085380361113151615e+00
4.101715326857337196e+00
4.118299488610118964e+00
4.135128187319735638e+00
4.152196803415427517e+00
4.169500758659083317e+00
4.187035517867059298e+00
4.204796590503402598e+00
4.222779532149979254e+00
4.240979945855681166e+00
4.259393483367876598e+00
4.278015846252444021e+00
4.296842786904110589e+00
4.315870109451625858e+00
4.335093670561587231e+00
4.354509380146986075e+00
4.374113201979097809e+00
4.393901154215425819e+00
4.413869309837505917e+00
4.434013797012352320e+00
4.454330799372831606e+00
4.474816556227248832e+00
4.495467362699463010e+00
4.516279569800993876e+00
4.537249584443616257e+00
4.558373869391966871e+00
4.579648943160615104e+00
4.601071379860331767e+00
4.622637808994898734e+00
4.644344915212771596e+00
4.666189438015910795e+00
4.688168171429786035e+00
4.710277963635802756e+00
4.732515716569550612e+00
4.754878385488860992e+00
4.777362978511356495e+00
4.799966556125665029e+00
4.822686230679924080e+00
4.845519165844931919e+00
4.868462576060725411e+00
4.891513725961996073e+00
4.914669929789369895e+00
4.937928550784413950e+00
4.961287000573467942e+00
4.984742738538854745e+00
5.031936151470783436e+00
5.055668978199986618e+00
5.079489395317365208e+00
5.103395091267789674e+00
5.127383798324628650e+00
5.151453291919513511e+00
5.248496113286488018e+00
5.272937634625683323e+00
5.297447463857501759e+00
5.322023659762382231e+00
5.371367575151509755e+00
5.545893828593677632e+00
5.672057845169274692e+00
