2.469876829851193278e+00
2.421981377657780765e+00
2.374171964043445993e+00
2.326448402657897319e+00
2.278810507661140239e+00
2.231258093734155068e+00
2.183790976094210912e+00
2.136408970511060712e+00
2.089111893322950220e+00
2.041899561460588153e+00
1.994771792467417537e+00
1.947728404528074275e+00
1.900769216498758407e+00
1.853894047940230383e+00
1.807102719160725846e+00
1.760395051259632027e+00
1.713770866183513153e+00
1.667229986787004625e+00
1.620772236905358321e+00
1.574397441440491097e+00
1.528105426461666250e+00
1.481896019323156066e+00
1.435769048803855918e+00
1.389724345278784412e+00
1.343761740916629144e+00
1.297881069925856945e+00
1.252082168848452692e+00
1.206364876922037421e+00
1.160729036522168078e+00
1.115174493714386150e+00
1.069701098940489814e+00
1.024308707888657688e+00
9.789971825905440239e-01
9.337663928441801708e-01
8.886162180514596276e-01
8.435465496414680242e-01
7.985572942954252129e-01
7.536483783090111022e-01
7.088197535807834182e-01
6.640714059942213199e-01
6.194033673731047518e-01
5.748157329284433459e-01
5.303086874015041641e-01
4.858825453708456310e-01
4.415378156329413661e-01
3.972753081861410407e-01
3.530963208876032877e-01
3.090029846579074868e-01
2.649989502571833966e-01
2.210908882913147633e-01
1.772922002444005662e-01
1.336339688190637531e-01
9.020742873320840294e-02
4.743739283293636061e-02
1.329152172098269601e-02
4.354765303125054943e-02
8.596245414268162410e-02
1.289815135972228188e-01
1.720949823480650009e-01
2.152004070046196205e-01
2.582638862671171043e-01
3.012710430020481556e-01
3.442147944151398575e-01
3.870912891526492872e-01
4.298982871116882598e-01
4.726344249771242123e-01
5.152988497964720027e-01
5.578910220590517222e-01
6.004106033510883123e-01
6.428573890485851372e-01
6.852312663014847871e-01
7.275321868790717295e-01
7.697601490781920131e-01
8.119151853610701020e-01
8.539973537130848280e-01
8.960067314589443832e-01
9.379434107871028603e-01
9.798074954272132375e-01
1.021599098173672671e+00
1.063318338990663303e+00
1.104965343570522229e+00
1.146540242198588189e+00
1.188043168872569666e+00
1.229474260596598922e+00
1.270833656823740609e+00
1.312121498999266889e+00
1.353337930198743155e+00
1.394483094823072422e+00
1.435557138351905238e+00
1.476560207140793501e+00
1.517492448249500248e+00
1.558354009299755427e+00
1.599145038354304216e+00
1.639865683816750241e+00
1.680516094343570410e+00
1.721096418772353642e+00
1.761606806059016650e+00
1.802047405221923970e+00
1.842418365296550675e+00
1.882719835295771027e+00
1.922951964173963857e+00
1.963114900796589124e+00
2.003208793914259989e+00
2.043233792139243388e+00
2.083190043924745272e+00
2.123077697547283371e+00
2.162896901091737156e+00
2.202647802435579116e+00
2.242330549239048398e+00
2.281945288930939508e+00
2.321492168702786074e+00
2.360971335497307422e+00
2.400382936002572798e+00
2.439727116643445992e+00
2.557356599580948853e+00
