5.808236677423948002e+00
5.335071320333268474e+00
5.109105555653377095e+00
4.890825364577879419e+00
4.680767253827082364e+00
4.479539771504621015e+00
4.287828618514017087e+00
4.106399778018667845e+00
3.936099323633123870e+00
3.777848177582820544e+00
3.632629765684987966e+00
3.501468409358023059e+00
3.385396625406817517e+00
3.285410519232016657e+00
3.202414326899256647e+00
3.137157810183704321e+00
3.090173141535226708e+00
3.061720188021144207e+00
3.051749583382037834e+00
3.059890910091247918e+00
3.085468896771964342e+00
3.127545059587956811e+00
3.184977521543960410e+00
3.256489302625352966e+00
3.340735608113324595e+00
3.436362911033479683e+00
3.542055758672053134e+00
3.656570163857711719e+00
3.778754556651928720e+00
3.907560434021706275e+00
4.042045220701067088e+00
4.181369719446357713e+00
4.324792138228809257e+00
4.471660216559316225e+00
4.621402537134768451e+00
4.773519748387433204e+00
4.927576148606291007e+00
5.083191885183722114e+00
5.240035888429090960e+00
5.397819572698857371e+00
5.715231449712627310e+00
