6.389404407992803847e+00
6.201742670812103952e+00
5.842831669271935979e+00
5.672064653070545859e+00
5.507442693692746971e+00
5.349253746237367046e+00
5.197803809702366884e+00
5.053415633458653744e+00
4.916426635902968023e+00
4.787185887709378029e+00
4.666050023119015400e+00
4.553377971958420645e+00
4.449524457348005058e+00
4.354832282662965071e+00
4.269623536340120040e+00
4.194189969798611806e+00
4.128782940884120123e+00
4.073603445059215566e+00
4.028792856181264703e+00
3.994425043957280153e+00
3.970500506343898728e+00
3.956943043242908242e+00
3.953599309196742517e+00
3.960241340229021745e+00
3.976571889002612270e+00
4.002232163427478007e+00
4.036811382376156665e+00
4.079857461060831803e+00
4.130888123873718065e+00
4.189401804010455699e+00
4.254887805745277696e+00
4.326835350854217666e+00
4.404741280987284568e+00
4.488116323865036783e+00
4.576489941543006701e+00
4.669413859004754030e+00
4.766464421865126866e+00
4.867243957152269651e+00
4.971381316731221744e+00
5.078531774834171841e+00
5.188376434616313482e+00
5.300621277832121336e+00
5.414995969644508911e+00
5.531252509287700292e+00
5.649163797947875487e+00
5.768522178421571667e+00
5.889137986988934870e+00
6.010838146417955663e+00
6.256874138046735645e+00
