6.350000000000001199e-01
6.400000000000001243e-01
6.450000000000001288e-01
6.500000000000001332e-01
6.550000000000001377e-01
6.600000000000001421e-01
6.650000000000001465e-01
6.700000000000001510e-01
6.750000000000001554e-01
6.800000000000001599e-01
6.850000000000001643e-01
6.900000000000001688e-01
6.950000000000001732e-01
7.000000000000001776e-01
7.050000000000001821e-01
7.100000000000001865e-01
7.150000000000001910e-01
7.200000000000001954e-01
7.250000000000001998e-01
7.300000000000002043e-01
7.350000000000002087e-01
7.400000000000002132e-01
7.450000000000002176e-01
7.500000000000002220e-01
7.550000000000002265e-01
7.600000000000002309e-01
7.650000000000002354e-01
7.700000000000002398e-01
7.750000000000002442e-01
7.800000000000002487e-01
7.850000000000002531e-01
7.900000000000002576e-01
7.950000000000002620e-01
8.000000000000002665e-01
8.050000000000002709e-01
8.100000000000002753e-01
8.150000000000002798e-01
8.200000000000002842e-01
8.250000000000002887e-01
8.300000000000002931e-01
8.350000000000002975e-01
8.400000000000003020e-01
8.500000000000003109e-01
8.550000000000003153e-01
8.650000000000003242e-01
8.700000000000003286e-01
