5.171860420469078790e+00
5.118766494229637587e+00
5.065771045913066040e+00
5.012873861771830697e+00
4.960074728445646564e+00
4.907373432963315629e+00
4.854769762744300721e+00
4.802263505600352644e+00
4.749854449735471995e+00
4.697542383748904982e+00
4.645327096635836206e+00
4.593208377788680075e+00
4.541186016998790542e+00
4.489259804458369807e+00
4.437429530761272112e+00
4.385694986905119386e+00
4.334055964292372387e+00
4.282512254733283008e+00
4.231063650446190039e+00
4.179709944060198801e+00
4.128450928617168891e+00
4.077286397573562482e+00
4.026216144802165608e+00
3.975239964594641684e+00
3.924357651664290181e+00
3.873569001147301627e+00
3.822873808606567447e+00
3.772271870033953256e+00
3.721762981852629437e+00
3.671346940921158097e+00
3.621023544535483474e+00
3.570792590434015423e+00
3.520653876799813897e+00
3.470607202265332258e+00
3.420652365916911908e+00
3.370789167298766653e+00
3.321017406417833495e+00
3.271336883750028068e+00
3.221747400244757475e+00
3.172248757332459146e+00
3.122840756929989858e+00
3.073523201448848940e+00
3.024295893802937396e+00
2.975158637417255392e+00
2.926111236237037172e+00
2.877153494738615258e+00
2.828285217940556429e+00
2.779506211415748496e+00
2.730816281306274185e+00
2.682215234336807974e+00
2.633702877832420519e+00
2.585279019737405815e+00
2.536943468633683363e+00
2.488696033765869231e+00
2.440536525064969542e+00
2.392464753176732462e+00
2.344480529492962262e+00
2.296583666186378547e+00
2.248773976250650897e+00
2.201051273544213149e+00
2.153415372838744624e+00
2.105866089878223324e+00
2.058403241439749731e+00
2.011026645408541036e+00
1.963736120857726197e+00
1.916531488144544326e+00
1.869412569016993153e+00
1.822379186738916523e+00
1.775431166231302704e+00
1.728568334239277249e+00
1.681790519522274874e+00
1.635097553080768984e+00
1.588489268414229993e+00
1.541965501832971652e+00
1.495526092819935648e+00
1.449170884462039455e+00
1.402899723964085688e+00
1.356712463267329971e+00
1.310608959790281913e+00
1.264589077330969147e+00
1.218652687167435467e+00
1.172799669407843082e+00
1.127029914666240584e+00
1.081343326148386019e+00
1.035739822282124356e+00
9.902193400524984535e-01
9.447818392844489210e-01
8.994273081971089212e-01
8.541557706859319588e-01
8.089672960066741636e-01
7.638620118416380445e-01
7.188401221784499473e-01
6.739019322583580385e-01
6.290478840261574112e-01
5.842786076753367919e-01
5.395949984674293098e-01
4.949983346004181994e-01
4.504904641488728934e-01
4.060741134307578326e-01
3.617534198141639235e-01
3.175349055960559053e-01
2.734293861914650070e-01
2.294560541093166040e-01
1.856522976935678637e-01
1.421014348597691435e-01
9.903236791540794004e-02
5.735723953087128180e-02
2.489067500791275825e-02
4.214243053760704377e-02
8.208996514723762572e-02
1.244490627512126329e-01
1.673385514928342199e-01
2.103865696218941983e-01
2.534728773423972625e-01
2.965471884600321406e-01
3.395848655561051754e-01
3.825724731771094622e-01
4.255021002882330428e-01
4.683688159893637515e-01
5.111694119978199558e-01
5.539017320225817498e-01
5.965642916205057267e-01
6.391560516897704103e-01
6.816762777392696426e-01
7.241244492967804369e-01
7.665001997977348713e-01
8.088032756123946232e-01
8.510335074761146146e-01
8.931907901462025068e-01
9.352750676456766943e-01
9.772863223949168621e-01
1.019224567071044918e+00
1.061089838438364019e+00
1.102882192617022916e+00
1.144601701400011828e+00
1.186248449372550029e+00
1.227822531629850777e+00
1.269324051951386201e+00
1.310753121332691951e+00
1.352109856794462939e+00
1.393394380408236710e+00
1.434606818495352654e+00
1.475747300964610487e+00
1.516815960761279447e+00
1.557812933403258215e+00
1.598738356595755583e+00
1.639592369900808144e+00
1.680375114458906527e+00
1.721086732752323378e+00
1.761727368400895388e+00
1.802297165987773564e+00
1.842796270907197664e+00
1.883224829235875974e+00
1.923582987618702056e+00
1.963870893169614718e+00
2.004088693384662889e+00
2.044236536069088395e+00
2.084314569267563311e+00
2.124322941207739568e+00
2.164261800247781586e+00
2.204131294831293442e+00
2.243931573445443028e+00
2.283662784586337313e+00
2.323325076725728966e+00
2.362918598283200389e+00
2.402443497599983324e+00
2.441899922916304533e+00
2.481288022350234712e+00
2.520607943879884960e+00
2.559859835326873334e+00
2.599043844340073850e+00
2.638160118383479968e+00
2.677208804723804736e+00
2.716190050417969015e+00
2.755104002304719746e+00
2.793950806995403990e+00
2.832730610865255905e+00
2.871443560045025212e+00
2.910089800416915118e+00
2.948669477605401656e+00
2.987182736973415409e+00
3.025629723616998668e+00
3.064010582360017665e+00
3.102325457751141435e+00
3.140574494058256949e+00
3.178757835267063125e+00
3.216875625076026424e+00
3.254928006894816761e+00
3.292915123840635339e+00
3.330837118736644342e+00
3.368694134109738059e+00
3.406486312187707810e+00
3.444213794898591363e+00
3.481876723868282841e+00
3.519475240419418949e+00
3.557009485570227891e+00
3.594479600032427058e+00
3.631885724211750599e+00
3.669227998205153440e+00
3.706506561801720334e+00
