GH1- 8b sun compass orientation
      0  51.3  37.0   0.0   0.0   1.0
NRM    293.2  40.5 293.2  40.5 1.22E-02 000.3 292.1  67.2 3.629474 3.148322 3.019617 hargrave 2021-03-16 23:59:59 
AF  10 293.2  40.5 293.2  40.5 1.22E-02 000.3 292.1  67.2 3.557856 3.378952 3.169630 hargrave 2021-03-17 00:01:19 
AF  20 293.1  40.4 293.1  40.4 1.22E-02 000.3 292.0  67.2 3.489212 3.218010 3.165464 hargrave 2021-03-17 00:02:39 
AF  30 293.0  40.4 293.0  40.4 1.22E-02 000.2 292.0  67.1 3.279245 3.262983 3.129926 hargrave 2021-03-17 00:03:59 
AF  40 292.8  40.2 292.8  40.2 1.21E-02 000.3 292.1  66.9 3.386016 3.202357 3.169513 hargrave 2021-03-17 00:05:19 
AF  50 292.7  40.1 292.7  40.1 1.21E-02 000.3 292.2  66.7 3.286794 3.187488 3.181276 hargrave 2021-03-17 00:06:39 
AF  60 292.6  39.9 292.6  39.9 1.20E-02 000.3 292.3  66.5 3.220809 3.253902 3.170687 hargrave 2021-03-17 00:07:59 
AF  70 292.4  39.7 292.4  39.7 1.19E-02 000.3 292.4  66.3 3.411416 3.104713 3.175927 hargrave 2021-03-17 00:09:19 
AF  80 292.2  39.5 292.2  39.5 1.18E-02 000.3 292.6  66.0 3.372928 3.116444 3.175312 hargrave 2021-03-17 00:10:42 
AF  90 292.1  39.3 292.1  39.3 1.18E-02 000.3 292.7  65.8 3.312934 3.080291 3.190999 hargrave 2021-03-17 00:12:02 
AF 100 291.9  39.1 291.9  39.1 1.17E-02 000.3 292.9  65.6 3.368631 3.119182 3.219944 hargrave 2021-03-17 00:13:22 
AF 120 291.6  38.7 291.6  38.7 1.15E-02 000.3 293.2  65.2 3.150551 3.031678 3.187502 hargrave 2021-03-17 00:14:42 
AF 140 291.3  38.3 291.3  38.3 1.13E-02 000.3 293.4  64.7 3.059055 2.969681 3.203487 hargrave 2021-03-17 00:16:02 
AF 160 291.1  38.0 291.1  38.0 1.11E-02 000.3 293.7  64.3 3.047708 2.872324 3.198166 hargrave 2021-03-17 00:17:22 
AF 180 290.9  37.6 290.9  37.6 1.09E-02 000.3 293.9  64.0 2.975511 2.883750 3.222857 hargrave 2021-03-17 00:18:42 
AF 200 290.7  37.3 290.7  37.3 1.07E-02 000.3 294.2  63.7 2.986391 2.668493 3.146750 hargrave 2021-03-17 00:20:05 
AF 250 290.3  36.7 290.3  36.7 1.01E-02 000.3 294.6  63.0 2.816942 2.528854 3.033199 hargrave 2021-03-17 00:21:25 
AF 300 290.0  36.3 290.0  36.3 9.36E-03 000.3 294.8  62.5 2.726800 2.258468 2.856536 hargrave 2021-03-17 00:22:45 
AF 350 289.7  35.9 289.7  35.9 8.52E-03 000.3 295.0  62.1 2.444617 2.102553 2.635917 hargrave 2021-03-17 00:24:08 
AF 400 289.5  35.7 289.5  35.7 7.69E-03 000.3 295.2  61.8 2.066792 1.907410 2.386815 hargrave 2021-03-17 00:25:29 
AF 450 289.4  35.5 289.4  35.5 6.85E-03 000.3 295.2  61.6 2.038259 1.777102 2.200163 hargrave 2021-03-17 00:26:52 
AF 500 289.3  35.3 289.3  35.3 6.04E-03 000.3 295.4  61.4 1.577395 1.466056 1.912947 hargrave 2021-03-17 00:28:16 
AF 550 289.2  35.3 289.2  35.3 5.31E-03 000.3 295.3  61.3 1.465475 1.335146 1.678457 hargrave 2021-03-17 00:29:36 
AF 600 289.2  35.3 289.2  35.3 4.69E-03 000.3 295.2  61.4 1.273769 1.163792 1.505202 hargrave 2021-03-17 00:30:56 
AF 650 289.0  35.2 289.0  35.2 4.13E-03 000.3 295.1  61.1 1.117998 1.010865 1.332940 hargrave 2021-03-17 00:32:15 
AF 700 288.9  35.1 288.9  35.1 3.69E-03 000.3 295.1  61.1 0.939826 0.937350 1.189908 hargrave 2021-03-17 00:33:35 
AF 750 288.5  35.1 288.5  35.1 3.31E-03 000.3 294.7  60.8 0.891786 0.801173 1.078680 hargrave 2021-03-17 00:34:55 
AF 800 288.4  35.2 288.4  35.2 3.02E-03 000.3 294.4  60.8 0.795805 0.746622 0.979332 hargrave 2021-03-17 00:36:15 
AF 850 288.4  35.1 288.4  35.1 2.80E-03 000.3 294.5  60.8 0.800475 0.703109 0.908336 hargrave 2021-03-17 00:37:35 
AF 900 288.2  35.0 288.2  35.0 2.61E-03 000.3 294.4  60.6 0.758957 0.701418 0.846363 hargrave 2021-03-17 00:38:55 
AF 950 288.2  35.0 288.2  35.0 2.47E-03 000.3 294.3  60.6 0.641131 0.633656 0.805272 hargrave 2021-03-17 00:40:16 
AF1000 288.0  35.1 288.0  35.1 2.37E-03 000.3 293.9  60.5 0.615419 0.580411 0.768633 hargrave 2021-03-17 00:41:39 
AF1050 287.7  35.1 287.7  35.1 2.28E-03 000.3 293.6  60.4 0.652490 0.572629 0.740633 hargrave 2021-03-17 00:43:00 
AF1100 287.8  35.1 287.8  35.1 2.19E-03 000.3 293.8  60.4 0.608251 0.573339 0.715712 hargrave 2021-03-17 00:44:24 
AF1150 287.8  35.0 287.8  35.0 2.13E-03 000.3 293.9  60.4 0.625744 0.518778 0.698834 hargrave 2021-03-17 00:45:45 
AF1200 288.0  35.2 288.0  35.2 2.08E-03 000.3 293.8  60.6 0.597410 0.576464 0.674392 hargrave 2021-03-17 00:47:06 
AF1250 287.9  35.3 287.9  35.3 2.03E-03 000.3 293.6  60.6 0.578824 0.524168 0.655429 hargrave 2021-03-17 00:48:28 
AF1300 287.9  35.2 287.9  35.2 1.99E-03 000.3 293.7  60.5 0.628697 0.527307 0.643402 hargrave 2021-03-17 00:49:50 
