GH1- 2b sun compass orientation
      0  22.3  55.0   0.0   0.0   1.0
NRM    289.1  35.6 289.1  35.6 6.51E-03 000.3 255.3  87.3 2.032706 2.177854 0.247451 hargrave 2021-03-16 20:31:38 
AF  10 289.1  35.5 289.1  35.5 6.48E-03 000.3 259.2  87.4 2.047397 2.178163 0.265241 hargrave 2021-03-16 20:32:57 
AF  20 289.0  35.2 289.0  35.2 6.42E-03 000.3 264.3  87.3 2.017709 2.195476 0.287428 hargrave 2021-03-16 20:34:16 
AF  30 288.8  35.1 288.8  35.1 6.36E-03 000.3 267.7  87.1 2.013676 2.254372 0.300825 hargrave 2021-03-16 20:35:35 
AF  40 288.5  34.9 288.5  34.9 6.29E-03 000.3 270.5  86.9 1.959285 2.137465 0.330251 hargrave 2021-03-16 20:36:54 
AF  50 288.3  34.8 288.3  34.8 6.22E-03 000.3 272.3  86.7 1.939428 2.127721 0.333750 hargrave 2021-03-16 20:38:12 
AF  60 288.1  34.7 288.1  34.7 6.16E-03 000.3 274.0  86.5 1.942019 2.074233 0.333748 hargrave 2021-03-16 20:39:31 
AF  70 287.8  34.5 287.8  34.5 6.10E-03 000.3 275.8  86.3 1.905188 2.087895 0.361269 hargrave 2021-03-16 20:40:50 
AF  80 287.6  34.4 287.6  34.4 6.03E-03 000.3 277.6  86.1 1.869971 2.041982 0.376784 hargrave 2021-03-16 20:42:57 
AF  90 287.4  34.3 287.4  34.3 5.95E-03 000.3 279.0  85.9 1.856021 2.007274 0.393962 hargrave 2021-03-16 20:44:16 
AF 100 287.2  34.1 287.2  34.1 5.88E-03 000.3 280.3  85.7 1.860377 2.085345 0.404957 hargrave 2021-03-16 20:45:35 
AF 120 286.8  33.8 286.8  33.8 5.75E-03 000.3 282.8  85.3 1.799226 1.877451 0.422402 hargrave 2021-03-16 20:46:54 
AF 140 286.6  33.6 286.6  33.6 5.59E-03 000.3 285.1  85.1 1.766828 1.924816 0.442329 hargrave 2021-03-16 20:48:13 
AF 160 286.3  33.4 286.3  33.4 5.44E-03 000.3 286.2  84.8 1.692297 1.826291 0.451257 hargrave 2021-03-16 20:49:31 
AF 180 286.1  33.2 286.1  33.2 5.28E-03 000.3 287.3  84.6 1.654176 1.798679 0.454489 hargrave 2021-03-16 20:50:51 
AF 200 285.9  33.1 285.9  33.1 5.13E-03 000.3 287.7  84.4 1.606992 1.713511 0.456350 hargrave 2021-03-16 20:52:10 
AF 250 285.7  32.9 285.7  32.9 4.71E-03 000.3 289.4  84.1 1.475315 1.591772 0.437697 hargrave 2021-03-16 20:53:29 
AF 300 285.5  32.7 285.5  32.7 4.24E-03 000.3 290.4  83.9 1.343318 1.465245 0.408566 hargrave 2021-03-16 20:54:48 
AF 350 285.4  32.7 285.4  32.7 3.76E-03 000.3 290.2  83.8 1.166969 1.289812 0.368024 hargrave 2021-03-16 20:56:07 
AF 400 285.5  32.6 285.5  32.6 3.30E-03 000.3 291.3  83.8 1.053367 1.128788 0.322007 hargrave 2021-03-16 20:57:25 
AF 450 285.5  32.5 285.5  32.5 2.89E-03 000.3 291.7  83.9 0.942551 1.014452 0.279355 hargrave 2021-03-16 20:58:44 
AF 500 285.5  32.4 285.5  32.4 2.51E-03 000.3 292.3  83.8 0.774017 0.847864 0.247132 hargrave 2021-03-16 21:00:03 
AF 550 285.7  32.5 285.7  32.5 2.20E-03 000.3 292.6  83.9 0.667479 0.755295 0.213901 hargrave 2021-03-16 21:01:22 
AF 600 285.7  32.5 285.7  32.5 1.96E-03 000.3 292.2  84.0 0.583959 0.661119 0.189635 hargrave 2021-03-16 21:02:41 
AF 650 285.4  32.5 285.4  32.5 1.75E-03 000.3 291.6  83.7 0.564073 0.664128 0.172405 hargrave 2021-03-16 21:04:00 
AF 700 285.7  32.5 285.7  32.5 1.60E-03 000.3 292.6  84.0 0.521268 0.604753 0.154695 hargrave 2021-03-16 21:05:19 
AF 750 285.5  32.4 285.5  32.4 1.47E-03 000.3 292.6  83.8 0.425254 0.513466 0.147966 hargrave 2021-03-16 21:06:38 
AF 800 285.5  32.3 285.5  32.3 1.38E-03 000.3 293.9  83.7 0.412473 0.476869 0.136984 hargrave 2021-03-16 21:08:00 
AF 850 285.7  32.3 285.7  32.3 1.30E-03 000.3 294.0  83.9 0.369305 0.448451 0.126658 hargrave 2021-03-16 21:09:20 
AF 900 285.4  32.6 285.4  32.6 1.24E-03 000.3 290.3  83.8 0.356149 0.469571 0.123078 hargrave 2021-03-16 21:10:39 
AF 950 285.5  32.2 285.5  32.2 1.20E-03 000.3 294.0  83.7 0.349958 0.422024 0.119741 hargrave 2021-03-16 21:12:02 
AF1000 285.7  32.1 285.7  32.1 1.15E-03 000.3 295.8  83.8 0.360751 0.462424 0.114511 hargrave 2021-03-16 21:13:21 
AF1050 285.9  32.4 285.9  32.4 1.12E-03 000.3 294.2  84.0 0.332200 0.439424 0.109990 hargrave 2021-03-16 21:14:41 
AF1100 285.7  32.4 285.7  32.4 1.09E-03 000.3 293.4  83.9 0.310532 0.421245 0.106348 hargrave 2021-03-16 21:16:04 
AF1150 285.9  32.3 285.9  32.3 1.06E-03 000.3 294.7  84.0 0.330421 0.366886 0.103667 hargrave 2021-03-16 21:17:29 
AF1200 285.9  32.4 285.9  32.4 1.05E-03 000.3 293.9  84.1 0.316036 0.402962 0.103688 hargrave 2021-03-16 21:18:50 
AF1250 285.8  32.5 285.8  32.5 1.03E-03 000.3 292.6  84.0 0.295931 0.371577 0.097765 hargrave 2021-03-16 21:20:11 
AF1300 285.6  32.3 285.6  32.3 1.01E-03 000.3 294.1  83.8 0.300713 0.393835 0.100837 hargrave 2021-03-16 21:21:36 
