GH1- 3b sun compass orientation
      0  25.0  58.0   0.0   0.0   1.0
NRM    286.7  38.7 286.7  38.7 5.79E-03 000.3 222.6  80.5 1.791981 2.124273 0.411669 hargrave 2021-03-16 21:23:00 
AF  10 286.8  38.5 286.8  38.5 5.76E-03 000.3 223.7  80.7 1.869291 2.177748 0.453172 hargrave 2021-03-16 21:24:19 
AF  20 286.8  38.1 286.8  38.1 5.70E-03 000.3 225.7  80.9 1.848145 2.165540 0.447378 hargrave 2021-03-16 21:25:38 
AF  30 286.8  37.6 286.8  37.6 5.64E-03 000.3 228.0  81.2 1.858507 2.102093 0.433378 hargrave 2021-03-16 21:26:57 
AF  40 286.7  37.1 286.7  37.1 5.57E-03 000.3 230.8  81.5 1.810238 2.078940 0.426786 hargrave 2021-03-16 21:28:16 
AF  50 286.7  36.7 286.7  36.7 5.51E-03 000.3 233.3  81.7 1.815594 2.047141 0.401544 hargrave 2021-03-16 21:29:39 
AF  60 286.6  36.3 286.6  36.3 5.45E-03 000.3 236.0  81.9 1.779278 1.810628 0.418454 hargrave 2021-03-16 21:31:01 
AF  70 286.6  35.9 286.6  35.9 5.38E-03 000.3 238.7  82.0 1.779225 1.903001 0.394758 hargrave 2021-03-16 21:32:20 
AF  80 286.5  35.4 286.5  35.4 5.32E-03 000.3 241.9  82.1 1.755596 1.979224 0.415815 hargrave 2021-03-16 21:33:43 
AF  90 286.4  35.0 286.4  35.0 5.25E-03 000.3 244.8  82.2 1.761645 1.986962 0.416482 hargrave 2021-03-16 21:35:02 
AF 100 286.3  34.6 286.3  34.6 5.18E-03 000.3 247.7  82.3 1.732312 1.948540 0.421275 hargrave 2021-03-16 21:36:22 
AF 120 286.1  34.1 286.1  34.1 5.06E-03 000.3 252.1  82.3 1.681175 1.890241 0.425607 hargrave 2021-03-16 21:37:41 
AF 140 286.0  33.5 286.0  33.5 4.92E-03 000.3 256.6  82.3 1.606543 1.832224 0.413429 hargrave 2021-03-16 21:39:01 
AF 160 285.8  33.0 285.8  33.0 4.79E-03 000.3 260.0  82.2 1.583250 1.760818 0.437848 hargrave 2021-03-16 21:40:24 
AF 180 285.7  32.6 285.7  32.6 4.64E-03 000.3 262.8  82.2 1.518090 1.666389 0.439235 hargrave 2021-03-16 21:42:35 
AF 200 285.6  32.4 285.6  32.4 4.50E-03 000.3 264.7  82.1 1.531028 1.664394 0.444809 hargrave 2021-03-16 21:43:55 
AF 250 285.5  31.9 285.5  31.9 4.13E-03 000.3 268.2  81.9 1.372304 1.513709 0.426676 hargrave 2021-03-16 21:45:15 
AF 300 285.3  31.5 285.3  31.5 3.70E-03 000.3 270.7  81.8 1.194815 1.371097 0.400898 hargrave 2021-03-16 21:46:35 
AF 350 285.4  31.3 285.4  31.3 3.28E-03 000.3 272.4  81.8 1.101137 1.208414 0.357225 hargrave 2021-03-16 21:47:54 
AF 400 285.4  31.2 285.4  31.2 2.87E-03 000.3 273.2  81.8 0.933016 1.059271 0.313885 hargrave 2021-03-16 21:49:14 
AF 450 285.3  31.1 285.3  31.1 2.50E-03 000.3 273.8  81.7 0.823372 0.927713 0.278634 hargrave 2021-03-16 21:51:27 
AF 500 285.2  31.1 285.2  31.1 2.17E-03 000.3 273.6  81.6 0.719760 0.816215 0.242861 hargrave 2021-03-16 21:52:47 
AF 550 285.3  30.9 285.3  30.9 1.90E-03 000.3 274.8  81.7 0.630919 0.717757 0.214049 hargrave 2021-03-16 21:54:07 
AF 600 285.5  30.9 285.5  30.9 1.68E-03 000.3 275.3  81.8 0.546190 0.650322 0.189821 hargrave 2021-03-16 21:55:28 
AF 650 285.4  30.9 285.4  30.9 1.51E-03 000.3 275.2  81.7 0.493683 0.589889 0.174278 hargrave 2021-03-16 21:56:48 
AF 700 285.6  30.8 285.6  30.8 1.37E-03 000.3 275.7  81.9 0.459034 0.543032 0.156909 hargrave 2021-03-16 21:58:08 
AF 750 285.3  30.9 285.3  30.9 1.27E-03 000.3 275.2  81.7 0.386141 0.464659 0.144233 hargrave 2021-03-16 21:59:27 
AF 800 285.5  30.7 285.5  30.7 1.19E-03 000.3 276.9  81.8 0.381035 0.477605 0.136518 hargrave 2021-03-16 22:00:47 
AF 850 285.2  30.8 285.2  30.8 1.12E-03 000.3 275.5  81.6 0.362563 0.417964 0.128836 hargrave 2021-03-16 22:02:08 
AF 900 285.8  30.7 285.8  30.7 1.07E-03 000.3 276.7  82.1 0.327557 0.415878 0.121593 hargrave 2021-03-16 22:03:28 
AF 950 285.5  30.5 285.5  30.5 1.03E-03 000.3 278.1  81.8 0.331838 0.427283 0.119576 hargrave 2021-03-16 22:04:48 
AF1000 285.6  30.6 285.6  30.6 9.95E-04 000.3 277.6  81.8 0.319164 0.367748 0.114846 hargrave 2021-03-16 22:06:08 
AF1050 285.2  30.5 285.2  30.5 9.60E-04 000.3 277.5  81.5 0.299974 0.372145 0.114915 hargrave 2021-03-16 22:07:29 
AF1100 285.2  30.7 285.2  30.7 9.37E-04 000.3 276.4  81.5 0.287104 0.354138 0.113352 hargrave 2021-03-16 22:08:50 
AF1150 285.7  30.7 285.7  30.7 9.14E-04 000.3 276.8  81.9 0.270706 0.358090 0.106072 hargrave 2021-03-16 22:10:11 
AF1200 285.5  30.6 285.5  30.6 9.00E-04 000.3 277.5  81.8 0.268045 0.356654 0.107188 hargrave 2021-03-16 22:11:33 
AF1250 285.3  30.3 285.3  30.3 8.78E-04 000.3 279.2  81.5 0.294912 0.369346 0.107637 hargrave 2021-03-16 22:12:55 
AF1300 285.9  30.5 285.9  30.5 8.71E-04 000.3 278.8  82.1 0.273077 0.341986 0.098732 hargrave 2021-03-16 22:14:17 
