CF- 1a mag compass orientation (IGRF corrected)
    1.1 227.5   2.0   0.0   0.0   1.0
NRM    301.9  43.5 301.9  43.5 1.29E-03 000.8 164.9  41.6 0.535609 1.504378 0.600810 hargrave 2020-08-30 18:43:42 
TT 100 304.0  43.3 304.0  43.3 1.25E-03 003.0 166.9  41.3 3.441384 5.222291 2.175471 hargrave 2020-09-01 16:24:53 
TT 200 296.9  38.9 296.9  38.9 1.06E-03 001.0 159.9  37.0 0.527471 1.429083 0.942664 hargrave 2020-09-05 16:13:54 
TT 300 298.7  33.6 298.7  33.6 7.95E-04 001.7 161.6  31.7 0.414495 1.917863 1.315538 hargrave 2020-09-06 18:45:57 
TT 400 312.3  32.5 312.3  32.5 5.20E-04 010.9 174.9  30.5 1.019244 9.997889 0.381595 hargrave 2020-09-15 15:43:27 
TT 400 298.0  31.5 298.0  31.5 5.28E-04 002.8 160.9  29.6 0.861960 2.459495 0.391908 hargrave 2020-09-15 17:48:53 
TT 450 298.1  32.5 298.1  32.5 4.55E-04 005.1 161.0  30.6 1.829322 3.503380 0.834810 hargrave 2020-09-17 22:32:10 
TT 500 293.5  30.8 293.5  30.8 3.79E-04 001.1 156.4  29.0 0.438559 0.491739 0.317072 hargrave 2020-09-19 14:57:46 
TT 525 298.6  30.4 298.6  30.4 3.39E-04 004.1 161.4  28.5 1.130882 2.062547 0.586673 hargrave 2020-09-19 19:57:14 
TT 550 294.8  28.2 294.8  28.2 2.96E-04 001.2 157.7  26.3 0.266747 0.204934 0.540397 hargrave 2020-09-22 15:30:37 
TT 560 300.3  28.8 300.3  28.8 2.56E-04 001.2 163.1  26.9 0.228180 0.206069 0.430263 hargrave 2020-09-24 19:57:31 
TT 570 303.5  34.1 303.5  34.1 2.54E-04 001.3 166.3  32.2 0.244097 0.387051 0.362927 hargrave 2020-09-26 14:34:44 
TT 580 299.9  32.9 299.9  32.9 2.16E-04 001.2 162.8  31.0 0.286477 0.223551 0.275662 hargrave 2020-09-27 13:39:50 
TT 590 297.4  28.6 297.4  28.6 1.83E-04 000.5 160.3  26.7 0.063697 0.068103 0.136699 hargrave 2020-10-03 13:37:24 
TT 600 295.2  19.5 295.2  19.5 1.59E-04 001.2 158.0  17.6 0.138766 0.287360 0.144590 hargrave 2020-10-07 21:22:12 
TT 610 306.0  24.6 306.0  24.6 1.24E-04 003.0 168.7  22.7 0.180093 0.617184 0.109357 hargrave 2020-10-08 20:52:24 
TT 620 303.4  24.0 303.4  24.0 1.26E-04 000.7 166.1  22.0 0.062140 0.123624 0.114964 hargrave 2020-10-10 09:24:52 
TT 630 298.3  22.3 298.3  22.3 1.06E-04 003.1 161.1  20.4 0.233691 0.526183 0.086064 hargrave 2020-10-10 21:10:41 
TT 640 307.0  24.9 307.0  24.9 8.38E-05 001.1 169.7  22.9 0.106246 0.128887 0.078576 hargrave 2020-10-13 13:43:12 
TT 650 314.5  26.2 314.5  26.2 6.03E-05 001.5 177.1  24.2 0.057798 0.142851 0.065494 hargrave 2020-10-14 08:55:51 
TT 660 287.6  23.3 287.6  23.3 6.46E-05 001.3 150.5  21.5 0.065942 0.114143 0.077995 hargrave 2020-10-16 16:51:25 
TT 664 327.8  13.0 327.8  13.0 4.07E-05 005.3 190.2  11.0 0.066936 0.356094 0.123926 hargrave 2020-10-30 11:50:04 
TT 668 311.1  11.0 311.1  11.0 3.94E-05 002.2 173.6  09.0 0.055113 0.120433 0.092236 hargrave 2020-10-30 18:32:18 
TT 672 353.6  01.0 353.6  01.0 2.11E-05 002.3 216.1 -00.7 0.055158 0.060790 0.053515 hargrave 2020-11-09 00:22:34 
TT 674 296.7  02.4 296.7  02.4 2.25E-05 002.5 159.2  00.5 0.073985 0.074157 0.040970 hargrave 2020-11-15 17:45:38 
TT 675 325.8  02.3 325.8  02.3 1.90E-05 001.6 188.3  00.3 0.046775 0.049027 0.022082 hargrave 2020-11-16 00:51:56 
TT 676 225.0 -01.8 225.0 -01.8 1.34E-05 007.9 087.4 -01.7 0.055855 0.039016 0.174728 hargrave 2020-11-19 10:57:32 
TT 677 356.3 -01.7 356.3 -01.7 1.96E-06 036.6 218.9 -03.3 0.162922 0.131221 0.011890 hargrave 2020-11-19 17:08:43 
TT 677 278.7  77.9 278.7  77.9 8.86E-09 065.8 146.4  75.7 0.000233 0.000173 0.001185 hargrave 2020-11-19 18:48:21 
