CF- 13a mag compass orientation (IGRF corrected)
    7.1 184.5  56.0   0.0   0.0   1.0
NRM    304.6  63.6 304.6  63.6 1.40E-03 006.7 193.1  10.5 3.264747 15.84488 2.965948 hargrave 2020-08-30 19:02:57 
TT 100 297.3  62.4 297.3  62.4 1.29E-03 001.9 190.4  08.2 1.103130 1.515429 3.886860 hargrave 2020-09-01 16:46:38 
TT 200 283.2  51.7 283.2  51.7 8.31E-04 002.0 185.4 -04.0 0.188164 2.374421 1.766222 hargrave 2020-09-05 16:30:37 
TT 300 283.1  44.8 283.1  44.8 5.99E-04 001.5 186.2 -10.8 0.384049 0.576320 1.454715 hargrave 2020-09-06 19:05:09 
TT 400 283.2  40.3 283.2  40.3 4.08E-04 004.1 186.9 -15.3 0.471176 2.820712 0.629160 hargrave 2020-09-15 16:04:06 
TT 450 284.0  37.7 284.0  37.7 3.63E-04 002.9 187.9 -17.7 0.498410 1.607463 0.707132 hargrave 2020-09-17 22:52:45 
TT 500 289.1  36.8 289.1  36.8 3.13E-04 001.0 192.3 -17.9 0.204755 0.405455 0.330618 hargrave 2020-09-19 15:18:24 
TT 525 281.4  34.1 281.4  34.1 2.89E-04 003.8 186.2 -21.6 0.143536 1.856182 0.572208 hargrave 2020-09-19 20:17:43 
TT 550 286.5  34.2 286.5  34.2 2.50E-04 001.5 190.6 -20.9 0.208069 0.220647 0.577486 hargrave 2020-09-22 15:51:06 
TT 560 283.3  35.2 283.3  35.2 2.22E-04 001.6 187.7 -20.3 0.241162 0.212405 0.531440 hargrave 2020-09-24 20:18:54 
TT 570 268.8  32.8 268.8  32.8 2.06E-04 006.8 174.8 -23.0 0.428797 2.384860 0.356070 hargrave 2020-09-26 14:56:07 
TT 580 282.8  31.6 282.8  31.6 1.84E-04 001.3 187.7 -23.9 0.111075 0.258612 0.304235 hargrave 2020-09-27 14:02:48 
TT 590 280.0  29.5 280.0  29.5 1.65E-04 000.5 185.3 -26.3 0.091418 0.064101 0.127156 hargrave 2020-10-03 13:57:52 
TT 600 272.2  29.2 272.2  29.2 1.42E-04 001.2 177.7 -26.7 0.060171 0.282567 0.096568 hargrave 2020-10-07 21:43:20 
TT 610 283.9  25.7 283.9  25.7 1.22E-04 002.1 189.7 -29.6 0.113698 0.433614 0.073753 hargrave 2020-10-08 21:12:52 
TT 620 282.3  27.4 282.3  27.4 1.08E-04 000.6 187.8 -28.1 0.116293 0.081165 0.080183 hargrave 2020-10-10 09:41:38 
TT 630 282.2  27.7 282.2  27.7 8.98E-05 001.1 187.7 -27.9 0.081308 0.152159 0.058417 hargrave 2020-10-10 21:30:20 
TT 640 285.1  22.3 285.1  22.3 7.31E-05 000.8 191.7 -32.8 0.111816 0.071224 0.044465 hargrave 2020-10-13 14:00:59 
TT 650 287.5  19.2 287.5  19.2 5.90E-05 003.8 195.1 -35.4 0.148871 0.371915 0.038002 hargrave 2020-10-14 09:15:31 
TT 660 282.0  27.6 282.0  27.6 5.22E-05 004.0 187.5 -28.0 0.135249 0.328944 0.125486 hargrave 2020-10-16 17:12:46 
TT 664 275.4  26.7 275.4  26.7 4.77E-05 006.4 180.9 -29.3 0.091746 0.520878 0.110935 hargrave 2020-10-30 12:09:49 
TT 668 264.1  26.0 264.1  26.0 4.19E-05 002.2 169.3 -29.2 0.098487 0.122543 0.078261 hargrave 2020-10-30 18:52:51 
TT 672 251.8  06.3 251.8  06.3 2.28E-05 001.9 147.5 -44.3 0.024650 0.071260 0.016725 hargrave 2020-11-09 00:37:54 
TT 674 259.0  24.8 259.0  24.8 2.66E-05 003.2 163.8 -29.3 0.058218 0.139387 0.040414 hargrave 2020-11-15 18:06:13 
TT 675 292.4  16.5 292.4  16.5 1.84E-05 002.2 201.6 -36.7 0.050788 0.057669 0.026698 hargrave 2020-11-16 01:12:41 
TT 676 252.6  31.2 252.6  31.2 2.09E-05 003.1 160.0 -21.6 0.075757 0.093657 0.022097 hargrave 2020-11-19 11:17:11 
TT 677 302.7  07.6 302.7  07.6 1.06E-05 001.3 218.1 -40.6 0.026917 0.013805 0.008522 hargrave 2020-11-19 17:28:03 
TT 678 255.1  29.8 255.1  29.8 1.57E-05 002.6 161.7 -23.6 0.037017 0.065761 0.012134 hargrave 2020-11-19 23:31:07 
TT 679 227.1  30.1 227.1  30.1 1.51E-05 002.2 139.4 -11.8 0.049119 0.040222 0.020029 hargrave 2020-11-22 10:25:56 
TT 680 233.1  17.8 233.1  17.8 1.62E-05 002.9 136.0 -24.9 0.058951 0.061976 0.023018 hargrave 2020-11-22 16:25:14 
TT 681 235.8  39.7 235.8  39.7 1.39E-05 002.4 150.9 -08.1 0.029195 0.057656 0.019539 hargrave 2020-11-24 21:45:14 
