CF- 12a mag compass orientation (IGRF corrected)
    6.7 192.5  67.0   0.0   0.0   1.0
NRM    287.0  70.2 287.0  70.2 2.62E-03 001.5 181.5  03.2 0.483007 3.048499 6.154055 hargrave 2020-08-30 19:01:26 
TT 100 313.6  65.4 313.6  65.4 2.33E-03 002.3 192.4  01.6 1.668153 4.022450 8.436397 hargrave 2020-09-01 16:45:12 
TT 200 294.7  57.9 294.7  57.9 1.46E-03 002.1 186.5 -08.4 0.723688 1.251702 5.107389 hargrave 2020-09-05 16:29:25 
TT 300 295.1  50.7 295.1  50.7 9.71E-04 001.7 188.2 -15.4 0.734633 0.566630 2.709342 hargrave 2020-09-06 19:03:38 
TT 400 283.6  45.6 283.6  45.6 6.19E-04 005.5 180.8 -21.4 0.496293 5.859193 1.075704 hargrave 2020-09-15 16:02:35 
TT 450 292.5  44.2 292.5  44.2 5.41E-04 002.1 187.8 -22.2 0.606148 1.265721 1.484565 hargrave 2020-09-17 22:51:14 
TT 500 285.0  43.5 285.0  43.5 4.62E-04 001.4 182.0 -23.4 0.492315 0.221317 1.004964 hargrave 2020-09-19 15:16:53 
TT 525 293.9  43.1 293.9  43.1 4.10E-04 003.0 189.0 -23.1 0.360685 1.681724 1.309606 hargrave 2020-09-19 20:16:14 
TT 550 290.4  43.4 290.4  43.4 3.62E-04 002.4 186.2 -23.2 0.511924 0.878685 1.155240 hargrave 2020-09-22 15:49:36 
TT 560 288.6  39.7 288.6  39.7 3.00E-04 002.5 185.3 -27.1 0.350932 0.999676 0.809068 hargrave 2020-09-24 20:17:24 
TT 570 296.8  41.2 296.8  41.2 2.77E-04 002.2 191.7 -24.5 0.290818 0.721221 0.740174 hargrave 2020-09-26 14:53:48 
TT 580 297.8  41.6 297.8  41.6 2.39E-04 002.1 192.4 -23.9 0.177281 0.616288 0.578447 hargrave 2020-09-27 14:01:18 
TT 590 290.8  39.3 290.8  39.3 2.21E-04 003.3 187.2 -27.3 0.279978 1.225019 0.256942 hargrave 2020-10-03 13:56:21 
TT 600 294.8  38.0 294.8  38.0 1.81E-04 002.2 190.9 -27.9 0.205650 0.654129 0.133443 hargrave 2020-10-07 21:41:45 
TT 610 299.0  35.5 299.0  35.5 1.46E-04 002.4 195.5 -29.5 0.209034 0.572629 0.138351 hargrave 2020-10-08 21:11:23 
TT 620 298.4  35.7 298.4  35.7 1.20E-04 001.2 194.8 -29.4 0.136483 0.203611 0.104395 hargrave 2020-10-10 09:40:25 
TT 630 291.2  33.8 291.2  33.8 9.88E-05 001.7 188.6 -32.6 0.112532 0.250621 0.104086 hargrave 2020-10-10 21:28:51 
TT 640 312.6  31.8 312.6  31.8 8.42E-05 003.0 208.9 -28.1 0.219559 0.397154 0.118005 hargrave 2020-10-13 13:58:58 
TT 650 313.4  34.5 313.4  34.5 6.37E-05 001.7 208.0 -25.5 0.057625 0.150354 0.118438 hargrave 2020-10-14 09:14:01 
TT 660 311.3  38.0 311.3  38.0 5.18E-05 002.8 204.4 -23.2 0.116659 0.223432 0.086408 hargrave 2020-10-16 17:11:15 
TT 664 302.4  42.1 302.4  42.1 4.52E-05 004.5 195.9 -22.4 0.132556 0.331218 0.101064 hargrave 2020-10-30 12:08:19 
TT 668 276.8  30.9 276.8  30.9 3.24E-05 003.7 173.9 -35.8 0.091652 0.187127 0.072823 hargrave 2020-10-30 18:51:21 
TT 672 245.1  20.8 245.1  20.8 1.51E-05 003.0 137.4 -33.0 0.044687 0.073950 0.019655 hargrave 2020-11-09 00:36:41 
TT 674 233.7 -30.2 233.7 -30.2 1.50E-05 003.5 069.7 -46.1 0.044256 0.077135 0.039662 hargrave 2020-11-15 18:04:43 
TT 675 330.9  25.2 330.9  25.2 2.06E-05 005.9 227.2 -22.8 0.164328 0.144662 0.048786 hargrave 2020-11-16 01:11:09 
TT 676 250.1  46.0 250.1  46.0 1.01E-05 008.3 157.4 -15.0 0.073947 0.132227 0.033735 hargrave 2020-11-19 11:15:40 
TT 676 248.5  44.8 248.5  44.8 1.02E-05 006.6 155.7 -15.4 0.062154 0.098676 0.042966 hargrave 2020-11-19 12:28:37 
TT 677 001.5  08.9 001.5  08.9 1.11E-05 003.5 257.4 -06.5 0.064050 0.026060 0.011277 hargrave 2020-11-19 17:26:33 
TT 678 306.5  49.6 306.5  49.6 1.10E-05 002.9 195.8 -14.4 0.049449 0.043580 0.030829 hargrave 2020-11-19 23:26:52 
TT 679 306.8  59.7 306.8  59.7 1.32E-05 001.4 192.0 -04.9 0.031359 0.025306 0.018503 hargrave 2020-11-22 10:21:41 
TT 680 242.6  26.5 242.6  26.5 1.71E-05 002.8 139.8 -27.3 0.059515 0.067970 0.043754 hargrave 2020-11-22 16:20:48 
