CF- 16a mag compass orientation (IGRF corrected)
    8.2 102.5  84.0   0.0   0.0   1.0
NRM    299.4  58.4 299.4  58.4 1.51E-03 006.9 211.1  13.9 9.420513 15.77651 1.112554 hargrave 2020-08-30 19:07:13 
TT 100 296.5  50.5 296.5  50.5 1.43E-03 002.1 219.4  13.5 2.256718 4.065239 2.370616 hargrave 2020-09-01 16:50:49 
TT 200 291.6  47.3 291.6  47.3 9.94E-04 002.1 222.9  10.6 1.967455 2.678085 1.489380 hargrave 2020-09-05 16:34:10 
TT 300 289.3  41.6 289.3  41.6 7.68E-04 001.8 228.8  09.1 1.841501 1.302521 0.769433 hargrave 2020-09-06 19:09:38 
TT 400 290.1  37.2 290.1  37.2 5.19E-04 002.8 233.2  09.6 1.913244 1.625926 0.388980 hargrave 2020-09-15 16:09:22 
TT 450 289.4  39.5 289.4  39.5 4.42E-04 002.4 230.9  09.2 1.483887 1.044476 0.523575 hargrave 2020-09-17 22:58:00 
TT 500 289.1  34.5 289.1  34.5 3.70E-04 002.4 235.9  08.8 1.298125 0.746692 0.390625 hargrave 2020-09-19 15:22:51 
TT 525 289.6  33.8 289.6  33.8 3.32E-04 001.5 236.7  09.2 0.561050 0.579161 0.355653 hargrave 2020-09-19 20:22:07 
TT 550 288.7  37.5 288.7  37.5 2.91E-04 000.8 232.9  08.6 0.063147 0.141516 0.387342 hargrave 2020-09-22 15:56:22 
TT 560 288.6  33.5 288.6  33.5 2.70E-04 001.6 237.0  08.4 0.493429 0.450052 0.358730 hargrave 2020-09-24 20:23:19 
TT 570 289.4  34.7 289.4  34.7 2.44E-04 001.7 235.7  09.1 0.591519 0.276669 0.331469 hargrave 2020-09-26 15:00:33 
TT 580 290.3  32.7 290.3  32.7 2.23E-04 000.8 237.8  09.8 0.090999 0.175452 0.256075 hargrave 2020-09-27 14:07:13 
TT 590 289.5  32.7 289.5  32.7 2.01E-04 003.9 237.8  09.1 1.113470 0.788254 0.128828 hargrave 2020-10-03 14:02:17 
TT 600 290.3  33.9 290.3  33.9 1.87E-04 004.2 236.6  09.8 1.143589 0.763197 0.127618 hargrave 2020-10-07 21:47:51 
TT 610 289.6  38.6 289.6  38.6 1.42E-04 007.9 231.8  09.3 1.522362 1.241300 0.090102 hargrave 2020-10-08 21:17:14 
TT 620 290.1  29.2 290.1  29.2 1.33E-04 002.0 241.3  09.5 0.402860 0.218129 0.089603 hargrave 2020-10-10 09:45:10 
TT 630 290.6  30.4 290.6  30.4 1.10E-04 001.2 240.1  10.0 0.186599 0.142336 0.061510 hargrave 2020-10-10 21:34:44 
TT 640 292.6  26.9 292.6  26.9 7.51E-05 001.8 243.7  11.7 0.204825 0.156436 0.041685 hargrave 2020-10-13 14:04:33 
TT 650 291.0  22.6 291.0  22.6 7.57E-05 000.9 248.1  10.1 0.119750 0.070222 0.039317 hargrave 2020-10-14 09:20:00 
TT 660 293.6  28.4 293.6  28.4 5.71E-05 000.7 242.2  12.6 0.065718 0.046468 0.049232 hargrave 2020-10-16 17:17:11 
TT 664 290.0  22.5 290.0  22.5 5.23E-05 003.5 248.1  09.2 0.276274 0.179099 0.050855 hargrave 2020-10-30 12:14:14 
TT 668 294.2  35.3 294.2  35.3 3.35E-05 004.7 235.1  13.0 0.221477 0.170488 0.048466 hargrave 2020-10-30 18:57:19 
TT 672 307.9  37.3 307.9  37.3 2.13E-05 002.7 231.8  23.7 0.067430 0.084054 0.022210 hargrave 2020-11-09 00:41:29 
TT 674 290.2  29.7 290.2  29.7 2.38E-05 003.8 240.9  09.6 0.128105 0.099615 0.026118 hargrave 2020-11-15 18:10:38 
TT 675 290.6  13.4 290.6  13.4 2.26E-05 002.2 257.4  09.3 0.079005 0.050135 0.018866 hargrave 2020-11-16 01:17:07 
TT 676 286.0  31.5 286.0  31.5 1.47E-05 004.1 238.9  06.1 0.087169 0.062937 0.009906 hargrave 2020-11-19 11:21:37 
TT 677 291.8  03.7 291.8  03.7 1.72E-05 003.2 267.2  09.6 0.096259 0.027446 0.014305 hargrave 2020-11-19 17:32:31 
TT 678 282.8  33.9 282.8  33.9 1.15E-05 007.9 236.2  03.6 0.132243 0.093341 0.007949 hargrave 2020-11-19 23:35:38 
TT 679 299.0  42.7 299.0  42.7 1.37E-05 004.4 227.2  16.1 0.085153 0.066146 0.009712 hargrave 2020-11-22 10:31:16 
TT 680 201.2  69.2 201.2  69.2 7.96E-06 008.5 183.2 -14.5 0.014925 0.119607 0.005411 hargrave 2020-11-22 16:29:45 
TT 681 281.0  07.0 281.0  07.0 6.92E-06 005.3 262.9 -00.8 0.061690 0.018222 0.010039 hargrave 2020-11-24 21:48:28 
