CF- 27a sun compass orientation
     16 285.5  83.0   0.0   0.0   1.0
NRM    315.1  66.2 315.1  66.2 1.76E-03 004.9 159.4 -05.0 5.391509 14.15853 1.066547 hargrave 2020-08-30 20:16:12 
TT 100 318.1  68.4 318.1  68.4 1.71E-03 001.3 161.8 -04.8 0.481032 1.634244 3.394490 hargrave 2020-09-01 17:11:23 
TT 200 306.0  60.7 306.0  60.7 1.13E-03 001.5 152.7 -03.6 1.105171 2.240452 1.642549 hargrave 2020-09-05 16:51:13 
TT 300 303.7  49.6 303.7  49.6 7.77E-04 002.7 141.7 -06.2 2.302174 2.693891 0.729596 hargrave 2020-09-06 19:28:38 
TT 400 302.7  48.9 302.7  48.9 5.09E-04 001.6 140.8 -05.8 0.932321 0.982076 0.384099 hargrave 2020-09-15 16:27:33 
TT 450 299.6  45.4 299.6  45.4 4.41E-04 003.4 136.9 -04.8 1.708541 1.936337 0.473066 hargrave 2020-09-17 23:18:27 
TT 500 301.9  42.3 301.9  42.3 3.81E-04 001.4 134.4 -07.2 0.670262 0.526950 0.344335 hargrave 2020-09-19 15:42:34 
TT 525 307.8  44.4 307.8  44.4 3.46E-04 001.2 137.7 -10.6 0.295870 0.557816 0.427333 hargrave 2020-09-19 20:41:42 
TT 550 306.1  44.1 306.1  44.1 3.10E-04 001.6 137.0 -09.6 0.412044 0.635769 0.401844 hargrave 2020-09-22 16:15:58 
TT 560 307.3  44.3 307.3  44.3 2.84E-04 001.5 137.5 -10.3 0.386229 0.566766 0.333191 hargrave 2020-09-24 20:42:09 
TT 570 292.6  39.6 292.6  39.6 2.37E-04 002.9 130.1 -01.0 0.845959 0.790767 0.248009 hargrave 2020-09-26 15:20:19 
TT 580 309.6  33.6 309.6  33.6 2.01E-04 000.7 127.8 -15.7 0.162893 0.089822 0.165656 hargrave 2020-09-27 14:26:55 
TT 590 307.2  35.4 307.2  35.4 1.88E-04 000.7 129.0 -13.2 0.175481 0.085303 0.125963 hargrave 2020-10-03 14:22:41 
TT 600 297.5  34.5 297.5  34.5 1.79E-04 000.6 125.8 -05.8 0.110374 0.089671 0.145879 hargrave 2020-10-07 22:07:52 
TT 610 313.5  42.1 313.5  42.1 1.34E-04 006.3 137.2 -15.3 1.031614 1.064288 0.090980 hargrave 2020-10-08 21:35:57 
TT 620 303.1  35.8 303.1  35.8 1.04E-04 001.7 128.3 -09.9 0.194620 0.247922 0.067865 hargrave 2020-10-10 10:00:40 
TT 630 299.3  36.6 299.3  36.6 1.09E-04 001.4 128.3 -06.7 0.221191 0.126036 0.070587 hargrave 2020-10-10 21:53:24 
TT 640 301.4  28.5 301.4  28.5 6.84E-05 002.3 120.7 -10.4 0.239032 0.168133 0.039551 hargrave 2020-10-13 14:20:15 
TT 650 303.2  34.7 303.2  34.7 5.66E-05 001.0 127.2 -10.3 0.058052 0.084463 0.044922 hargrave 2020-10-14 09:39:11 
TT 660 292.4  22.1 292.4  22.1 2.72E-05 038.1 112.8 -03.7 2.005645 0.780758 0.832151 hargrave 2020-10-16 17:38:34 
TT 660 305.9  34.6 305.9  34.6 4.41E-05 001.9 127.8 -12.4 0.104442 0.092635 0.066977 hargrave 2020-10-17 15:56:13 
TT 664 297.6  27.6 297.6  27.6 5.68E-05 001.7 119.1 -07.4 0.134930 0.092242 0.050881 hargrave 2020-10-30 12:33:02 
TT 668 302.5  28.6 302.5  28.6 5.18E-05 001.2 121.1 -11.3 0.065916 0.083849 0.061185 hargrave 2020-10-30 19:16:09 
TT 672 306.1  44.8 306.1  44.8 3.11E-05 001.3 137.7 -09.3 0.044355 0.042065 0.039921 hargrave 2020-11-09 00:57:38 
TT 674 333.0  37.6 333.0  37.6 2.04E-05 002.9 141.7 -30.3 0.039888 0.093300 0.033959 hargrave 2020-11-15 18:31:06 
TT 675 334.7  45.5 334.7  45.5 1.77E-05 003.5 149.4 -26.1 0.032047 0.100324 0.040686 hargrave 2020-11-16 01:36:54 
TT 676 320.6  30.5 320.6  30.5 1.88E-05 001.8 128.7 -25.5 0.045038 0.049017 0.012473 hargrave 2020-11-19 11:40:31 
TT 677 334.4  46.0 334.4  46.0 1.56E-05 002.4 149.6 -25.5 0.032627 0.063144 0.008108 hargrave 2020-11-19 17:51:37 
TT 678 323.4  40.4 323.4  40.4 1.77E-05 002.1 139.4 -22.6 0.042562 0.057930 0.009342 hargrave 2020-11-19 23:55:44 
TT 679 064.2  52.5 064.2  52.5 1.34E-05 003.0 208.7 -17.6 0.041829 0.057938 0.018386 hargrave 2020-11-22 10:49:48 
TT 680 310.2 -59.0 310.2 -59.0 1.32E-05 002.2 029.6 -18.5 0.039079 0.040477 0.012514 hargrave 2020-11-22 16:48:23 
