CF- 2a mag compass orientation (IGRF corrected)
    1.5 112.5   7.0   0.0   0.0   1.0
NRM    292.4  37.8 292.4  37.8 1.19E-03 001.4 264.5  37.5 2.764596 0.482284 0.992936 hargrave 2020-08-30 18:45:15 
TT 100 296.1  36.0 296.1  36.0 1.13E-03 000.8 268.5  36.1 0.550320 0.966582 1.160441 hargrave 2020-09-01 16:26:28 
TT 200 293.2  34.5 293.2  34.5 9.96E-04 000.6 265.9  34.3 0.620973 0.524938 0.684131 hargrave 2020-09-05 16:15:56 
TT 300 294.7  29.7 294.7  29.7 7.58E-04 001.0 268.2  29.8 1.205544 0.424322 0.479344 hargrave 2020-09-06 18:47:30 
TT 400 300.2  28.3 300.2  28.3 4.99E-04 003.9 273.9  29.0 3.398558 0.128515 0.486391 hargrave 2020-09-15 15:45:00 
TT 450 293.3  30.2 293.3  30.2 4.24E-04 001.1 266.7  30.1 0.597828 0.287220 0.467324 hargrave 2020-09-17 22:33:41 
TT 500 292.3  26.9 292.3  26.9 3.34E-04 001.7 266.3  26.7 0.880757 0.217149 0.392507 hargrave 2020-09-19 14:59:17 
TT 525 294.5  28.2 294.5  28.2 2.96E-04 000.7 268.2  28.2 0.151450 0.176868 0.296892 hargrave 2020-09-19 19:58:45 
TT 550 305.8  24.6 305.8  24.6 2.57E-04 009.7 280.1  26.0 4.343222 0.715896 0.263067 hargrave 2020-09-22 15:32:09 
TT 550 296.0  25.2 296.0  25.2 2.60E-04 001.0 270.2  25.4 0.337472 0.119860 0.264429 hargrave 2020-09-22 17:31:14 
TT 560 298.5  25.1 298.5  25.1 2.26E-04 001.9 272.7  25.6 0.708031 0.143125 0.278921 hargrave 2020-09-24 19:59:02 
TT 570 289.0  28.8 289.0  28.8 2.17E-04 000.8 262.7  28.2 0.083009 0.145159 0.269206 hargrave 2020-09-26 14:36:16 
TT 580 286.1  24.6 286.1  24.6 1.93E-04 009.4 260.5  23.6 3.146968 0.514204 0.237815 hargrave 2020-09-27 13:42:11 
TT 580 300.1  23.0 300.1  23.0 1.95E-04 003.2 274.6  23.7 1.064559 0.050525 0.193118 hargrave 2020-09-27 18:16:08 
TT 590 289.9  22.5 289.9  22.5 1.67E-04 000.8 264.5  22.0 0.119832 0.105023 0.195143 hargrave 2020-10-03 13:38:56 
TT 600 292.7  19.4 292.7  19.4 1.31E-04 002.3 267.7  19.3 0.487020 0.100001 0.177821 hargrave 2020-10-07 21:23:47 
TT 610 292.4  22.1 292.4  22.1 9.81E-05 001.7 267.1  21.9 0.265471 0.072866 0.119385 hargrave 2020-10-08 20:53:56 
TT 620 284.2  25.8 284.2  25.8 1.04E-04 002.2 258.5  24.6 0.396214 0.053284 0.090121 hargrave 2020-10-10 09:26:48 
TT 630 282.8  22.5 282.8  22.5 8.27E-05 004.8 257.6  21.1 0.680321 0.158609 0.085149 hargrave 2020-10-10 21:12:12 
TT 640 277.6  27.2 277.6  27.2 6.60E-05 001.4 251.8  25.2 0.143252 0.070313 0.073502 hargrave 2020-10-13 13:44:30 
TT 650 287.9  17.5 287.9  17.5 7.01E-05 003.9 263.2  16.8 0.480051 0.068901 0.107750 hargrave 2020-10-14 08:57:23 
TT 660 272.1  32.2 272.1  32.2 4.15E-05 003.2 245.7  29.5 0.190075 0.124585 0.079795 hargrave 2020-10-16 16:52:57 
TT 664 294.1  04.5 294.1  04.5 3.65E-05 006.7 271.1  04.6 0.424399 0.063372 0.074943 hargrave 2020-10-30 11:51:36 
TT 668 268.4  05.5 268.4  05.5 2.98E-05 003.9 245.5  02.6 0.192411 0.089161 0.032204 hargrave 2020-10-30 18:33:49 
TT 672 278.1  04.9 278.1  04.9 2.52E-05 002.8 255.1  03.1 0.109093 0.053317 0.042850 hargrave 2020-11-09 00:23:48 
TT 674 222.4  00.0 222.4  00.0 1.50E-05 009.4 200.0 -06.5 0.113667 0.221052 0.039716 hargrave 2020-11-15 17:47:10 
TT 674 216.6 -05.8 216.6 -05.8 1.48E-05 003.1 194.3 -12.6 0.067869 0.054895 0.032407 hargrave 2020-11-15 19:45:29 
TT 675 253.4 -04.6 253.4 -04.6 1.63E-05 003.9 231.5 -09.0 0.111098 0.052035 0.044736 hargrave 2020-11-16 00:53:29 
TT 676 185.9  05.7 185.9  05.7 7.38E-06 002.7 163.5 -01.0 0.030014 0.024527 0.015680 hargrave 2020-11-19 10:59:03 
