CF- 22a sun compass orientation
   11.4  72.5   8.0   0.0   0.0   1.0
NRM    318.5  61.4 318.5  61.4 1.34E-03 001.8 328.0  68.5 2.670176 3.161094 0.333663 hargrave 2020-08-30 19:19:14 
TT 100 312.9  60.1 312.9  60.1 1.25E-03 002.6 321.4  66.8 5.044588 2.289100 1.202087 hargrave 2020-09-01 17:03:53 
TT 200 302.7  51.4 302.7  51.4 8.21E-04 000.7 312.5  57.2 0.748051 0.470777 0.539955 hargrave 2020-09-05 16:45:01 
TT 300 298.3  48.2 298.3  48.2 6.28E-04 000.6 308.4  53.6 0.388443 0.457835 0.252546 hargrave 2020-09-06 19:20:45 
TT 400 298.7  46.5 298.7  46.5 4.22E-04 001.6 309.4  52.0 0.644514 0.960033 0.284640 hargrave 2020-09-15 16:19:42 
TT 450 291.6  45.9 291.6  45.9 3.63E-04 000.6 301.8  50.6 0.277101 0.159126 0.220196 hargrave 2020-09-17 23:10:39 
TT 500 296.8  43.9 296.8  43.9 3.10E-04 002.2 308.0  49.2 0.767767 0.873298 0.203019 hargrave 2020-09-19 15:33:56 
TT 525 293.8  43.2 293.8  43.2 2.88E-04 000.8 304.9  48.2 0.362944 0.100006 0.215314 hargrave 2020-09-19 20:33:59 
TT 550 298.0  43.5 298.0  43.5 2.60E-04 000.8 309.3  48.9 0.049865 0.327854 0.180653 hargrave 2020-09-22 16:08:13 
TT 560 297.4  42.2 297.4  42.2 2.46E-04 001.0 308.9  47.5 0.361029 0.121752 0.229467 hargrave 2020-09-24 20:34:23 
TT 570 293.7  42.2 293.7  42.2 2.26E-04 002.8 304.9  47.2 0.740362 0.779121 0.176295 hargrave 2020-09-26 15:12:30 
TT 580 294.1  39.2 294.1  39.2 2.13E-04 002.9 306.0  44.3 0.987915 0.464452 0.159109 hargrave 2020-09-27 14:18:20 
TT 590 297.0  40.9 297.0  40.9 1.91E-04 004.7 308.8  46.2 1.189896 0.994103 0.102864 hargrave 2020-10-03 14:14:56 
TT 600 293.5  41.9 293.5  41.9 1.71E-04 000.4 304.8  46.8 0.047059 0.062036 0.113675 hargrave 2020-10-07 21:59:57 
TT 610 295.2  40.8 295.2  40.8 1.40E-04 001.2 306.9  46.0 0.224899 0.172311 0.089177 hargrave 2020-10-08 21:28:15 
TT 620 293.8  37.5 293.8  37.5 1.25E-04 000.6 306.1  42.5 0.081873 0.083232 0.078147 hargrave 2020-10-10 09:54:09 
TT 630 291.6  38.3 291.6  38.3 8.65E-05 002.7 303.5  43.1 0.348845 0.194981 0.063082 hargrave 2020-10-10 21:45:41 
TT 640 287.6  36.9 287.6  36.9 7.79E-05 003.2 299.6  41.2 0.410917 0.141245 0.066818 hargrave 2020-10-13 14:13:45 
TT 650 289.1  35.9 289.1  35.9 6.58E-05 005.2 301.4  40.4 0.500604 0.337544 0.054399 hargrave 2020-10-14 09:31:16 
TT 660 288.4  35.1 288.4  35.1 6.20E-05 000.9 300.8  39.5 0.072984 0.060780 0.038869 hargrave 2020-10-16 17:29:57 
TT 664 290.9  31.4 290.9  31.4 5.37E-05 001.5 304.1  36.1 0.108937 0.089419 0.037537 hargrave 2020-10-30 12:25:15 
TT 668 285.6  35.0 285.6  35.0 4.60E-05 001.4 297.9  39.1 0.083632 0.074535 0.026940 hargrave 2020-10-30 19:08:23 
TT 672 290.2  33.5 290.2  33.5 3.74E-05 001.2 302.9  38.2 0.060101 0.051866 0.024479 hargrave 2020-11-09 00:51:12 
TT 674 288.6  34.6 288.6  34.6 3.30E-05 001.7 301.1  39.0 0.087217 0.049372 0.022310 hargrave 2020-11-15 18:21:38 
TT 675 285.4  33.7 285.4  33.7 3.34E-05 003.2 297.9  37.8 0.154079 0.100529 0.021847 hargrave 2020-11-16 01:29:02 
TT 676 289.3  33.6 289.3  33.6 2.94E-05 003.9 302.0  38.1 0.174747 0.097742 0.034541 hargrave 2020-11-19 11:32:42 
TT 677 288.8  32.4 288.8  32.4 2.50E-05 004.5 301.7  36.9 0.175312 0.090675 0.019261 hargrave 2020-11-19 17:45:24 
TT 678 282.7  35.1 282.7  35.1 2.54E-05 001.6 294.9  38.8 0.062897 0.049530 0.022158 hargrave 2020-11-19 23:46:25 
TT 679 274.1  28.5 274.1  28.5 2.08E-05 002.3 287.3  31.2 0.074687 0.032837 0.036071 hargrave 2020-11-22 10:40:31 
TT 680 271.3  33.9 271.3  33.9 1.95E-05 003.7 283.4  36.1 0.120117 0.028553 0.032713 hargrave 2020-11-22 16:39:10 
TT 681 285.0  37.8 285.0  37.8 2.14E-05 001.8 296.7  41.8 0.062298 0.030699 0.023346 hargrave 2020-11-24 21:59:06 
