CF- 25a sun compass orientation
     15   4.0   5.0   0.0   0.0   1.0
NRM    243.2  51.0 243.2  51.0 1.01E-03 006.6 325.7  55.2 6.640340 9.564013 0.343200 hargrave 2020-08-30 20:13:20 
TT 100 240.3  49.2 240.3  49.2 9.65E-04 003.4 322.7  53.3 4.560914 2.989531 1.527375 hargrave 2020-09-01 17:08:22 
TT 200 228.7  37.8 228.7  37.8 6.50E-04 001.3 311.7  41.3 0.790306 0.509588 1.085482 hargrave 2020-09-05 16:48:43 
TT 300 221.1  35.2 221.1  35.2 5.02E-04 001.0 304.1  38.1 0.466964 0.579242 0.402870 hargrave 2020-09-06 19:25:23 
TT 400 222.4  31.1 222.4  31.1 3.52E-04 001.5 305.9  34.1 0.744697 0.308688 0.408948 hargrave 2020-09-15 16:24:20 
TT 450 222.8  29.7 222.8  29.7 2.97E-04 001.7 306.4  32.8 0.360420 0.663561 0.483030 hargrave 2020-09-17 23:15:14 
TT 500 221.0  28.3 221.0  28.3 2.70E-04 001.4 304.7  31.2 0.263327 0.462446 0.396430 hargrave 2020-09-19 15:38:32 
TT 525 222.7  28.6 222.7  28.6 2.43E-04 002.0 306.4  31.6 0.452056 0.595443 0.410203 hargrave 2020-09-19 20:38:32 
TT 550 221.9  29.1 221.9  29.1 2.10E-04 001.7 305.6  32.1 0.291742 0.458935 0.297942 hargrave 2020-09-22 16:12:47 
TT 560 218.4  28.2 218.4  28.2 1.95E-04 001.1 302.0  31.0 0.261196 0.108246 0.272875 hargrave 2020-09-24 20:38:57 
TT 570 217.5  28.5 217.5  28.5 1.75E-04 002.5 301.1  31.2 0.692692 0.205175 0.269225 hargrave 2020-09-26 15:17:06 
TT 580 222.9  27.2 222.9  27.2 1.56E-04 003.7 306.7  30.3 0.696633 0.705852 0.242148 hargrave 2020-09-27 14:22:55 
TT 590 226.1  24.8 226.1  24.8 1.60E-04 002.7 310.3  28.1 0.491058 0.549483 0.172944 hargrave 2020-10-03 14:19:29 
TT 600 208.3  18.3 208.3  18.3 1.13E-04 001.5 292.7  20.3 0.246197 0.132555 0.113500 hargrave 2020-10-07 22:04:36 
TT 610 231.9  25.4 231.9  25.4 1.41E-04 009.5 316.2  29.1 1.694305 1.659109 0.147789 hargrave 2020-10-08 21:32:46 
TT 610 220.0  26.0 220.0  26.0 1.44E-04 002.6 303.8  28.9 0.612131 0.259320 0.093408 hargrave 2020-10-09 08:53:32 
TT 620 219.0  24.6 219.0  24.6 8.60E-05 000.8 303.0  27.4 0.125306 0.065780 0.059777 hargrave 2020-10-10 09:58:00 
TT 630 225.2  19.9 225.2  19.9 7.39E-05 001.3 309.7  23.2 0.138247 0.088785 0.053210 hargrave 2020-10-10 21:50:13 
TT 640 214.8  18.6 214.8  18.6 6.87E-05 003.6 299.2  21.1 0.397872 0.176395 0.050440 hargrave 2020-10-13 14:17:34 
TT 650 218.7  18.5 218.7  18.5 5.17E-05 001.1 303.2  21.3 0.078658 0.055838 0.043219 hargrave 2020-10-14 09:35:56 
TT 660 224.7  13.7 224.7  13.7 4.49E-05 001.1 309.7  16.9 0.050580 0.057761 0.068159 hargrave 2020-10-16 17:34:33 
TT 664 222.6  08.9 222.6  08.9 4.23E-05 005.2 307.9  12.0 0.308075 0.232252 0.055833 hargrave 2020-10-30 12:29:51 
TT 668 213.4  10.2 213.4  10.2 3.74E-05 001.3 298.5  12.6 0.061954 0.045911 0.041097 hargrave 2020-10-30 19:12:58 
TT 672 209.5  08.8 209.5  08.8 2.28E-05 001.8 294.7  11.0 0.066638 0.031010 0.028374 hargrave 2020-11-09 00:55:01 
TT 674 210.9  07.0 210.9  07.0 1.78E-05 005.3 296.3  09.3 0.155482 0.062366 0.014322 hargrave 2020-11-15 18:27:09 
TT 675 211.4  00.4 211.4  00.4 1.61E-05 003.9 297.3  02.7 0.105465 0.040623 0.011418 hargrave 2020-11-16 01:33:41 
TT 676 214.8 -00.7 214.8 -00.7 1.58E-05 003.1 300.8  01.8 0.082097 0.037573 0.023793 hargrave 2020-11-19 11:37:17 
TT 677 211.2 -06.0 211.2 -06.0 1.11E-05 004.6 297.6 -03.7 0.083752 0.026301 0.031598 hargrave 2020-11-19 17:50:00 
TT 678 223.1 -09.1 223.1 -09.1 1.00E-05 004.0 309.6 -06.0 0.064278 0.034714 0.010833 hargrave 2020-11-19 23:54:11 
TT 679 201.9 -09.0 201.9 -09.0 7.71E-06 002.3 288.6 -07.4 0.025491 0.014624 0.018191 hargrave 2020-11-22 10:48:15 
TT 680 216.0 -10.6 216.0 -10.6 6.68E-06 004.3 302.7 -07.9 0.048332 0.020546 0.004652 hargrave 2020-11-22 16:46:55 
