CF- 20a mag compass orientation (IGRF corrected)
   11.1  57.5   9.0   0.0   0.0   1.0
NRM    334.1  54.1 334.1  54.1 1.83E-03 001.5 008.5  63.0 3.527797 2.903441 1.652594 hargrave 2020-08-30 19:13:21 
TT 100 331.7  53.9 331.7  53.9 1.74E-03 003.1 005.4  62.9 6.433264 6.195768 3.074088 hargrave 2020-09-01 16:57:06 
TT 200 313.2  46.9 313.2  46.9 1.22E-03 002.1 342.6  55.5 3.295962 1.941365 2.485273 hargrave 2020-09-05 16:40:04 
TT 300 316.5  42.6 316.5  42.6 9.04E-04 002.1 347.0  51.4 2.573270 1.346788 1.746746 hargrave 2020-09-06 19:15:36 
TT 400 312.0  39.2 312.0  39.2 5.85E-04 001.8 342.0  47.9 1.356851 0.197280 1.206651 hargrave 2020-09-15 16:15:21 
TT 450 310.3  38.3 310.3  38.3 4.95E-04 003.1 340.2  46.8 0.547192 2.353555 1.171739 hargrave 2020-09-17 23:04:43 
TT 500 312.3  37.6 312.3  37.6 4.30E-04 004.4 342.5  46.2 1.876207 2.528196 0.919807 hargrave 2020-09-19 15:28:48 
TT 525 308.5  36.3 308.5  36.3 4.06E-04 001.9 338.3  44.8 0.990207 0.255465 0.917953 hargrave 2020-09-19 20:28:01 
TT 550 307.6  37.1 307.6  37.1 3.51E-04 003.1 337.2  45.5 1.408175 0.918361 0.839084 hargrave 2020-09-22 16:02:18 
TT 560 309.6  36.3 309.6  36.3 3.34E-04 002.1 339.5  44.8 0.748739 0.558752 0.784010 hargrave 2020-09-24 20:29:15 
TT 570 306.9  35.2 306.9  35.2 3.13E-04 003.0 336.7  43.5 1.201405 0.927485 0.679177 hargrave 2020-09-26 15:06:31 
TT 580 306.3  33.6 306.3  33.6 2.84E-04 001.9 336.2  41.9 0.712778 0.172686 0.587147 hargrave 2020-09-27 14:13:12 
TT 590 306.8  33.0 306.8  33.0 2.60E-04 001.0 336.7  41.3 0.348896 0.148050 0.297039 hargrave 2020-10-03 14:09:02 
TT 600 307.5  32.9 307.5  32.9 2.44E-04 003.4 337.5  41.3 0.767916 1.231743 0.198039 hargrave 2020-10-07 21:53:58 
TT 610 309.7  33.8 309.7  33.8 1.91E-04 002.6 339.9  42.3 0.433579 0.751743 0.144733 hargrave 2020-10-08 21:23:08 
TT 620 305.0  31.8 305.0  31.8 1.70E-04 001.1 334.8  40.0 0.068569 0.282922 0.135372 hargrave 2020-10-10 09:49:56 
TT 630 305.0  29.6 305.0  29.6 1.32E-04 000.8 335.1  37.9 0.128908 0.096526 0.109167 hargrave 2020-10-10 21:40:36 
TT 640 300.4  27.9 300.4  27.9 1.24E-04 001.2 330.2  35.9 0.160950 0.178661 0.099707 hargrave 2020-10-13 14:09:24 
TT 650 301.3  28.0 301.3  28.0 9.61E-05 002.5 331.2  36.0 0.131379 0.387217 0.075073 hargrave 2020-10-14 09:26:02 
TT 660 304.5  27.1 304.5  27.1 8.24E-05 001.8 334.8  35.3 0.160627 0.086943 0.188331 hargrave 2020-10-16 17:24:02 
TT 664 311.2  23.6 311.2  23.6 7.46E-05 002.4 342.3  32.2 0.181028 0.196201 0.162097 hargrave 2020-10-30 12:20:09 
TT 668 302.2  25.6 302.2  25.6 6.09E-05 001.8 332.4  33.7 0.107821 0.064069 0.144691 hargrave 2020-10-30 19:03:15 
TT 672 318.3  28.0 318.3  28.0 5.03E-05 002.9 349.8  36.8 0.127124 0.204587 0.097764 hargrave 2020-11-09 00:46:19 
TT 674 303.9  28.0 303.9  28.0 4.70E-05 003.3 334.1  36.2 0.064053 0.255443 0.075432 hargrave 2020-11-15 18:16:33 
TT 675 299.7  29.5 299.7  29.5 3.94E-05 001.9 329.3  37.4 0.096288 0.079473 0.055091 hargrave 2020-11-16 01:23:06 
TT 676 303.0  24.1 303.0  24.1 3.54E-05 001.1 333.4  32.2 0.054735 0.050039 0.030104 hargrave 2020-11-19 11:27:34 
TT 677 297.0  29.3 297.0  29.3 3.58E-05 001.4 326.3  37.0 0.056270 0.071640 0.023073 hargrave 2020-11-19 17:38:28 
TT 678 297.1  30.1 297.1  30.1 3.13E-05 003.0 326.4  37.7 0.109734 0.121707 0.027857 hargrave 2020-11-19 23:41:52 
TT 679 310.9  27.3 310.9  27.3 3.19E-05 002.7 341.8  35.8 0.039907 0.143116 0.034041 hargrave 2020-11-22 10:37:30 
TT 680 306.8  23.1 306.8  23.1 2.98E-05 002.7 337.6  31.5 0.079453 0.107644 0.050539 hargrave 2020-11-22 16:36:03 
TT 681 305.1  23.5 305.1  23.5 2.90E-05 001.4 335.8  31.7 0.038177 0.059380 0.025516 hargrave 2020-11-24 21:55:47 
