CF- 28a sun compass orientation
   16.4 316.1  55.0   0.0   0.0   1.0
NRM    297.0  40.8 297.0  40.8 5.97E-04 003.4 118.7  35.3 2.843258 2.026774 0.742321 hargrave 2020-08-30 20:17:42 
TT 100 297.7  43.0 297.7  43.0 5.79E-04 005.5 121.5  35.5 5.057331 2.152974 1.063082 hargrave 2020-09-01 17:12:52 
TT 200 292.7  34.8 292.7  34.8 4.80E-04 005.2 110.5  36.5 4.218577 0.880653 0.804745 hargrave 2020-09-05 16:52:27 
TT 300 292.4  31.3 292.4  31.3 3.71E-04 001.8 106.3  35.4 1.072925 0.226588 0.435426 hargrave 2020-09-06 19:30:09 
TT 400 289.4  20.5 289.4  20.5 2.59E-04 001.9 093.1  33.0 0.801362 0.241544 0.259107 hargrave 2020-09-15 16:29:05 
TT 450 291.0  25.7 291.0  25.7 2.27E-04 001.0 099.4  34.1 0.226089 0.164667 0.282165 hargrave 2020-09-17 23:19:59 
TT 500 293.5  24.3 293.5  24.3 1.88E-04 000.8 099.2  31.5 0.195314 0.099941 0.174315 hargrave 2020-09-19 15:44:05 
TT 525 294.3  24.2 294.3  24.2 1.68E-04 001.1 099.4  30.8 0.118807 0.165629 0.262740 hargrave 2020-09-19 21:35:49 
TT 550 293.3  21.4 293.3  21.4 1.48E-04 004.2 096.2  30.3 1.068374 0.060002 0.197134 hargrave 2020-09-22 16:17:29 
TT 560 290.0  22.4 290.0  22.4 1.41E-04 002.8 095.4  33.5 0.658788 0.067336 0.174078 hargrave 2020-09-24 20:43:40 
TT 570 289.1  23.5 289.1  23.5 1.24E-04 003.1 096.2  34.8 0.644394 0.056934 0.163503 hargrave 2020-09-26 15:21:51 
TT 580 291.6  17.3 291.6  17.3 1.08E-04 000.7 091.1  29.7 0.097654 0.047684 0.108403 hargrave 2020-09-27 14:28:25 
TT 590 296.5  14.6 296.5  14.6 8.89E-05 004.9 091.3  24.2 0.749631 0.066305 0.126744 hargrave 2020-10-03 14:24:11 
TT 600 281.9  22.7 281.9  22.7 9.94E-05 003.0 091.4  40.3 0.508485 0.090689 0.116649 hargrave 2020-10-07 22:09:25 
TT 610 303.0  22.0 303.0  22.0 6.90E-05 004.1 101.7  22.8 0.474708 0.125377 0.110173 hargrave 2020-10-08 21:37:27 
TT 620 284.4  16.6 284.4  16.6 6.02E-05 002.7 086.1  35.2 0.270394 0.104781 0.071481 hargrave 2020-10-10 10:01:54 
TT 630 286.5  25.5 286.5  25.5 5.08E-05 001.2 097.0  37.8 0.097513 0.064351 0.056120 hargrave 2020-10-10 21:54:54 
TT 640 280.2  24.4 280.2  24.4 4.52E-05 001.4 092.5  42.4 0.100504 0.063113 0.053355 hargrave 2020-10-13 14:21:30 
TT 650 282.1  24.3 282.1  24.3 3.94E-05 001.6 093.4  40.8 0.104953 0.048827 0.062492 hargrave 2020-10-14 09:40:43 
TT 660 276.6  23.7 276.6  23.7 2.83E-05 006.1 089.6  45.0 0.299326 0.040866 0.024568 hargrave 2020-10-16 17:40:05 
TT 664 294.2  16.4 294.2  16.4 3.31E-05 002.8 091.7  27.1 0.159762 0.049182 0.032112 hargrave 2020-10-30 12:34:34 
TT 668 292.6  16.7 292.6  16.7 2.99E-05 001.7 091.0  28.6 0.083944 0.066073 0.033957 hargrave 2020-10-30 19:17:41 
TT 672 296.8  33.0 296.8  33.0 2.14E-05 004.1 110.0  32.7 0.147905 0.058376 0.038591 hargrave 2020-11-09 00:58:53 
TT 674 292.8  32.4 292.8  32.4 1.14E-05 001.3 107.7  35.5 0.017198 0.012802 0.022519 hargrave 2020-11-15 18:32:37 
TT 675 277.3  47.9 277.3  47.9 1.00E-05 001.5 125.1  50.3 0.020059 0.008688 0.019102 hargrave 2020-11-16 01:38:27 
TT 676 302.8  37.5 302.8  37.5 1.23E-05 001.2 117.0  29.9 0.020780 0.015906 0.013673 hargrave 2020-11-19 11:42:05 
TT 677 312.5  81.3 312.5  81.3 7.69E-06 004.2 169.3  35.1 0.014273 0.055093 0.008763 hargrave 2020-11-19 17:53:14 
TT 678 330.5  39.5 330.5  39.5 8.38E-06 003.5 130.1  12.0 0.035354 0.039933 0.009561 hargrave 2020-11-19 23:57:14 
TT 679 098.8  37.7 098.8  37.7 6.42E-06 001.4 219.1 -02.4 0.013639 0.014736 0.007235 hargrave 2020-11-22 10:51:19 
TT 680 289.3 -32.6 289.3 -32.6 8.22E-06 003.2 048.8  00.1 0.039863 0.027076 0.009741 hargrave 2020-11-22 16:49:55 
