CF- 35a mag compass orientation (IGRF corrected)
   19.2 275.5  47.0   0.0   0.0   1.0
NRM    322.7  45.7 322.7  45.7 9.19E-04 004.1 151.5  06.5 3.136672 5.488266 1.850997 hargrave 2020-08-30 20:28:27 
TT 100 319.4  45.3 319.4  45.3 8.77E-04 002.6 149.3  07.4 1.254307 1.085341 3.663442 hargrave 2020-09-01 17:23:34 
TT 200 295.4  27.6 295.4  27.6 6.08E-04 012.2 123.2  05.5 10.70549 7.303189 1.879521 hargrave 2020-09-05 17:01:16 
TT 200 310.6  37.7 310.6  37.7 6.20E-04 003.1 139.5  04.9 1.967693 2.039001 1.861864 hargrave 2020-09-05 17:57:07 
TT 300 302.6  30.6 302.6  30.6 4.79E-04 004.2 129.8  03.5 2.445345 2.028810 1.482340 hargrave 2020-09-06 19:40:01 
TT 400 304.8  29.3 304.8  29.3 3.47E-04 001.7 130.5  01.3 0.238201 0.257619 0.974830 hargrave 2020-09-15 16:38:54 
TT 450 300.9  26.7 300.9  26.7 3.07E-04 002.1 126.1  01.5 0.385711 0.280899 1.043639 hargrave 2020-09-17 23:31:24 
TT 500 305.6  25.5 305.6  25.5 2.70E-04 005.0 128.6 -02.2 1.686718 1.343355 0.954472 hargrave 2020-09-19 16:13:14 
TT 525 306.2  28.1 306.2  28.1 2.39E-04 011.7 130.6 -00.5 3.710466 3.175553 0.762243 hargrave 2020-09-20 12:00:08 
TT 525 003.5  47.7 003.5  47.7 1.25E-04 060.2 178.6  00.7 0.486434 22.24462 0.407793 hargrave 2020-09-21 09:13:09 
TT 525 300.9  24.1 300.9  24.1 2.42E-04 005.3 124.5 -00.4 1.712618 1.255324 0.747950 hargrave 2020-09-21 09:20:52 
TT 550 302.7  22.7 302.7  22.7 2.19E-04 004.0 124.8 -02.6 1.092977 0.846236 0.704695 hargrave 2020-09-22 16:28:05 
TT 560 301.2  22.6 301.2  22.6 1.99E-04 001.8 123.6 -01.7 0.127049 0.062244 0.598404 hargrave 2020-09-24 20:53:27 
TT 570 299.6  22.2 299.6  22.2 1.82E-04 003.2 122.3 -01.0 0.766687 0.432447 0.499845 hargrave 2020-09-26 15:32:31 
TT 580 299.8  19.4 299.8  19.4 1.78E-04 005.6 120.6 -03.3 1.398773 0.906726 0.468620 hargrave 2020-09-27 14:38:59 
TT 590 299.6  18.7 299.6  18.7 1.59E-04 002.4 119.9 -03.6 0.448175 0.337983 0.380580 hargrave 2020-10-03 14:34:45 
TT 600 301.2  21.8 301.2  21.8 1.44E-04 001.4 123.1 -02.4 0.162002 0.166729 0.264389 hargrave 2020-10-07 22:19:27 
TT 610 307.3  21.8 307.3  21.8 1.30E-04 001.1 127.5 -06.0 0.199732 0.161785 0.129089 hargrave 2020-10-08 22:00:47 
TT 620 304.0  23.1 304.0  23.1 1.02E-04 002.4 125.9 -03.0 0.361017 0.235716 0.126162 hargrave 2020-10-10 10:09:57 
TT 630 307.1  16.2 307.1  16.2 9.91E-05 005.0 123.8 -10.3 0.682236 0.526349 0.126823 hargrave 2020-10-10 22:04:37 
TT 640 300.9  15.8 300.9  15.8 8.43E-05 004.5 119.0 -06.7 0.559503 0.364281 0.078642 hargrave 2020-10-13 14:29:37 
TT 650 301.3  13.8 301.3  13.8 7.39E-05 001.1 117.9 -08.4 0.070384 0.078852 0.124686 hargrave 2020-10-14 09:51:28 
TT 660 301.4  15.5 301.4  15.5 7.11E-05 002.3 119.1 -07.1 0.177746 0.154930 0.176678 hargrave 2020-10-16 17:50:38 
TT 664 307.0  15.3 307.0  15.3 6.35E-05 001.3 123.1 -10.9 0.094534 0.103381 0.073540 hargrave 2020-10-30 12:44:17 
TT 668 305.0  11.6 305.0  11.6 4.95E-05 001.7 119.2 -12.4 0.083107 0.104581 0.087451 hargrave 2020-10-30 19:28:18 
TT 672 303.0  12.2 303.0  12.2 4.77E-05 001.3 118.1 -10.7 0.071167 0.057138 0.073580 hargrave 2020-11-09 09:28:13 
TT 674 303.7  09.5 303.7  09.5 4.84E-05 001.2 116.7 -13.2 0.040654 0.060310 0.086899 hargrave 2020-11-15 18:42:18 
TT 675 306.1  13.4 306.1  13.4 3.02E-05 004.0 121.2 -11.8 0.149395 0.157140 0.062803 hargrave 2020-11-16 01:47:33 
TT 676 295.9  03.8 295.9  03.8 3.76E-05 009.2 107.0 -12.0 0.587775 0.159595 0.032259 hargrave 2020-11-19 11:51:02 
TT 676 302.5  10.5 302.5  10.5 3.80E-05 001.3 116.5 -11.6 0.065850 0.091012 0.024359 hargrave 2020-11-19 12:30:14 
TT 677 304.2  12.9 304.2  12.9 2.65E-05 006.9 119.4 -10.9 0.269117 0.178786 0.036528 hargrave 2020-11-19 18:04:02 
TT 678 298.2  01.6 298.2  01.6 3.44E-05 003.9 107.0 -15.3 0.215080 0.110702 0.032397 hargrave 2020-11-20 00:05:16 
TT 679 306.7  15.9 306.7  15.9 3.25E-05 001.7 123.3 -10.3 0.066200 0.098653 0.031173 hargrave 2020-11-22 10:59:24 
TT 680 312.9  10.0 312.9  10.0 2.73E-05 001.8 124.4 -18.6 0.082278 0.044083 0.043727 hargrave 2020-11-22 16:58:10 
TT 681 301.6 -04.5 301.6 -04.5 1.56E-05 004.7 105.1 -22.0 0.092786 0.054708 0.069922 hargrave 2020-11-24 22:05:41 
