CF- 36a mag compass orientation (IGRF corrected)
   19.6 275.5  75.0   0.0   0.0   1.0
NRM    311.2  50.8 311.2  50.8 3.59E-04 002.0 148.7 -08.9 0.543685 1.011838 0.502128 hargrave 2020-08-30 20:29:54 
TT 100 311.7  52.1 311.7  52.1 3.44E-04 003.8 149.9 -08.4 1.176583 1.946942 0.196868 hargrave 2020-09-01 17:25:10 
TT 200 298.8  38.7 298.8  38.7 2.71E-04 001.1 133.7 -07.8 0.263623 0.314945 0.347412 hargrave 2020-09-05 17:02:34 
TT 300 300.2  37.1 300.2  37.1 2.22E-04 002.2 132.7 -09.5 0.590203 0.569171 0.216590 hargrave 2020-09-06 19:41:39 
TT 400 298.6  28.6 298.6  28.6 1.69E-04 006.4 124.3 -12.1 1.569123 1.037948 0.314527 hargrave 2020-09-15 16:40:32 
TT 450 300.9  33.3 300.9  33.3 1.50E-04 003.8 129.5 -11.8 0.759699 0.640453 0.164806 hargrave 2020-09-17 23:33:01 
TT 500 300.7  32.7 300.7  32.7 1.30E-04 001.2 129.0 -11.9 0.226467 0.132956 0.100036 hargrave 2020-09-19 16:14:33 
TT 525 297.3  25.5 297.3  25.5 1.19E-04 007.0 120.9 -12.2 1.292333 0.675949 0.208509 hargrave 2020-09-20 12:01:26 
TT 550 301.4  30.4 301.4  30.4 1.06E-04 001.0 127.0 -13.5 0.109332 0.106860 0.107916 hargrave 2020-09-22 16:29:43 
TT 560 299.8  30.9 299.8  30.9 9.96E-05 001.1 126.9 -12.1 0.095872 0.092812 0.139910 hargrave 2020-09-24 20:55:04 
TT 570 296.0  26.8 296.0  26.8 9.10E-05 001.8 121.7 -10.6 0.240821 0.129875 0.091533 hargrave 2020-09-26 15:34:09 
TT 580 296.7  28.0 296.7  28.0 8.43E-05 001.3 123.1 -10.7 0.127591 0.097362 0.118046 hargrave 2020-09-27 14:40:35 
TT 590 297.7  28.6 297.7  28.6 7.89E-05 001.4 124.0 -11.4 0.045070 0.041732 0.185617 hargrave 2020-10-03 14:36:21 
TT 600 296.5  24.2 296.5  24.2 7.48E-05 003.8 119.4 -12.1 0.408511 0.214883 0.205996 hargrave 2020-10-07 22:21:06 
TT 610 296.4  23.8 296.4  23.8 6.96E-05 001.9 119.1 -12.2 0.088373 0.130419 0.194561 hargrave 2020-10-08 22:02:06 
TT 620 298.9  24.0 298.9  24.0 6.14E-05 002.2 120.2 -14.2 0.118560 0.135097 0.190990 hargrave 2020-10-10 10:11:16 
TT 630 300.4  22.7 300.4  22.7 5.83E-05 002.1 119.5 -16.0 0.157441 0.127430 0.114383 hargrave 2020-10-10 22:06:13 
TT 640 297.9  23.0 297.9  23.0 4.80E-05 003.0 118.8 -13.7 0.230893 0.098826 0.085682 hargrave 2020-10-13 14:30:57 
TT 650 297.7  21.5 297.7  21.5 4.63E-05 003.0 117.3 -14.1 0.207716 0.118057 0.072148 hargrave 2020-10-14 09:53:07 
TT 660 294.9  20.1 294.9  20.1 4.12E-05 001.9 115.0 -12.3 0.069092 0.075440 0.117542 hargrave 2020-10-16 17:52:15 
TT 664 296.5  21.7 296.5  21.7 3.49E-05 002.4 117.0 -13.1 0.126416 0.088929 0.044933 hargrave 2020-10-30 12:45:54 
TT 668 298.3  24.3 298.3  24.3 3.05E-05 001.3 120.2 -13.6 0.041100 0.068507 0.038073 hargrave 2020-10-30 19:29:56 
TT 672 292.6  21.2 292.6  21.2 2.56E-05 003.3 115.2 -09.9 0.146647 0.065991 0.038622 hargrave 2020-11-09 09:29:33 
TT 674 294.0  19.3 294.0  19.3 2.63E-05 002.1 113.9 -11.7 0.083190 0.070058 0.042349 hargrave 2020-11-15 18:43:55 
TT 675 293.1  20.3 293.1  20.3 1.94E-05 002.0 114.5 -10.6 0.063124 0.022682 0.031567 hargrave 2020-11-16 01:49:10 
TT 676 292.9  16.2 292.9  16.2 2.17E-05 001.7 110.6 -11.8 0.041717 0.054571 0.051985 hargrave 2020-11-19 11:52:39 
TT 677 291.9  19.6 291.9  19.6 1.96E-05 002.6 113.5 -09.8 0.079978 0.036722 0.039358 hargrave 2020-11-19 18:05:36 
TT 678 296.7  25.3 296.7  25.3 1.66E-05 002.0 120.6 -11.8 0.041021 0.028240 0.041716 hargrave 2020-11-20 00:08:19 
TT 679 005.2  75.3 005.2  75.3 6.34E-06 064.6 179.9  00.3 0.014958 1.315072 0.390949 hargrave 2020-11-22 11:04:08 
TT 679 296.8  20.4 296.8  20.4 1.41E-05 002.1 115.9 -13.8 0.049221 0.023670 0.028145 hargrave 2020-11-22 12:11:29 
TT 680 299.3  22.7 299.3  22.7 1.33E-05 004.0 119.0 -15.1 0.076312 0.048357 0.024589 hargrave 2020-11-22 17:02:54 
TT 681 295.5  26.4 295.5  26.4 1.22E-05 001.7 121.1 -10.4 0.024781 0.018652 0.028328 hargrave 2020-11-24 22:07:23 
