CF- 39a mag compass orientation (IGRF corrected)
   20.3 272.5  72.0   0.0   0.0   1.0
NRM    299.1  31.6 299.1  31.6 8.40E-04 001.7 129.0 -11.6 1.657006 1.016131 1.530264 hargrave 2020-08-30 20:34:25 
TT 100 300.3  31.9 300.3  31.9 8.18E-04 003.4 129.8 -12.3 3.351373 3.125899 1.526254 hargrave 2020-09-01 17:30:47 
TT 200 291.8  23.3 291.8  23.3 7.13E-04 002.2 118.5 -09.6 2.055919 1.378679 1.127883 hargrave 2020-09-05 17:24:27 
TT 300 288.8  18.0 288.8  18.0 6.20E-04 002.9 112.4 -09.1 2.802672 1.240848 0.489962 hargrave 2020-09-06 19:46:50 
TT 400 290.7  21.0 290.7  21.0 5.06E-04 001.0 115.9 -09.6 0.393028 0.188985 0.758803 hargrave 2020-09-15 16:45:40 
TT 450 288.2  15.8 288.2  15.8 4.56E-04 002.6 110.1 -09.4 1.886435 0.774504 0.572418 hargrave 2020-09-17 23:38:08 
TT 500 289.4  17.0 289.4  17.0 4.14E-04 001.7 111.7 -10.0 0.953834 0.469902 0.580516 hargrave 2020-09-19 16:18:45 
TT 525 285.6  12.0 285.6  12.0 3.69E-04 005.1 105.6 -08.4 3.038934 0.765893 0.956372 hargrave 2020-09-20 12:06:21 
TT 550 289.0  15.7 289.0  15.7 3.43E-04 001.9 110.3 -10.2 0.994990 0.465388 0.276830 hargrave 2020-09-22 16:34:50 
TT 560 290.2  18.8 290.2  18.8 3.33E-04 000.8 113.7 -10.1 0.359770 0.102704 0.335356 hargrave 2020-09-24 21:00:10 
TT 570 289.1  14.3 289.1  14.3 3.11E-04 001.4 109.0 -10.8 0.398851 0.378391 0.547561 hargrave 2020-09-26 15:39:16 
TT 580 293.0  20.7 293.0  20.7 2.96E-04 001.6 116.5 -11.7 0.407358 0.476883 0.584298 hargrave 2020-09-27 14:47:20 
TT 590 290.2  16.6 290.2  16.6 2.83E-04 001.9 111.6 -10.8 0.786994 0.369851 0.413474 hargrave 2020-10-03 14:41:27 
TT 600 289.4  15.2 289.4  15.2 2.69E-04 004.5 110.0 -10.6 1.913580 0.860493 0.206848 hargrave 2020-10-07 22:26:20 
TT 610 289.7  18.0 289.7  18.0 2.56E-04 003.8 112.8 -09.9 1.488963 0.494922 0.721379 hargrave 2020-10-08 22:06:19 
TT 620 289.2  17.7 289.2  17.7 2.48E-04 003.5 112.3 -09.6 1.284261 0.405388 0.681116 hargrave 2020-10-10 10:15:28 
TT 630 289.8  11.6 289.8  11.6 2.24E-04 001.6 106.7 -12.4 0.597144 0.069616 0.177942 hargrave 2020-10-10 22:11:17 
TT 640 289.1  14.3 289.1  14.3 2.18E-04 001.9 109.0 -10.8 0.353907 0.274571 0.583308 hargrave 2020-10-13 14:35:11 
TT 650 290.2  12.2 290.2  12.2 1.94E-04 000.7 107.4 -12.6 0.115395 0.152709 0.190372 hargrave 2020-10-14 09:58:19 
TT 660 288.4  10.4 288.4  10.4 1.76E-04 001.6 105.1 -11.6 0.436842 0.186699 0.177837 hargrave 2020-10-16 17:57:20 
TT 664 289.2  13.7 289.2  13.7 1.50E-04 001.2 108.5 -11.1 0.263024 0.135928 0.104046 hargrave 2020-10-30 12:51:00 
TT 668 290.0  14.7 290.0  14.7 1.36E-04 001.6 109.7 -11.4 0.281946 0.092906 0.236232 hargrave 2020-10-30 19:35:03 
TT 672 286.4  09.6 286.4  09.6 1.09E-04 001.6 103.6 -10.0 0.090534 0.047308 0.289258 hargrave 2020-11-09 09:33:49 
TT 674 288.7  15.8 288.7  15.8 1.09E-04 003.4 110.3 -09.9 0.580595 0.246764 0.177775 hargrave 2020-11-15 18:49:02 
TT 675 290.2  18.3 290.2  18.3 9.46E-05 001.3 113.2 -10.2 0.070883 0.070681 0.200464 hargrave 2020-11-16 01:54:18 
TT 676 287.6  11.8 287.6  11.8 8.90E-05 002.9 106.1 -10.3 0.375787 0.123448 0.233116 hargrave 2020-11-19 11:57:47 
TT 677 287.8  11.7 287.8  11.7 7.93E-05 001.4 106.1 -10.6 0.087938 0.044263 0.176773 hargrave 2020-11-19 18:10:40 
TT 678 291.7  15.6 291.7  15.6 7.18E-05 004.5 111.2 -12.6 0.502314 0.215490 0.139783 hargrave 2020-11-20 00:13:26 
TT 679 288.4  12.4 288.4  12.4 5.71E-05 001.3 107.0 -10.9 0.057265 0.072831 0.122303 hargrave 2020-11-22 11:09:16 
TT 680 289.3  14.6 289.3  14.6 5.78E-05 004.3 109.4 -10.8 0.400052 0.141575 0.108336 hargrave 2020-11-22 17:07:56 
TT 681 288.3  13.1 288.3  13.1 4.75E-05 001.5 107.6 -10.5 0.063084 0.067461 0.095482 hargrave 2020-11-24 22:14:16 
