CF- 38a mag compass orientation (IGRF corrected)
   20.2 266.5  60.0   0.0   0.0   1.0
NRM    304.0  42.2 304.0  42.2 8.36E-04 002.3 143.9 -03.2 1.842235 2.443007 1.230484 hargrave 2020-08-30 20:32:58 
TT 100 305.7  44.3 305.7  44.3 8.09E-04 002.9 146.3 -02.4 1.357564 2.187940 3.104458 hargrave 2020-09-01 17:28:27 
TT 200 291.9  30.8 291.9  30.8 6.71E-04 004.6 128.9 -03.6 3.724590 3.094510 2.332508 hargrave 2020-09-05 17:23:12 
TT 300 290.0  27.6 290.0  27.6 5.68E-04 001.5 125.4 -04.2 0.263170 0.399187 1.455273 hargrave 2020-09-06 19:45:06 
TT 400 292.4  29.2 292.4  29.2 4.50E-04 002.3 128.0 -04.9 1.124037 0.707244 1.174365 hargrave 2020-09-15 16:43:57 
TT 450 292.2  27.3 292.2  27.3 4.18E-04 003.7 126.4 -06.0 1.760118 1.573485 1.313348 hargrave 2020-09-17 23:36:24 
TT 500 293.1  27.7 293.1  27.7 3.67E-04 002.6 127.2 -06.3 0.860777 0.760027 1.225887 hargrave 2020-09-19 16:17:20 
TT 525 293.0  25.8 293.0  25.8 3.42E-04 002.8 125.6 -07.5 1.127468 0.861756 0.888857 hargrave 2020-09-20 12:04:57 
TT 550 288.4  25.0 288.4  25.0 3.00E-04 002.1 122.4 -04.7 0.355666 0.383118 0.941964 hargrave 2020-09-22 16:33:07 
TT 560 288.0  23.3 288.0  23.3 2.92E-04 001.8 120.8 -05.4 0.081696 0.207237 0.880397 hargrave 2020-09-24 20:58:27 
TT 570 287.8  22.0 287.8  22.0 2.72E-04 001.7 119.7 -06.0 0.140133 0.120509 0.782318 hargrave 2020-09-26 15:37:33 
TT 580 292.9  27.8 292.9  27.8 2.41E-04 004.6 127.2 -06.1 1.392989 1.215702 0.632684 hargrave 2020-09-27 14:44:48 
TT 590 289.7  24.2 289.7  24.2 2.46E-04 001.9 122.5 -06.1 0.293121 0.358635 0.656071 hargrave 2020-10-03 14:39:44 
TT 600 288.5  25.6 288.5  25.6 2.24E-04 002.0 123.0 -04.4 0.571260 0.462480 0.324410 hargrave 2020-10-07 22:24:34 
TT 610 288.6  21.9 288.6  21.9 2.07E-04 002.8 120.0 -06.6 0.856244 0.468596 0.313851 hargrave 2020-10-08 22:04:53 
TT 620 289.5  23.1 289.5  23.1 1.83E-04 001.1 121.6 -06.6 0.126196 0.117194 0.336241 hargrave 2020-10-10 10:14:03 
TT 630 288.4  23.4 288.4  23.4 1.76E-04 002.6 121.2 -05.6 0.573599 0.422368 0.351516 hargrave 2020-10-10 22:09:35 
TT 640 287.6  18.4 287.6  18.4 1.60E-04 002.6 116.6 -07.9 0.583151 0.344862 0.293546 hargrave 2020-10-13 14:33:45 
TT 650 290.2  21.5 290.2  21.5 1.44E-04 002.7 120.6 -08.0 0.558586 0.261454 0.316494 hargrave 2020-10-14 09:56:34 
TT 660 310.3  39.9 310.3  39.9 1.15E-04 026.8 146.0 -08.0 3.163478 4.835189 0.335499 hargrave 2020-10-16 17:55:38 
TT 660 290.3  23.1 290.3  23.1 1.26E-04 001.5 121.9 -07.2 0.133992 0.075375 0.313866 hargrave 2020-10-17 15:57:53 
TT 664 290.9  23.4 290.9  23.4 1.19E-04 003.2 122.5 -07.4 0.416203 0.352011 0.370365 hargrave 2020-10-30 12:49:16 
TT 668 283.1  12.7 283.1  12.7 1.03E-04 006.9 109.5 -07.6 1.122589 0.477878 0.263821 hargrave 2020-10-30 19:33:20 
TT 672 294.6  27.1 294.6  27.1 8.14E-05 005.0 127.6 -07.8 0.546130 0.406871 0.235873 hargrave 2020-11-09 09:32:24 
TT 674 290.5  24.9 290.5  24.9 8.24E-05 002.1 123.5 -06.3 0.115417 0.044967 0.286476 hargrave 2020-11-15 18:47:19 
TT 675 289.8  23.8 289.8  23.8 6.70E-05 002.3 122.3 -06.4 0.135492 0.058192 0.224033 hargrave 2020-11-16 01:52:34 
TT 676 287.7  20.4 287.7  20.4 6.69E-05 004.9 118.3 -06.8 0.486246 0.291026 0.096617 hargrave 2020-11-19 11:56:03 
TT 677 289.0  20.4 289.0  20.4 5.56E-05 001.1 119.1 -07.8 0.062309 0.053122 0.076380 hargrave 2020-11-19 18:08:55 
TT 678 287.7  20.7 287.7  20.7 5.61E-05 002.5 118.6 -06.7 0.185747 0.135479 0.092566 hargrave 2020-11-20 00:11:46 
TT 679 281.7  12.8 281.7  12.8 4.41E-05 001.2 108.7 -06.4 0.068233 0.061142 0.064928 hargrave 2020-11-22 11:07:36 
TT 680 288.2  18.3 288.2  18.3 4.10E-05 002.5 116.9 -08.5 0.137876 0.103192 0.067233 hargrave 2020-11-22 17:06:19 
TT 681 285.3  23.5 285.3  23.5 3.33E-05 004.4 119.6 -03.2 0.213399 0.148363 0.036837 hargrave 2020-11-24 22:10:40 
