CF- 30a mag compass orientation (IGRF corrected)
   17.8 101.5  18.0   0.0   0.0   1.0
NRM    302.5  55.4 302.5  55.4 6.31E-04 001.1 263.4  57.8 1.158618 0.386263 0.240296 hargrave 2020-08-30 20:21:02 
TT 100 307.3  51.2 307.3  51.2 5.96E-04 000.5 271.9  55.6 0.360265 0.326750 0.255760 hargrave 2020-09-01 17:16:09 
TT 200 298.2  44.6 298.2  44.6 4.83E-04 001.7 268.1  47.0 1.421623 0.289576 0.262439 hargrave 2020-09-05 16:55:08 
TT 300 298.7  37.9 298.7  37.9 3.67E-04 001.2 272.4  41.1 0.714483 0.164254 0.172371 hargrave 2020-09-06 19:33:12 
TT 400 296.7  37.9 296.7  37.9 2.69E-04 001.6 270.5  40.4 0.737414 0.096459 0.188463 hargrave 2020-09-15 16:32:06 
TT 450 295.4  37.3 295.4  37.3 2.36E-04 002.1 269.6  39.5 0.860144 0.100513 0.171031 hargrave 2020-09-17 23:23:00 
TT 500 296.3  36.4 296.3  36.4 1.97E-04 000.5 270.9  38.9 0.094659 0.064688 0.124706 hargrave 2020-09-19 15:47:05 
TT 525 295.2  37.7 295.2  37.7 1.76E-04 001.4 269.2  39.7 0.397296 0.115692 0.130080 hargrave 2020-09-20 11:55:23 
TT 550 297.4  36.7 297.4  36.7 1.54E-04 000.9 271.8  39.6 0.210827 0.080824 0.103554 hargrave 2020-09-22 16:21:19 
TT 560 293.6  38.2 293.6  38.2 1.43E-04 002.1 267.5  39.7 0.507733 0.082464 0.105972 hargrave 2020-09-24 20:46:41 
TT 570 295.3  37.9 295.3  37.9 1.27E-04 001.5 269.2  40.0 0.318401 0.067871 0.101291 hargrave 2020-09-26 15:24:52 
TT 580 297.7  34.7 297.7  34.7 1.22E-04 003.4 273.1  37.8 0.702438 0.074675 0.102167 hargrave 2020-09-27 14:31:25 
TT 590 294.5  36.1 294.5  36.1 1.06E-04 001.4 269.4  38.0 0.239115 0.058659 0.073156 hargrave 2020-10-03 14:27:10 
TT 600 289.9  36.0 289.9  36.0 9.71E-05 001.3 265.1  36.6 0.213955 0.040034 0.069011 hargrave 2020-10-07 22:12:34 
TT 610 295.2  35.7 295.2  35.7 7.70E-05 000.8 270.2  37.9 0.090601 0.045477 0.052624 hargrave 2020-10-08 21:55:14 
TT 620 297.5  29.8 297.5  29.8 7.24E-05 001.6 275.1  33.1 0.189804 0.040523 0.068848 hargrave 2020-10-10 10:04:23 
TT 630 291.1  31.9 291.1  31.9 6.53E-05 002.1 268.0  33.2 0.233354 0.064765 0.049592 hargrave 2020-10-10 21:57:55 
TT 640 295.4  28.0 295.4  28.0 6.15E-05 000.8 273.8  30.8 0.065278 0.088213 0.048266 hargrave 2020-10-13 14:23:59 
TT 650 293.7  29.0 293.7  29.0 5.11E-05 002.0 271.7  31.2 0.160815 0.051739 0.054396 hargrave 2020-10-14 09:43:47 
TT 660 289.1  36.1 289.1  36.1 4.25E-05 001.2 264.3  36.4 0.061897 0.061439 0.043052 hargrave 2020-10-16 17:43:05 
TT 664 284.5  38.7 284.5  38.7 3.55E-05 001.3 258.8  37.4 0.041410 0.068000 0.041559 hargrave 2020-10-30 12:37:35 
TT 668 288.6  43.5 288.6  43.5 2.68E-05 001.8 259.9  43.0 0.077309 0.036778 0.027158 hargrave 2020-10-30 19:21:32 
TT 672 279.9  48.1 279.9  48.1 2.06E-05 001.3 249.6  44.6 0.045201 0.017666 0.009779 hargrave 2020-11-09 09:22:36 
TT 674 284.6  30.4 284.6  30.4 2.16E-05 001.7 262.6  29.7 0.050717 0.050856 0.023097 hargrave 2020-11-15 18:35:35 
TT 675 281.3  32.9 281.3  32.9 1.94E-05 001.1 258.6  31.0 0.031067 0.023856 0.018317 hargrave 2020-11-16 01:41:32 
TT 676 281.4  44.7 281.4  44.7 1.29E-05 002.6 252.9  42.0 0.055199 0.021307 0.011484 hargrave 2020-11-19 11:45:04 
TT 677 298.8  26.7 298.8  26.7 1.64E-05 002.2 277.6  30.6 0.058165 0.026192 0.011599 hargrave 2020-11-19 17:57:05 
TT 678 275.9  38.7 275.9  38.7 1.71E-05 003.0 251.1  34.8 0.084642 0.032349 0.009977 hargrave 2020-11-20 00:00:32 
TT 679 249.3  78.1 249.3  78.1 1.02E-05 001.3 203.1  63.8 0.024272 0.018420 0.013938 hargrave 2020-11-22 10:54:38 
TT 680 232.7  60.8 232.7  60.8 7.69E-06 001.3 207.4  45.8 0.009263 0.016898 0.004028 hargrave 2020-11-22 16:53:19 
TT 681 252.8  51.3 252.8  51.3 7.54E-06 001.0 226.1  40.5 0.012216 0.013383 0.003746 hargrave 2020-11-24 22:02:17 
