CF- 40a mag compass orientation (IGRF corrected)
   20.5 272.5  88.0   0.0   0.0   1.0
NRM    287.4  40.4 287.4  40.4 9.95E-04 004.0 131.7 -09.9 5.078088 4.688118 0.895932 hargrave 2020-08-30 20:35:52 
TT 100 286.0  44.2 286.0  44.2 9.70E-04 007.0 135.3 -08.2 7.753403 8.371741 3.352296 hargrave 2020-09-01 17:32:16 
TT 200 280.6  31.4 280.6  31.4 8.67E-04 001.6 121.8 -05.8 0.523013 0.381984 2.415396 hargrave 2020-09-05 17:25:43 
TT 300 279.3  27.6 279.3  27.6 7.71E-04 001.3 117.9 -05.1 0.362719 0.302389 1.732279 hargrave 2020-09-06 19:48:31 
TT 400 279.7  24.9 279.7  24.9 6.31E-04 007.5 115.2 -05.7 7.393304 3.283610 1.751261 hargrave 2020-09-15 16:47:20 
TT 450 278.5  16.4 278.5  16.4 5.68E-04 014.6 106.7 -05.2 14.15323 4.160087 0.994023 hargrave 2020-09-17 23:39:48 
TT 450 279.9  24.2 279.9  24.2 5.84E-04 002.2 114.6 -05.9 1.874880 0.945995 0.750955 hargrave 2020-09-18 08:51:08 
TT 500 279.1  28.7 279.1  28.7 5.25E-04 002.6 119.1 -04.8 1.714414 0.981591 1.354507 hargrave 2020-09-19 16:20:06 
TT 525 279.1  25.2 279.1  25.2 4.86E-04 005.2 115.5 -05.1 3.875669 1.893772 0.932567 hargrave 2020-09-20 12:09:33 
TT 550 279.5  24.3 279.5  24.3 4.51E-04 002.2 114.6 -05.5 1.455247 0.526789 0.852645 hargrave 2020-09-22 16:36:30 
TT 560 278.8  24.1 278.8  24.1 4.31E-04 001.1 114.4 -04.9 0.134307 0.203004 0.830160 hargrave 2020-09-24 21:01:50 
TT 570 277.7  22.0 277.7  22.0 4.08E-04 001.9 112.2 -04.1 1.070991 0.529433 0.700291 hargrave 2020-09-26 15:40:56 
TT 580 277.9  22.0 277.9  22.0 3.93E-04 001.8 112.2 -04.2 0.992551 0.309297 0.639521 hargrave 2020-09-27 14:48:59 
TT 590 277.5  24.3 277.5  24.3 3.73E-04 001.6 114.6 -03.7 0.859451 0.477209 0.384672 hargrave 2020-10-03 14:43:06 
TT 600 277.8  22.8 277.8  22.8 3.55E-04 007.4 113.0 -04.1 4.171165 1.861799 0.371278 hargrave 2020-10-07 22:28:02 
TT 610 278.8  20.5 278.8  20.5 3.34E-04 002.4 110.8 -05.2 1.314424 0.464131 0.295438 hargrave 2020-10-08 22:07:41 
TT 620 278.6  23.1 278.6  23.1 3.15E-04 002.1 113.3 -04.8 1.071312 0.406061 0.266453 hargrave 2020-10-10 10:16:50 
TT 630 278.2  21.8 278.2  21.8 2.88E-04 002.9 112.0 -04.6 1.316776 0.590625 0.306055 hargrave 2020-10-10 22:12:56 
TT 640 277.6  19.2 277.6  19.2 2.75E-04 004.4 109.4 -04.2 1.997651 0.676014 0.289638 hargrave 2020-10-13 14:36:33 
TT 650 277.5  20.6 277.5  20.6 2.53E-04 000.8 110.8 -04.0 0.199108 0.068943 0.263227 hargrave 2020-10-14 10:00:00 
TT 660 277.4  21.2 277.4  21.2 2.16E-04 004.3 111.4 -03.8 1.462985 0.638690 0.259824 hargrave 2020-10-16 17:59:01 
TT 664 278.3  20.4 278.3  20.4 1.91E-04 001.3 110.7 -04.8 0.366619 0.085220 0.206339 hargrave 2020-10-30 12:52:39 
TT 668 277.4  22.7 277.4  22.7 1.70E-04 002.6 112.9 -03.7 0.631831 0.338015 0.263818 hargrave 2020-10-30 19:36:44 
TT 672 276.6  25.1 276.6  25.1 1.43E-04 002.2 115.3 -02.9 0.444618 0.253460 0.209852 hargrave 2020-11-09 09:36:01 
TT 674 275.8  13.8 275.8  13.8 1.36E-04 007.2 103.9 -02.7 1.682686 0.382647 0.165268 hargrave 2020-11-15 18:50:42 
TT 675 276.3  22.6 276.3  22.6 1.22E-04 004.0 112.7 -02.8 0.786552 0.289669 0.107518 hargrave 2020-11-16 01:55:58 
TT 676 276.1  20.7 276.1  20.7 1.18E-04 001.2 110.8 -02.7 0.207251 0.079755 0.102931 hargrave 2020-11-19 11:59:27 
TT 677 276.9  18.1 276.9  18.1 1.02E-04 000.8 108.2 -03.5 0.120567 0.072403 0.069544 hargrave 2020-11-19 18:12:23 
TT 678 276.4  19.6 276.4  19.6 8.76E-05 002.1 109.8 -03.0 0.290801 0.129911 0.075269 hargrave 2020-11-20 00:15:03 
TT 679 277.3  18.6 277.3  18.6 6.59E-05 006.8 108.9 -03.9 0.734323 0.285992 0.048046 hargrave 2020-11-22 11:10:54 
TT 680 278.3  18.6 278.3  18.6 6.66E-05 002.2 108.9 -04.9 0.248745 0.074233 0.054832 hargrave 2020-11-22 17:09:29 
TT 681 277.2  10.5 277.2  10.5 5.48E-05 002.0 100.7 -04.2 0.181804 0.071933 0.045480 hargrave 2020-11-24 22:15:59 
TT 682 276.4  12.6 276.4  12.6 5.49E-05 005.4 102.8 -03.4 0.509295 0.120977 0.047327 hargrave 2020-11-25 22:26:18 
