CF- 41a mag compass orientation (IGRF corrected)
   20.6 269.5  73.0   0.0   0.0   1.0
NRM    295.8  40.5 295.8  40.5 2.21E-04 000.7 136.5 -07.6 0.173640 0.175153 0.155952 hargrave 2020-08-30 20:37:23 
TT 100 300.5  45.9 300.5  45.9 2.15E-04 002.4 143.0 -07.6 0.073934 0.130298 0.900776 hargrave 2020-09-01 17:33:50 
TT 200 291.0  35.6 291.0  35.6 1.84E-04 006.0 130.4 -06.6 1.280854 1.188129 0.804893 hargrave 2020-09-05 17:26:58 
TT 300 289.2  28.9 289.2  28.9 1.59E-04 004.3 123.7 -08.1 0.919359 0.705754 0.326721 hargrave 2020-09-06 19:50:09 
TT 400 290.5  27.8 290.5  27.8 1.25E-04 006.5 123.1 -09.6 1.146812 0.816671 0.284418 hargrave 2020-09-15 16:48:58 
TT 450 286.8  24.1 286.8  24.1 1.15E-04 002.3 118.3 -08.0 0.053364 0.089227 0.453685 hargrave 2020-09-17 23:41:25 
TT 500 289.5  26.0 289.5  26.0 1.04E-04 003.6 121.0 -09.6 0.529121 0.301466 0.239109 hargrave 2020-09-19 16:21:26 
TT 525 289.7  26.3 289.7  26.3 9.85E-05 002.9 121.4 -09.6 0.455042 0.204604 0.087908 hargrave 2020-09-20 12:10:52 
TT 550 287.8  25.6 287.8  25.6 8.98E-05 001.7 120.1 -08.4 0.121304 0.094031 0.225822 hargrave 2020-09-22 16:38:06 
TT 560 288.1  25.0 288.1  25.0 8.66E-05 002.0 119.7 -08.8 0.170648 0.062745 0.251910 hargrave 2020-09-24 21:03:26 
TT 570 288.4  25.4 288.4  25.4 8.16E-05 004.7 120.1 -08.9 0.553754 0.360504 0.102888 hargrave 2020-09-26 15:42:33 
TT 580 286.5  21.8 286.5  21.8 7.59E-05 001.8 116.0 -08.7 0.091728 0.050831 0.222888 hargrave 2020-09-27 14:50:36 
TT 590 286.8  21.9 286.8  21.9 7.39E-05 001.6 116.3 -08.9 0.166900 0.105435 0.066867 hargrave 2020-10-03 14:44:42 
TT 600 287.3  20.4 287.3  20.4 7.09E-05 005.8 115.0 -09.9 0.630554 0.317788 0.128264 hargrave 2020-10-07 22:29:42 
TT 610 285.2  22.0 285.2  22.0 6.71E-05 001.2 115.8 -07.5 0.103894 0.101559 0.071822 hargrave 2020-10-08 22:09:00 
TT 620 287.0  24.1 287.0  24.1 6.29E-05 003.7 118.4 -08.2 0.375754 0.174257 0.091302 hargrave 2020-10-10 10:18:09 
TT 630 286.1  23.4 286.1  23.4 5.83E-05 001.1 117.4 -07.7 0.058775 0.051410 0.099660 hargrave 2020-10-10 22:14:33 
TT 640 286.7  19.1 286.7  19.1 5.46E-05 002.7 113.7 -09.9 0.205342 0.196090 0.053068 hargrave 2020-10-13 14:37:54 
TT 650 287.9  24.3 287.9  24.3 4.80E-05 004.7 118.9 -08.9 0.349697 0.183951 0.070614 hargrave 2020-10-14 10:01:39 
TT 660 286.9  20.3 286.9  20.3 4.16E-05 001.7 114.9 -09.6 0.058628 0.067779 0.104656 hargrave 2020-10-16 18:00:38 
TT 664 288.8  19.7 288.8  19.7 3.94E-05 001.2 115.0 -11.4 0.070363 0.075961 0.045834 hargrave 2020-10-30 12:54:16 
TT 668 289.0  25.8 289.0  25.8 3.44E-05 003.6 120.7 -09.2 0.176079 0.143568 0.046591 hargrave 2020-10-30 19:38:21 
TT 672 292.2  28.2 292.2  28.2 2.83E-05 003.2 124.2 -10.8 0.124222 0.116320 0.050412 hargrave 2020-11-09 09:37:21 
TT 674 289.0  18.2 289.0  18.2 2.73E-05 001.2 113.6 -12.2 0.050447 0.088881 0.020711 hargrave 2020-11-15 18:52:19 
TT 675 288.4  23.4 288.4  23.4 2.41E-05 002.4 118.3 -09.7 0.071700 0.092256 0.044177 hargrave 2020-11-16 01:57:36 
TT 676 284.4  18.2 284.4  18.2 2.31E-05 001.8 111.9 -08.2 0.059060 0.072015 0.045878 hargrave 2020-11-19 12:01:04 
TT 677 283.7  17.1 283.7  17.1 2.17E-05 002.1 110.7 -08.0 0.060142 0.082978 0.035945 hargrave 2020-11-19 18:14:04 
TT 678 287.7  22.3 287.7  22.3 1.96E-05 006.5 117.0 -09.5 0.197561 0.122907 0.037850 hargrave 2020-11-20 00:16:38 
TT 679 284.0  19.8 284.0  19.8 1.47E-05 002.5 113.3 -07.3 0.055314 0.052809 0.045048 hargrave 2020-11-22 11:12:28 
TT 680 295.9  23.3 295.9  23.3 1.31E-05 004.1 121.2 -15.9 0.071354 0.078151 0.033911 hargrave 2020-11-22 17:11:19 
TT 681 291.3  31.8 291.3  31.8 1.24E-05 003.3 127.0 -08.5 0.057869 0.055611 0.016780 hargrave 2020-11-24 22:17:36 
TT 682 284.9  29.1 284.9  29.1 1.26E-05 002.4 122.3 -04.6 0.048049 0.039195 0.021071 hargrave 2020-11-25 22:27:46 
