CF- 49a mag compass orientation (IGRF corrected)
   22.8 262.5  65.0   0.0   0.0   1.0
NRM    304.2  32.5 304.2  32.5 3.23E-04 004.3 139.0 -16.4 1.640887 1.363885 1.198081 hargrave 2020-08-30 20:51:17 
TT 100 298.8  28.1 298.8  28.1 3.18E-04 004.2 132.4 -15.9 1.277329 0.435565 1.895474 hargrave 2020-09-01 17:49:12 
TT 200 298.7  27.5 298.7  27.5 2.88E-04 002.6 131.8 -16.2 0.507304 0.241748 1.169161 hargrave 2020-09-05 17:39:02 
TT 300 300.1  27.6 300.1  27.6 2.62E-04 002.5 132.7 -17.1 0.618421 0.181547 0.960253 hargrave 2020-09-06 20:03:26 
TT 400 294.8  19.0 294.8  19.0 2.18E-04 002.2 122.5 -18.7 0.384085 0.398361 0.646197 hargrave 2020-09-15 17:21:06 
TT 450 298.1  21.8 298.1  21.8 1.97E-04 005.7 126.8 -19.4 1.254220 1.297388 0.802687 hargrave 2020-09-17 23:56:02 
TT 500 294.8  17.3 294.8  17.3 1.79E-04 004.6 121.0 -19.7 1.081296 0.427341 0.852168 hargrave 2020-09-19 16:33:51 
TT 525 297.1  20.6 297.1  20.6 1.70E-04 002.3 125.2 -19.4 0.344812 0.142888 0.600983 hargrave 2020-09-20 12:21:28 
TT 550 296.0  18.1 296.0  18.1 1.56E-04 003.0 122.4 -20.2 0.328899 0.478507 0.588785 hargrave 2020-09-22 16:52:43 
TT 560 295.0  16.4 295.0  16.4 1.51E-04 003.4 120.3 -20.3 0.426686 0.512744 0.597715 hargrave 2020-09-24 21:17:26 
TT 570 293.3  14.9 293.3  14.9 1.46E-04 002.5 118.0 -19.9 0.221749 0.149246 0.584342 hargrave 2020-09-26 15:57:18 
TT 580 293.8  14.0 293.8  14.0 1.37E-04 002.5 117.5 -20.8 0.289986 0.121189 0.521772 hargrave 2020-09-27 15:05:17 
TT 590 294.9  16.1 294.9  16.1 1.34E-04 004.1 120.0 -20.4 0.815752 0.276597 0.431704 hargrave 2020-10-03 15:00:51 
TT 600 296.1  16.9 296.1  16.9 1.30E-04 002.0 121.4 -20.9 0.219964 0.082392 0.382549 hargrave 2020-10-07 22:43:48 
TT 610 292.9  11.6 292.9  11.6 1.21E-04 004.1 114.8 -21.4 0.710327 0.400610 0.327740 hargrave 2020-10-08 22:20:29 
TT 620 292.1  07.5 292.1  07.5 1.16E-04 008.0 110.7 -22.9 1.478697 0.638329 0.279592 hargrave 2020-10-10 10:29:40 
TT 620 296.1  13.8 296.1  13.8 1.17E-04 002.8 118.7 -22.8 0.480676 0.159635 0.257956 hargrave 2020-10-10 17:51:45 
TT 630 294.0  10.5 294.0  10.5 1.09E-04 002.8 114.5 -22.9 0.293483 0.300865 0.319669 hargrave 2020-10-10 22:28:15 
TT 640 293.5  10.4 293.5  10.4 1.05E-04 002.0 114.2 -22.5 0.250616 0.143095 0.258095 hargrave 2020-10-13 14:49:28 
TT 650 293.7  09.4 293.7  09.4 9.68E-05 002.2 113.3 -23.2 0.085703 0.138956 0.335603 hargrave 2020-10-14 10:16:32 
TT 660 294.6  09.7 294.6  09.7 8.77E-05 003.3 114.2 -23.8 0.399153 0.081647 0.296861 hargrave 2020-10-16 18:14:29 
TT 664 296.4  12.6 296.4  12.6 8.54E-05 002.2 117.8 -23.7 0.041123 0.166079 0.296694 hargrave 2020-10-30 13:08:09 
TT 668 294.9  11.8 294.9  11.8 7.97E-05 003.4 116.2 -22.9 0.371451 0.113715 0.285209 hargrave 2020-10-30 19:52:13 
TT 672 282.0 -20.8 282.0 -20.8 6.42E-05 022.6 077.8 -25.7 2.619621 0.490727 0.180415 hargrave 2020-11-09 09:50:01 
TT 672 117.5 -53.8 117.5 -53.8 6.85E-06 082.2 331.0 -01.9 3.286242 5.916093 2.777516 hargrave 2020-11-09 10:17:01 
TT 672 284.7 -17.0 284.7 -17.0 6.21E-05 027.3 082.8 -26.8 3.180326 0.331130 0.196115 hargrave 2020-11-09 10:26:35 
TT 672 293.4  07.9 293.4  07.9 6.89E-05 002.5 111.8 -23.8 0.177473 0.058988 0.234256 hargrave 2020-11-15 14:02:32 
TT 674 293.1  08.5 293.1  08.5 6.59E-05 002.3 112.1 -23.2 0.123819 0.067039 0.223491 hargrave 2020-11-15 19:06:04 
TT 675 294.3  07.8 294.3  07.8 6.24E-05 002.9 112.2 -24.5 0.182135 0.171499 0.198329 hargrave 2020-11-16 02:12:20 
TT 676 294.1  07.4 294.1  07.4 5.92E-05 003.1 111.7 -24.6 0.271116 0.059765 0.160932 hargrave 2020-11-19 12:14:57 
TT 677 294.8  07.6 294.8  07.6 5.69E-05 001.9 112.3 -25.1 0.063467 0.107228 0.151685 hargrave 2020-11-19 18:28:48 
TT 678 296.8  09.7 296.8  09.7 5.43E-05 002.1 115.4 -25.6 0.070347 0.074024 0.177207 hargrave 2020-11-20 00:32:02 
TT 679 293.1  05.7 293.1  05.7 5.15E-05 002.4 109.5 -24.6 0.124241 0.141589 0.142272 hargrave 2020-11-22 11:56:15 
TT 680 295.8  07.5 295.8  07.5 5.27E-05 002.7 112.8 -26.0 0.145348 0.076660 0.199129 hargrave 2020-11-22 17:24:54 
TT 681 293.9  04.8 293.9  04.8 4.78E-05 003.7 109.2 -25.8 0.241645 0.162928 0.136679 hargrave 2020-11-24 22:28:09 
TT 682 294.0  07.2 294.0  07.2 4.46E-05 004.4 111.5 -24.6 0.315233 0.086854 0.123535 hargrave 2020-11-26 19:15:19 
