CF- 46a mag compass orientation (IGRF corrected)
   22.2 272.5  68.0   0.0   0.0   1.0
NRM    289.6  21.2 289.6  21.2 4.93E-04 001.9 116.2 -06.8 1.332523 0.727320 0.631750 hargrave 2020-08-30 20:46:28 
TT 100 291.1  24.9 291.1  24.9 4.87E-04 000.4 120.1 -06.3 0.179911 0.136081 0.276886 hargrave 2020-09-01 17:44:04 
TT 200 288.2  20.0 288.2  20.0 4.64E-04 001.6 114.5 -06.2 1.090004 0.587604 0.402860 hargrave 2020-09-05 17:34:48 
TT 300 290.0  22.8 290.0  22.8 4.35E-04 001.3 117.8 -06.4 0.818673 0.438717 0.351394 hargrave 2020-09-06 19:57:59 
TT 400 289.9  19.4 289.9  19.4 3.79E-04 001.0 114.7 -07.8 0.384202 0.178227 0.507180 hargrave 2020-09-15 17:16:37 
TT 450 286.1  11.2 286.1  11.2 3.49E-04 006.5 105.6 -08.1 3.796641 1.089049 0.301668 hargrave 2020-09-17 23:50:40 
TT 500 288.7  17.1 288.7  17.1 3.28E-04 002.0 112.1 -07.9 1.014803 0.373745 0.311253 hargrave 2020-09-19 16:29:24 
TT 525 288.7  18.2 288.7  18.2 3.14E-04 001.0 113.1 -07.4 0.501640 0.142000 0.247992 hargrave 2020-09-20 12:17:01 
TT 550 288.3  16.2 288.3  16.2 2.90E-04 004.6 111.1 -07.9 2.190851 0.831726 0.223576 hargrave 2020-09-22 16:47:22 
TT 560 288.5  19.2 288.5  19.2 2.83E-04 000.6 113.9 -06.8 0.156554 0.127447 0.214052 hargrave 2020-09-24 21:12:03 
TT 570 288.1  18.5 288.1  18.5 2.74E-04 000.6 113.1 -06.7 0.168891 0.103136 0.238041 hargrave 2020-09-26 15:51:53 
TT 580 286.9  16.1 286.9  16.1 2.67E-04 000.6 110.4 -06.7 0.064547 0.061951 0.260637 hargrave 2020-09-27 14:59:55 
TT 590 287.1  16.1 287.1  16.1 2.59E-04 002.9 110.5 -06.9 1.158642 0.458694 0.348044 hargrave 2020-10-03 14:55:31 
TT 600 285.5  12.3 285.5  12.3 2.55E-04 001.4 106.4 -07.2 0.519820 0.137805 0.311134 hargrave 2020-10-07 22:38:20 
TT 610 287.9  15.7 287.9  15.7 2.44E-04 001.0 110.5 -07.8 0.185581 0.193787 0.341939 hargrave 2020-10-08 22:16:02 
TT 620 289.4  18.5 289.4  18.5 2.38E-04 001.0 113.6 -07.8 0.172095 0.233695 0.303658 hargrave 2020-10-10 10:25:12 
TT 630 287.3  14.6 287.3  14.6 2.28E-04 002.6 109.3 -07.8 0.954799 0.329634 0.222367 hargrave 2020-10-10 22:22:56 
TT 640 288.7  17.1 288.7  17.1 2.19E-04 001.4 112.1 -07.9 0.450036 0.217433 0.279416 hargrave 2020-10-13 14:45:00 
TT 650 288.0  15.3 288.0  15.3 2.09E-04 000.8 110.2 -08.1 0.186494 0.101311 0.186973 hargrave 2020-10-14 10:11:04 
TT 660 288.3  15.1 288.3  15.1 1.92E-04 001.1 110.1 -08.4 0.312470 0.122406 0.187870 hargrave 2020-10-16 18:09:05 
TT 664 287.0  12.9 287.0  12.9 1.79E-04 000.6 107.5 -08.2 0.139848 0.085076 0.135169 hargrave 2020-10-30 13:02:47 
TT 668 007.5  68.1 007.5  68.1 4.72E-05 073.5 181.8  00.2 0.553022 17.13763 2.574209 hargrave 2020-10-30 19:46:50 
TT 668 286.8  12.6 286.8  12.6 1.69E-04 000.9 107.2 -08.1 0.203164 0.112310 0.130614 hargrave 2020-10-31 09:05:55 
TT 672 308.5  43.0 308.5  43.0 1.30E-04 028.9 143.3 -08.2 4.261672 5.811164 0.142653 hargrave 2020-11-09 09:45:22 
TT 672 064.1  50.5 064.1  50.5 1.06E-04 045.4 214.0  00.5 5.909959 8.793828 1.990412 hargrave 2020-11-09 10:13:57 
TT 672 306.3  40.7 306.3  40.7 1.27E-04 031.8 140.5 -08.4 4.971194 6.106172 0.148979 hargrave 2020-11-09 10:23:28 
TT 672 286.4  13.6 286.4  13.6 1.46E-04 000.6 108.0 -07.4 0.105532 0.068885 0.091289 hargrave 2020-11-15 14:00:42 
TT 674 288.5  17.0 288.5  17.0 1.41E-04 004.4 111.9 -07.8 0.996257 0.410939 0.122151 hargrave 2020-11-15 19:00:45 
TT 675 287.0  14.1 287.0  14.1 1.35E-04 003.1 108.7 -07.7 0.696374 0.230109 0.109707 hargrave 2020-11-16 02:06:58 
TT 676 285.6  11.8 285.6  11.8 1.34E-04 003.4 105.9 -07.4 0.756378 0.202059 0.153743 hargrave 2020-11-19 12:09:33 
TT 677 287.9  14.7 287.9  14.7 1.29E-04 001.5 109.6 -08.2 0.297319 0.111199 0.130207 hargrave 2020-11-19 18:23:34 
TT 678 286.7  12.8 286.7  12.8 1.20E-04 001.8 107.3 -08.0 0.335261 0.120845 0.127179 hargrave 2020-11-20 00:23:30 
TT 679 287.7  12.8 287.7  12.8 1.11E-04 000.9 107.8 -08.9 0.119285 0.097467 0.131641 hargrave 2020-11-22 11:48:58 
TT 680 287.0  11.4 287.0  11.4 1.13E-04 003.2 106.1 -08.8 0.589055 0.173571 0.138981 hargrave 2020-11-22 17:16:22 
TT 681 286.6  11.0 286.6  11.0 9.31E-05 000.9 105.6 -08.6 0.114676 0.070962 0.078048 hargrave 2020-11-24 22:22:48 
TT 682 288.6  15.2 288.6  15.2 9.28E-05 003.1 110.3 -08.6 0.452300 0.205571 0.121062 hargrave 2020-11-25 22:32:29 
