CF- 45a mag compass orientation (IGRF corrected)
   21.7 267.5  50.0               1.0   0.0   0.0   1.0296.6  19.7 3.61E-04 006.5 123.9 -07.7 2.940877 2.266382 1.750743 hargrave 2020-08-30 20:44:58 
TT 100 292.9  16.9 292.9  16.9 3.56E-04 004.6 119.4 -07.3 2.223932 1.027044 1.487144 hargrave 2020-09-01 17:42:26 
TT 200 290.1  13.2 290.1  13.2 3.24E-04 004.9 114.8 -08.0 2.243363 0.763779 1.509310 hargrave 2020-09-05 17:33:29 
TT 300 290.3  12.6 290.3  12.6 2.95E-04 004.0 114.5 -08.6 1.545570 0.570327 1.248354 hargrave 2020-09-06 19:56:12 
TT 400 285.5  05.4 285.5  05.4 2.46E-04 004.6 106.0 -10.1 1.501613 0.192258 1.283723 hargrave 2020-09-15 17:14:32 
TT 450 289.4  09.4 289.4  09.4 2.26E-04 003.1 111.5 -10.2 0.537441 0.079229 1.097902 hargrave 2020-09-17 23:48:59 
TT 500 288.2  08.6 288.2  08.6 2.07E-04 003.3 110.1 -09.9 0.856465 0.126373 0.831778 hargrave 2020-09-19 16:25:30 
TT 525 285.1  05.3 285.1  05.3 1.93E-04 005.6 105.5 -09.9 1.659619 0.279445 0.890105 hargrave 2020-09-20 12:15:38 
TT 550 286.1  05.6 286.1  05.6 1.79E-04 002.8 106.4 -10.4 0.047450 0.174041 0.855438 hargrave 2020-09-22 16:45:40 
TT 560 284.8  04.0 284.8  04.0 1.74E-04 007.7 104.3 -10.5 2.119891 0.690685 0.768150 hargrave 2020-09-24 21:10:21 
TT 570 286.0  05.3 286.0  05.3 1.65E-04 002.7 106.1 -10.5 0.308999 0.050115 0.714376 hargrave 2020-09-26 15:50:11 
TT 580 282.6  01.9 282.6  01.9 1.61E-04 007.6 101.3 -10.2 1.981673 0.328038 0.731247 hargrave 2020-09-27 14:58:13 
TT 590 286.5  06.6 286.5  06.6 1.56E-04 003.0 107.5 -10.0 0.101441 0.146843 0.787580 hargrave 2020-10-03 14:53:50 
TT 600 282.1  01.8 282.1  01.8 1.50E-04 004.4 100.9 -10.0 0.858963 0.075451 0.769626 hargrave 2020-10-07 22:36:36 
TT 610 288.5  07.7 288.5  07.7 1.43E-04 004.1 109.7 -10.8 0.563847 0.381076 0.759735 hargrave 2020-10-08 22:14:38 
TT 620 286.4  05.0 286.4  05.0 1.34E-04 005.2 106.2 -11.0 0.979548 0.160386 0.724172 hargrave 2020-10-10 10:23:48 
TT 630 283.7  01.9 283.7  01.9 1.27E-04 003.3 102.1 -11.0 0.366943 0.057945 0.625306 hargrave 2020-10-10 22:21:15 
TT 640 285.6  04.8 285.6  04.8 1.21E-04 004.1 105.6 -10.6 0.542266 0.096128 0.668293 hargrave 2020-10-13 14:43:36 
TT 650 283.7  02.4 283.7  02.4 1.12E-04 004.2 102.4 -10.8 0.604928 0.090546 0.567453 hargrave 2020-10-14 10:09:21 
TT 660 282.9  00.1 282.9  00.1 9.97E-05 003.1 100.1 -11.7 0.228146 0.054824 0.491529 hargrave 2020-10-16 18:07:23 
TT 664 283.8  02.8 283.8  02.8 9.54E-05 004.1 102.8 -10.5 0.494086 0.087857 0.474309 hargrave 2020-10-30 13:01:06 
TT 668 284.0  03.1 284.0  03.1 8.76E-05 002.9 103.1 -10.5 0.090851 0.084797 0.436851 hargrave 2020-10-30 19:45:09 
TT 672 285.7  04.0 285.7  04.0 7.57E-05 003.1 105.0 -11.1 0.082939 0.118516 0.389625 hargrave 2020-11-09 09:43:55 
TT 674 281.6  02.3 281.6  02.3 7.27E-05 003.9 101.0 -09.3 0.326549 0.068361 0.364757 hargrave 2020-11-15 18:59:03 
TT 675 281.6  01.3 281.6  01.3 6.86E-05 004.5 100.2 -09.9 0.413682 0.070657 0.340337 hargrave 2020-11-16 02:05:16 
TT 676 281.2  00.1 281.2  00.1 6.82E-05 006.7 099.0 -10.4 0.718882 0.079272 0.347361 hargrave 2020-11-19 12:07:51 
TT 677 288.0  07.2 288.0  07.2 6.52E-05 009.9 109.0 -10.7 0.919676 0.775064 0.393482 hargrave 2020-11-19 18:19:00 
TT 677 287.5  06.2 287.5  06.2 6.21E-05 003.2 107.8 -11.0 0.064454 0.077674 0.336080 hargrave 2020-11-19 18:50:03 
TT 678 282.3  00.0 282.3  00.0 5.62E-05 004.0 099.7 -11.3 0.218422 0.041170 0.328206 hargrave 2020-11-20 00:21:45 
TT 679 284.1  04.5 284.1  04.5 4.91E-05 004.1 104.3 -09.7 0.259821 0.067209 0.240431 hargrave 2020-11-22 11:47:31 
TT 680 282.8  01.7 282.8  01.7 5.14E-05 003.0 101.3 -10.5 0.109346 0.067439 0.246527 hargrave 2020-11-22 17:14:37 
TT 681 284.0  03.2 284.0  03.2 3.77E-05 004.4 103.2 -10.5 0.224725 0.035876 0.188455 hargrave 2020-11-24 22:21:01 
TT 682 283.8  04.5 283.8  04.5 3.83E-05 003.3 104.1 -09.5 0.077858 0.064491 0.201866 hargrave 2020-11-25 22:30:52 
