CF- 5a mag compass orientation (IGRF corrected)
    2.6 100.5   4.   0.0   0.0   1.0
NRM    288.5 -48.8 288.5 -48.8 2.98E-03 001.4 282.4 -48.0 6.317231 3.158585 1.988971 hargrave 2020-08-30 18:49:37 
TT 100 293.2 -50.8 293.2 -50.8 2.87E-03 004.0 287.4 -49.8 18.92646 6.152871 1.552534 hargrave 2020-09-01 16:30:52 
TT 200 301.1 -44.2 301.1 -44.2 2.15E-03 003.1 294.1 -42.7 10.26345 5.000125 1.301717 hargrave 2020-09-05 16:19:34 
TT 300 307.6 -39.4 307.6 -39.4 1.55E-03 000.6 299.9 -37.4 1.154969 0.824489 0.873920 hargrave 2020-09-06 18:51:51 
TT 400 311.8 -35.3 311.8 -35.3 9.48E-04 000.7 303.6 -33.2 0.830799 0.552594 0.799197 hargrave 2020-09-15 15:49:19 
TT 450 304.3 -32.9 304.3 -32.9 8.35E-04 001.0 296.0 -31.2 1.098470 1.054437 0.588724 hargrave 2020-09-17 22:37:59 
TT 500 306.4 -37.9 306.4 -37.9 7.23E-04 003.0 298.6 -36.1 3.258836 1.849690 0.715181 hargrave 2020-09-19 15:04:24 
TT 525 310.2 -37.6 310.2 -37.6 6.58E-04 000.7 302.3 -35.5 0.677658 0.290186 0.512219 hargrave 2020-09-19 20:03:02 
TT 550 306.4 -37.2 306.4 -37.2 5.88E-04 005.1 298.5 -35.3 4.626654 2.396166 0.431358 hargrave 2020-09-22 15:37:13 
TT 560 311.1 -35.9 311.1 -35.9 5.21E-04 000.7 303.0 -33.8 0.634654 0.174462 0.388874 hargrave 2020-09-24 20:04:08 
TT 570 299.6 -35.3 299.6 -35.3 4.59E-04 002.0 291.7 -33.9 1.463258 0.497902 0.421218 hargrave 2020-09-26 14:40:31 
TT 580 307.6 -39.4 307.6 -39.4 4.49E-04 002.0 299.9 -37.5 1.269433 0.768598 0.446302 hargrave 2020-09-27 13:47:20 
TT 590 293.6 -40.5 293.6 -40.5 3.81E-04 003.7 286.4 -39.5 2.304229 0.730899 0.397052 hargrave 2020-10-03 13:43:12 
TT 600 309.9 -31.6 309.9 -31.6 3.04E-04 000.6 301.4 -29.6 0.117054 0.135135 0.359666 hargrave 2020-10-07 21:29:03 
TT 610 311.8 -33.4 311.8 -33.4 3.11E-04 001.1 303.4 -31.3 0.311778 0.323568 0.459260 hargrave 2020-10-08 20:58:13 
TT 620 301.1 -31.9 301.1 -31.9 2.32E-04 000.9 292.9 -30.4 0.110907 0.181484 0.312533 hargrave 2020-10-10 09:30:14 
TT 630 296.0 -27.9 296.0 -27.9 1.93E-04 001.4 287.5 -26.7 0.413339 0.097277 0.271688 hargrave 2020-10-10 21:16:30 
TT 640 306.0 -21.4 306.0 -21.4 2.10E-04 002.1 296.8 -19.6 0.609422 0.344947 0.337252 hargrave 2020-10-13 13:48:02 
TT 650 294.0 -23.5 294.0 -23.5 1.54E-04 003.0 285.2 -22.5 0.572148 0.497532 0.351872 hargrave 2020-10-14 09:01:39 
TT 660 293.5 -21.3 293.5 -21.3 1.31E-04 001.2 284.4 -20.3 0.212512 0.064713 0.178143 hargrave 2020-10-16 16:57:16 
TT 664 288.9 -30.8 288.9 -30.8 9.68E-05 000.7 280.7 -30.2 0.064187 0.056646 0.108575 hargrave 2020-10-30 11:55:53 
TT 668 294.4 -37.4 294.4 -37.4 7.19E-05 002.1 286.8 -36.3 0.256070 0.056102 0.107215 hargrave 2020-10-30 18:38:06 
TT 672 275.5 -24.4 275.5 -24.4 6.26E-05 001.6 266.8 -24.7 0.157102 0.065853 0.100464 hargrave 2020-11-09 00:27:15 
TT 674 269.2 -23.0 269.2 -23.0 5.23E-05 001.8 260.4 -23.7 0.138347 0.063789 0.090900 hargrave 2020-11-15 17:51:27 
TT 675 295.7 -09.9 295.7 -09.9 5.85E-05 001.0 285.9 -08.8 0.066881 0.056771 0.091290 hargrave 2020-11-16 00:57:49 
TT 676 153.4 -58.9 153.4 -58.9 2.13E-05 002.7 138.4 -62.0 0.073422 0.058638 0.052222 hargrave 2020-11-19 11:03:18 
TT 677 274.9 -11.8 274.9 -11.8 4.43E-05 001.0 265.3 -12.2 0.048933 0.041075 0.059628 hargrave 2020-11-19 17:13:01 
TT 678 238.9 -24.3 238.9 -24.3 2.02E-05 004.0 229.9 -27.0 0.103614 0.099046 0.020876 hargrave 2020-11-19 23:16:05 
TT 679 209.8 -06.8 209.8 -06.8 2.87E-05 003.1 199.5 -10.5 0.076592 0.156945 0.038234 hargrave 2020-11-22 10:09:17 
TT 680 169.7 -09.9 169.7 -09.9 2.77E-05 003.7 158.9 -13.6 0.098077 0.156965 0.033713 hargrave 2020-11-22 16:09:57 
