4.310000000000001052e-01
4.370000000000001106e-01
4.410000000000001141e-01
4.440000000000001168e-01
4.450000000000001177e-01
4.490000000000001212e-01
4.500000000000001221e-01
4.530000000000001248e-01
4.550000000000001266e-01
4.560000000000001275e-01
4.570000000000001283e-01
4.590000000000001301e-01
4.600000000000001310e-01
4.610000000000001319e-01
4.620000000000001328e-01
4.630000000000001337e-01
4.640000000000001346e-01
4.650000000000001354e-01
4.660000000000001363e-01
4.670000000000001372e-01
4.680000000000001381e-01
4.690000000000001390e-01
4.700000000000001399e-01
4.710000000000001408e-01
4.720000000000001417e-01
4.730000000000001426e-01
4.740000000000001434e-01
4.750000000000001443e-01
4.760000000000001452e-01
4.770000000000001461e-01
4.780000000000001470e-01
4.790000000000001479e-01
4.800000000000001488e-01
4.810000000000001497e-01
4.820000000000001505e-01
4.830000000000001514e-01
4.840000000000001523e-01
4.850000000000001532e-01
4.860000000000001541e-01
4.870000000000001550e-01
4.880000000000001559e-01
4.890000000000001568e-01
4.900000000000001577e-01
4.910000000000001585e-01
4.920000000000001594e-01
4.930000000000001603e-01
4.940000000000001612e-01
4.950000000000001621e-01
4.960000000000001630e-01
4.970000000000001639e-01
4.980000000000001648e-01
4.990000000000001656e-01
5.000000000000002220e-01
5.010000000000001119e-01
5.020000000000002238e-01
5.030000000000001137e-01
5.040000000000002256e-01
5.050000000000001155e-01
5.060000000000002274e-01
5.070000000000001172e-01
5.080000000000002292e-01
5.090000000000001190e-01
5.100000000000002309e-01
5.110000000000001208e-01
5.120000000000002327e-01
5.130000000000001226e-01
5.140000000000002345e-01
5.150000000000001243e-01
5.160000000000002363e-01
5.170000000000001261e-01
5.180000000000002380e-01
5.190000000000001279e-01
5.200000000000002398e-01
5.210000000000001297e-01
5.220000000000002416e-01
5.230000000000001315e-01
5.240000000000002434e-01
5.250000000000001332e-01
5.260000000000002451e-01
5.270000000000001350e-01
5.280000000000002469e-01
5.290000000000001368e-01
5.300000000000002487e-01
5.310000000000001386e-01
5.320000000000002505e-01
5.330000000000001403e-01
5.340000000000002522e-01
5.350000000000001421e-01
5.360000000000002540e-01
5.370000000000001439e-01
5.380000000000002558e-01
5.390000000000001457e-01
5.400000000000002576e-01
5.410000000000001474e-01
5.420000000000002593e-01
5.430000000000001492e-01
5.440000000000002611e-01
5.450000000000001510e-01
5.460000000000002629e-01
5.470000000000001528e-01
5.480000000000002647e-01
5.490000000000001545e-01
5.500000000000002665e-01
5.510000000000001563e-01
5.520000000000002682e-01
5.530000000000001581e-01
5.540000000000002700e-01
5.550000000000001599e-01
5.560000000000002718e-01
5.570000000000001616e-01
5.580000000000002736e-01
5.590000000000001634e-01
5.600000000000002753e-01
5.610000000000001652e-01
5.620000000000002771e-01
5.630000000000001670e-01
5.640000000000002789e-01
5.650000000000001688e-01
5.660000000000002807e-01
5.670000000000001705e-01
5.680000000000002824e-01
5.690000000000001723e-01
5.700000000000002842e-01
5.710000000000001741e-01
5.720000000000002860e-01
5.730000000000001759e-01
5.740000000000002878e-01
5.750000000000001776e-01
5.760000000000002895e-01
5.770000000000001794e-01
5.780000000000002913e-01
5.790000000000001812e-01
5.800000000000002931e-01
5.810000000000001830e-01
5.820000000000002949e-01
5.830000000000001847e-01
5.840000000000002967e-01
5.850000000000001865e-01
5.860000000000002984e-01
5.870000000000001883e-01
5.880000000000003002e-01
5.890000000000001901e-01
5.900000000000003020e-01
5.910000000000001918e-01
5.920000000000003038e-01
5.930000000000001936e-01
5.940000000000003055e-01
5.950000000000001954e-01
5.960000000000003073e-01
5.970000000000001972e-01
5.980000000000003091e-01
5.990000000000001990e-01
