6.100000000000004308e-01
6.350000000000004530e-01
6.400000000000004574e-01
6.450000000000004619e-01
6.500000000000004663e-01
6.550000000000004707e-01
6.600000000000004752e-01
6.650000000000004796e-01
6.700000000000004841e-01
6.750000000000004885e-01
6.800000000000004929e-01
6.850000000000004974e-01
6.900000000000005018e-01
6.950000000000005063e-01
7.000000000000005107e-01
7.050000000000005151e-01
7.100000000000005196e-01
7.150000000000005240e-01
7.200000000000005285e-01
7.250000000000005329e-01
7.300000000000005373e-01
7.350000000000005418e-01
7.400000000000005462e-01
7.450000000000005507e-01
7.500000000000005551e-01
7.550000000000005596e-01
7.600000000000005640e-01
7.650000000000005684e-01
7.700000000000005729e-01
7.750000000000005773e-01
7.850000000000005862e-01
7.900000000000005906e-01
7.950000000000005951e-01
8.000000000000005995e-01
8.050000000000006040e-01
8.100000000000006084e-01
8.150000000000006128e-01
8.250000000000006217e-01
8.300000000000006262e-01
8.400000000000006350e-01
8.450000000000006395e-01
8.500000000000006439e-01
8.550000000000006484e-01
8.700000000000006617e-01
8.900000000000006795e-01
8.950000000000006839e-01
9.050000000000006928e-01
9.100000000000006972e-01
