5.323908081189317798e+00
5.072147627475112053e+00
4.827500071461860998e+00
4.590476597962831029e+00
4.361679145647417322e+00
4.141814312160836842e+00
3.931707798703685253e+00
3.732318173449565180e+00
3.544747857506105326e+00
3.370248041740304679e+00
3.210212797713688282e+00
3.066156244052967939e+00
2.939665931189521686e+00
2.832326708976748542e+00
2.745613547793737119e+00
2.680759822480712540e+00
2.638618296870550939e+00
2.619541501163376918e+00
2.623310565489240798e+00
2.649132829147726298e+00
