6.526382966683806686e+00
5.589137548948609258e+00
5.078632776767873835e+00
4.763499083706275172e+00
4.614317081726779790e+00
4.471145856765017967e+00
4.334330425702145106e+00
4.204238031438383594e+00
3.965787556971961614e+00
3.858247882848441890e+00
3.759056014564249981e+00
3.587359579355327011e+00
3.515627166625907130e+00
3.453761279782947113e+00
3.402039313059417314e+00
3.360670868802649203e+00
3.329785961558941576e+00
3.309425866391662030e+00
3.299537558472546817e+00
3.299972386072952180e+00
3.310489194238416921e+00
3.330761645151426364e+00
3.360389051063235044e+00
3.398909723548313888e+00
3.445815694013558250e+00
3.500567679672884847e+00
3.562609325694700235e+00
3.631379995969462371e+00
3.706325656031501214e+00
3.786907645915265075e+00
3.872609348417785924e+00
3.962940906830895393e+00
4.057442236469833041e+00
4.155684615342758903e+00
4.361836341732311162e+00
4.469045123617680915e+00
4.578591342894705818e+00
4.918590173875848848e+00
5.034940783767081207e+00
5.152468623286891258e+00
5.995631274721898940e+00
6.117611570865418180e+00
6.483947695240503073e+00
6.727882834700419146e+00
