6.500000000000000222e-01
6.550000000000000266e-01
6.600000000000000311e-01
6.650000000000000355e-01
6.700000000000000400e-01
6.750000000000000444e-01
6.800000000000000488e-01
6.850000000000000533e-01
6.900000000000000577e-01
6.950000000000000622e-01
7.000000000000000666e-01
7.050000000000000711e-01
7.100000000000000755e-01
7.150000000000000799e-01
7.200000000000000844e-01
7.250000000000000888e-01
7.300000000000000933e-01
7.350000000000000977e-01
7.400000000000001021e-01
7.450000000000001066e-01
7.500000000000001110e-01
7.550000000000001155e-01
7.600000000000001199e-01
7.650000000000001243e-01
7.700000000000001288e-01
7.750000000000001332e-01
7.800000000000001377e-01
7.850000000000001421e-01
7.900000000000001465e-01
7.950000000000001510e-01
8.000000000000001554e-01
