5.190522053718420459e+00
5.036690390839952514e+00
4.998852194008192917e+00
4.961267767125149497e+00
4.923940164357811788e+00
4.886872505814005230e+00
4.850067978362156751e+00
4.813529836414269347e+00
4.777261402669315871e+00
4.741266068809612655e+00
4.705547296146751712e+00
4.670108616211978259e+00
4.634953631283917908e+00
4.600086014850083060e+00
4.565509511993172787e+00
4.531227939698172058e+00
4.497245187071261086e+00
4.463565215464861069e+00
4.430192058500991514e+00
4.397129821984310460e+00
4.364382683697830778e+00
4.331954893071221058e+00
4.299850770715874404e+00
4.268074707814733415e+00
4.236631165358070383e+00
4.205524673218783427e+00
4.174759829052615778e+00
4.144341297017056114e+00
4.114273806297926050e+00
4.084562149432794165e+00
4.055211180421576245e+00
4.026225812613465571e+00
3.997611016361501068e+00
3.969371816433010736e+00
3.941513289166338474e+00
3.914040559365314476e+00
3.886958796920509496e+00
3.860273213150416272e+00
3.833989056851780042e+00
3.808111610053036333e+00
3.782646183464429157e+00
3.757598111615247927e+00
3.732972747679241365e+00
3.708775457975546974e+00
3.685011616151474545e+00
3.661686597038760205e+00
3.638805770185954636e+00
3.616374493069355101e+00
3.594398103983615034e+00
3.572881914618182275e+00
3.551831202329831072e+00
3.531251202112200449e+00
3.511147098285539503e+00
3.491524015908270329e+00
3.472387011937713819e+00
3.453741066148772632e+00
3.435591071839628530e+00
3.417941826342109746e+00
3.400798021366911783e+00
3.384164233209635775e+00
3.368044912850158834e+00
3.352444375978309132e+00
3.337366792981277808e+00
3.322816178930314557e+00
3.308796383608700875e+00
3.295311081616324245e+00
3.282363762603674573e+00
3.269957721669362272e+00
3.258096049972333930e+00
3.246781625603817112e+00
3.236017104762475061e+00
3.225804913281876019e+00
3.216147238553875631e+00
3.207046021892783649e+00
3.198502951385394866e+00
3.190519455264160698e+00
3.183096695849950919e+00
3.176235564095088559e+00
3.169936674764713747e+00
3.164200362286211821e+00
3.159026677294472840e+00
3.154415383897145819e+00
3.150365957678665563e+00
3.146877584459216060e+00
3.143949159817826189e+00
3.141579289388463980e+00
3.139766289926381848e+00
3.138508191145214177e+00
3.137802738314785511e+00
3.137647395606321332e+00
3.138039350168345010e+00
3.138975516913029562e+00
3.140452543982325651e+00
3.142466818871187062e+00
3.145014475167561940e+00
3.148091399877801955e+00
3.151693241293275438e+00
3.155815417362848319e+00
3.160453124519469803e+00
3.165601346920400960e+00
3.171254866053466070e+00
3.177408270659743295e+00
3.184055966926394809e+00
3.191192188899963256e+00
3.198811009073845302e+00
3.206906349102510934e+00
3.215471990594319873e+00
3.224501585941164539e+00
3.233988669142744410e+00
3.243926666578987650e+00
3.254308907697106790e+00
3.265128635576067584e+00
3.276379017330334875e+00
3.288053154325969007e+00
3.300144092177175636e+00
3.312644830497329274e+00
3.325548332383001515e+00
3.338847533606899898e+00
3.352535351504179584e+00
3.366604693534588133e+00
3.381048465509837175e+00
3.395859579472517265e+00
3.411030961221099389e+00
3.426555557474020741e+00
3.442426342669160366e+00
3.458636325396050371e+00
3.475178554462687863e+00
3.492046124597699475e+00
3.509232181789950999e+00
3.526729928272712034e+00
3.544532627157140681e+00
3.562633606721366863e+00
3.581026264364992606e+00
3.599704070237361275e+00
3.618660570548011712e+00
3.637889390573142645e+00
3.657384237363355606e+00
3.677138902170851598e+00
3.697147262601452322e+00
3.717403284506717309e+00
3.737901023627107744e+00
3.758634626999288741e+00
3.779598334136159643e+00
3.800786477996318524e+00
3.822193485749913577e+00
3.843813879357776742e+00
3.865642275967884789e+00
3.887673388148956022e+00
3.909902023964430207e+00
3.932323086901818421e+00
3.954931575665923127e+00
3.977722583846054150e+00
4.000691299465536588e+00
4.023833004426453641e+00
4.047143073851946937e+00
4.070616975340619170e+00
4.094250268136371496e+00
4.118038602225184697e+00
4.141977717361313260e+00
4.166063442034323216e+00
4.190291692380159638e+00
4.214658471044143262e+00
4.239159865999670096e+00
4.263792049330826117e+00
4.288551275980315047e+00
4.313433882471188419e+00
4.338436285603844311e+00
4.363554981133280997e+00
4.388786542431591720e+00
4.414127619137484970e+00
4.439574935797376831e+00
4.465125290499869948e+00
4.490775553508891349e+00
4.516522665894152411e+00
4.542363638165475059e+00
4.568295548909767412e+00
4.594315543435952165e+00
4.620420832425385704e+00
4.646608690594440816e+00
4.672876455366303361e+00
4.699221525556014356e+00
4.725641360069681163e+00
4.752133476616946517e+00
4.778695450440629600e+00
4.805324913063071968e+00
4.832019551047775252e+00
4.858777104781627720e+00
4.885595367274010670e+00
4.912472182975403001e+00
4.939405446615580786e+00
4.966393102061422482e+00
4.993433141194926428e+00
5.020523602810555985e+00
5.047662571534921483e+00
5.074848176764566787e+00
5.102078591626087345e+00
5.129352031956455171e+00
5.238841804143564040e+00
5.293801429489120025e+00
5.376474644004122894e+00
