4.614317081726779790e+00
4.471145856765017967e+00
4.334330425702228595e+00
4.204238031438469747e+00
4.081255880095448596e+00
3.965787556972053540e+00
3.858247882848347299e+00
3.759056014564152726e+00
3.668626680361225745e+00
3.587359579355327011e+00
3.515627166625907130e+00
3.453761279783052807e+00
3.402039313059524339e+00
3.360670868802649203e+00
3.329785961558941576e+00
3.309425866391662030e+00
3.299537558472546817e+00
3.299972386072952180e+00
3.310489194238416921e+00
3.330761645151426364e+00
3.360389051063126686e+00
3.398909723548420914e+00
3.445815694013663943e+00
3.500567679672884847e+00
3.562609325694803264e+00
3.631379995969462371e+00
3.706325656031501214e+00
3.786907645915168263e+00
3.872609348417692221e+00
3.962940906830895393e+00
4.057442236469923635e+00
