4.320462106803082847e+00
4.210043881893613005e+00
4.109215756236950234e+00
4.018385583572254838e+00
3.937931790061829584e+00
3.868189819161702570e+00
3.809438178789986029e+00
3.761885003729217747e+00
3.725656182251523951e+00
3.700786110425769770e+00
3.687212000812535084e+00
3.684772384343131257e+00
3.693210041143227595e+00
3.712179144517237628e+00
3.741255983090314263e+00
3.779952312092965894e+00
3.827730221739936045e+00
3.884017407773552311e+00
3.948221861980072411e+00
4.019745222735527257e+00
