3.696547670445142586e+01
3.638375605749741482e+01
3.580706148710797265e+01
3.523538016039158549e+01
3.466870397923378277e+01
3.410702815414985167e+01
3.355035004051943304e+01
3.299866819932895368e+01
3.245198164726899392e+01
3.191028926496221985e+01
3.137358933632586044e+01
3.084187919612675444e+01
3.031515496644896501e+01
2.979341136598884177e+01
2.927664157882020390e+01
2.876483717156954611e+01
2.825798804986036217e+01
2.775608244648006462e+01
2.725910693504613747e+01
2.676704646404149202e+01
2.627988440699764183e+01
2.579760262535521775e+01
2.532018154115599273e+01
2.484760021724128620e+01
2.437983644306287445e+01
2.391686682457649127e+01
2.345866687699045627e+01
2.300521111939634622e+01
2.255647317052551770e+01
2.211242584505523823e+01
2.167304125004374171e+01
2.123829088120731257e+01
2.080814571886472919e+01
2.038257632347562520e+01
1.996155293078720305e+01
1.954504554668152139e+01
1.913302404188819494e+01
1.872545824679472304e+01
1.832231804664954566e+01
1.792357347751654828e+01
1.752919482340189461e+01
1.713915271503950422e+01
1.675341823088822579e+01
1.637196300096960044e+01
1.599475931425125985e+01
1.562178023037321672e+01
1.525299969661034361e+01
1.488839267107889164e+01
1.452793525331925650e+01
1.417160482353621553e+01
1.381938019194079459e+01
1.347124175983510064e+01
1.312717169429933861e+01
1.278715411860077467e+01
1.245117532074121058e+01
1.211922398290608704e+01
1.179129143498132848e+01
1.146737193577086877e+01
1.114746298609431818e+01
1.083156567857539621e+01
1.051968508967055271e+01
1.021183072034445338e+01
9.908016992790861011e+00
9.608263811754641281e+00
9.312597200338053938e+00
9.021050021710816935e+00
8.733662799893618711e+00
8.450484654779122806e+00
8.171574368789300991e+00
7.897001605044493999e+00
7.626848299600381687e+00
7.361210253124909286e+00
7.100198950194245739e+00
6.843943636952354304e+00
6.592593689816157898e+00
6.346321308612561829e+00
6.105324566091388405e+00
5.869830840801972371e+00
5.640100649886419681e+00
5.416431879629631574e+00
5.199164380794770501e+00
4.988684847808102951e+00
4.785431829376626034e+00
4.589900615781160376e+00
4.402647607440971278e+00
4.224293585091268177e+00
4.055525074818702613e+00
3.897092744879424586e+00
3.749805521233624983e+00
3.614518933357285135e+00
3.492116209078325983e+00
3.383480969235387104e+00
3.289461175034340101e+00
3.210825333282374405e+00
3.148213783712000335e+00
3.102089842345846726e+00
3.072697064202247752e+00
3.060029230852305826e+00
3.063818395942380146e+00
3.083543510586293834e+00
3.118458520224666852e+00
3.167635479622454397e+00
3.230016159927051156e+00
3.304465256620817026e+00
3.389819428586704042e+00
3.484928359359194427e+00
3.588686120644860367e+00
3.700052829111420305e+00
3.818067704893810532e+00
3.941855182284404790e+00
4.070625830755558283e+00
4.203673686441377733e+00
4.340371312184396757e+00
4.480163594468133503e+00
4.622561002083083181e+00
4.767132797513660591e+00
4.913500512272595877e+00
5.061331866556624703e+00
5.210335222729800542e+00
5.360254601869733904e+00
5.510865254663306345e+00
5.661969755633665002e+00
5.813394577960738552e+00
5.964987101353278476e+00
6.116613004940343323e+00
6.268153999226205642e+00
6.419505854598847705e+00
6.570576687966156904e+00
6.721285473319555948e+00
6.871560746132801434e+00
7.021339475324578139e+00
7.170566079980439156e+00
7.319191571124556539e+00
7.467172801546570149e+00
7.614471809059918606e+00
7.761055240622932949e+00
7.906893846521161784e+00
8.051962035331181156e+00
8.196237481688765314e+00
8.339700780001500391e+00
8.482335138198321189e+00
8.624126106425398675e+00
8.765061336297373273e+00
8.905130366906210071e+00
9.044324434305723415e+00
9.182636301624279795e+00
9.320060107335752519e+00
9.456591229542375743e+00
9.592226164397619215e+00
9.726962417040201814e+00
9.860798403613515006e+00
9.993733363123816105e+00
1.012576727804569288e+01
1.025690080271403382e+01
1.038713519866023738e+01
1.051647227614945734e+01
1.064491434126389002e+01
1.077246414795268947e+01
1.089912485453680269e+01
1.102489998421500239e+01
1.114979338916712415e+01
1.127380921789822388e+01
1.139695188550320282e+01
1.151922604656842353e+01
1.164063657045817202e+01
1.176118851875611249e+01
1.188088712466242924e+01
1.199973777416250620e+01
1.211774598880472276e+01
1.223491740994104759e+01
1.235125778429829069e+01
1.246677295076124992e+01
1.258146882826084756e+01
1.269535140467045586e+01
1.280842672662316062e+01
1.292070089017057199e+01
1.303218003221213905e+01
1.314287032262950561e+01
1.325277795706730188e+01
1.336190915030680948e+01
