5.420000000000000373e-01
5.460000000000000409e-01
5.470000000000000417e-01
5.480000000000000426e-01
5.490000000000000435e-01
5.500000000000000444e-01
5.510000000000000453e-01
5.520000000000000462e-01
5.530000000000000471e-01
5.540000000000000480e-01
5.550000000000000488e-01
5.560000000000000497e-01
5.570000000000000506e-01
5.580000000000000515e-01
5.590000000000000524e-01
5.600000000000000533e-01
5.610000000000000542e-01
5.620000000000000551e-01
5.630000000000000560e-01
5.640000000000000568e-01
5.650000000000000577e-01
5.660000000000000586e-01
5.670000000000000595e-01
5.680000000000000604e-01
5.690000000000000613e-01
5.700000000000000622e-01
5.710000000000000631e-01
5.720000000000000639e-01
5.730000000000000648e-01
5.740000000000000657e-01
5.750000000000000666e-01
5.760000000000000675e-01
5.770000000000000684e-01
5.780000000000000693e-01
5.790000000000000702e-01
5.800000000000000711e-01
5.810000000000000719e-01
5.820000000000000728e-01
5.830000000000000737e-01
5.840000000000000746e-01
5.850000000000000755e-01
5.860000000000000764e-01
5.870000000000000773e-01
5.880000000000000782e-01
5.890000000000000790e-01
5.900000000000000799e-01
5.910000000000000808e-01
5.920000000000000817e-01
5.930000000000000826e-01
5.940000000000000835e-01
5.950000000000000844e-01
5.960000000000000853e-01
5.970000000000000862e-01
5.980000000000000870e-01
5.990000000000000879e-01
6.000000000000000888e-01
6.010000000000000897e-01
6.020000000000000906e-01
6.030000000000000915e-01
6.040000000000000924e-01
6.050000000000000933e-01
6.060000000000000941e-01
6.070000000000000950e-01
6.080000000000000959e-01
6.090000000000000968e-01
6.100000000000000977e-01
6.110000000000000986e-01
6.120000000000000995e-01
6.130000000000001004e-01
6.140000000000001013e-01
6.150000000000001021e-01
6.160000000000001030e-01
6.170000000000001039e-01
6.180000000000001048e-01
6.190000000000001057e-01
6.200000000000001066e-01
6.210000000000001075e-01
6.220000000000001084e-01
6.230000000000001092e-01
6.240000000000001101e-01
6.250000000000001110e-01
6.260000000000001119e-01
6.270000000000001128e-01
6.280000000000001137e-01
6.290000000000001146e-01
6.300000000000001155e-01
6.310000000000001164e-01
6.320000000000001172e-01
6.330000000000001181e-01
6.340000000000001190e-01
6.350000000000001199e-01
6.360000000000001208e-01
6.370000000000001217e-01
6.380000000000001226e-01
6.390000000000001235e-01
6.400000000000001243e-01
6.410000000000001252e-01
6.420000000000001261e-01
6.430000000000001270e-01
6.440000000000001279e-01
6.450000000000001288e-01
6.460000000000001297e-01
6.470000000000001306e-01
6.480000000000001315e-01
6.490000000000001323e-01
6.500000000000001332e-01
6.510000000000001341e-01
6.520000000000001350e-01
6.530000000000001359e-01
6.540000000000001368e-01
6.550000000000001377e-01
6.560000000000001386e-01
6.570000000000001394e-01
6.580000000000001403e-01
6.590000000000001412e-01
6.600000000000001421e-01
6.610000000000001430e-01
6.620000000000001439e-01
6.630000000000001448e-01
6.640000000000001457e-01
6.650000000000001465e-01
6.660000000000001474e-01
6.670000000000001483e-01
6.680000000000001492e-01
6.690000000000001501e-01
6.700000000000001510e-01
6.710000000000001519e-01
6.720000000000001528e-01
6.730000000000001537e-01
6.740000000000001545e-01
6.750000000000001554e-01
6.760000000000001563e-01
6.770000000000001572e-01
6.780000000000001581e-01
6.790000000000001590e-01
6.800000000000001599e-01
6.810000000000001608e-01
6.820000000000001616e-01
6.830000000000001625e-01
6.840000000000001634e-01
6.850000000000001643e-01
6.860000000000001652e-01
6.870000000000001661e-01
6.880000000000001670e-01
6.890000000000001679e-01
6.900000000000001688e-01
6.910000000000001696e-01
6.920000000000001705e-01
6.930000000000001714e-01
6.940000000000001723e-01
6.950000000000001732e-01
6.960000000000001741e-01
6.970000000000001750e-01
6.980000000000001759e-01
6.990000000000001767e-01
7.000000000000001776e-01
7.010000000000001785e-01
7.020000000000001794e-01
7.030000000000001803e-01
7.040000000000001812e-01
7.050000000000001821e-01
7.060000000000001830e-01
7.070000000000001839e-01
7.080000000000001847e-01
7.090000000000001856e-01
7.100000000000001865e-01
7.110000000000001874e-01
7.120000000000001883e-01
7.130000000000001892e-01
7.140000000000001901e-01
7.150000000000001910e-01
7.160000000000001918e-01
7.170000000000001927e-01
7.180000000000001936e-01
7.190000000000001945e-01
7.200000000000001954e-01
7.210000000000001963e-01
7.220000000000001972e-01
7.230000000000001981e-01
7.240000000000001990e-01
7.250000000000001998e-01
7.260000000000002007e-01
7.270000000000002016e-01
7.280000000000002025e-01
7.290000000000002034e-01
7.300000000000002043e-01
7.310000000000002052e-01
7.320000000000002061e-01
7.330000000000002069e-01
7.340000000000002078e-01
7.360000000000002096e-01
7.370000000000002105e-01
7.390000000000002123e-01
7.400000000000002132e-01
7.410000000000002141e-01
7.420000000000002149e-01
7.450000000000002176e-01
7.460000000000002185e-01
7.500000000000002220e-01
7.520000000000002238e-01
7.560000000000002274e-01
7.580000000000002292e-01
