GH1- 1a sun compass orientation
      0  23.6  59.0   0.0   0.0   1.0
NRM    288.2  33.3 288.2  33.3 5.00E-03 000.3 241.9  84.9 1.836366 1.782065 0.559550 hargrave 2021-04-13 17:44:34 
AF  10 288.3  33.2 288.3  33.2 4.99E-03 000.3 242.7  85.0 1.873615 1.786229 0.569951 hargrave 2021-04-13 17:46:00 
AF  20 288.3  33.1 288.3  33.1 4.98E-03 000.3 243.1  85.0 1.870620 1.787268 0.561227 hargrave 2021-04-13 17:47:22 
AF  30 288.3  33.1 288.3  33.1 4.97E-03 000.3 243.6  85.0 1.868386 1.856251 0.562200 hargrave 2021-04-13 17:48:47 
AF  40 288.3  33.1 288.3  33.1 4.97E-03 000.3 244.0  85.1 1.855170 1.924551 0.562968 hargrave 2021-04-13 17:50:09 
AF  50 288.3  33.0 288.3  33.0 4.96E-03 000.3 244.6  85.1 1.847114 1.864283 0.562020 hargrave 2021-04-13 17:51:32 
AF  60 288.3  32.9 288.3  32.9 4.95E-03 000.3 245.2  85.1 1.835712 2.012786 0.558568 hargrave 2021-04-13 17:52:56 
AF  70 288.3  32.9 288.3  32.9 4.94E-03 000.3 246.2  85.1 1.828215 1.738209 0.565504 hargrave 2021-04-13 17:54:20 
AF  80 288.3  32.8 288.3  32.8 4.92E-03 000.3 247.1  85.1 1.823781 1.733197 0.549142 hargrave 2021-04-13 17:55:41 
AF  90 288.2  32.7 288.2  32.7 4.90E-03 000.3 248.3  85.1 1.835987 1.751692 0.557241 hargrave 2021-04-13 17:57:04 
AF 100 288.2  32.6 288.2  32.6 4.88E-03 000.3 249.3  85.1 1.811454 1.702301 0.541549 hargrave 2021-04-13 17:58:26 
AF 120 288.1  32.4 288.1  32.4 4.82E-03 000.3 251.6  85.1 1.784943 1.739196 0.533318 hargrave 2021-04-13 17:59:53 
AF 140 288.0  32.2 288.0  32.2 4.74E-03 000.3 253.9  85.1 1.750828 1.682072 0.541194 hargrave 2021-04-13 18:01:15 
AF 160 288.0  32.1 288.0  32.1 4.64E-03 000.3 255.7  85.1 1.729913 1.625395 0.527483 hargrave 2021-04-13 18:02:41 
AF 180 287.9  31.9 287.9  31.9 4.54E-03 000.3 257.4  85.1 1.703035 1.637890 0.512261 hargrave 2021-04-13 18:04:03 
AF 200 287.9  31.8 287.9  31.8 4.41E-03 000.3 259.3  85.1 1.645661 1.549526 0.496454 hargrave 2021-04-13 18:05:28 
AF 250 287.8  31.6 287.8  31.6 4.05E-03 000.3 261.6  85.0 1.492376 1.408157 0.447944 hargrave 2021-04-13 18:06:53 
AF 300 287.8  31.5 287.8  31.5 3.59E-03 000.3 263.1  85.0 1.307248 1.253950 0.397987 hargrave 2021-04-13 18:08:17 
AF 350 287.9  31.4 287.9  31.4 3.12E-03 000.3 263.7  85.1 1.133604 1.086512 0.338986 hargrave 2021-04-13 18:09:44 
AF 400 287.8  31.4 287.8  31.4 2.68E-03 000.3 263.5  85.0 0.958655 0.944193 0.298468 hargrave 2021-04-13 18:11:07 
AF 450 287.9  31.3 287.9  31.3 2.30E-03 000.3 264.6  85.1 0.813939 0.847348 0.239097 hargrave 2021-04-13 18:12:29 
AF 500 287.9  31.4 287.9  31.4 1.98E-03 000.3 263.5  85.1 0.710956 0.733229 0.216461 hargrave 2021-04-13 18:13:52 
AF 550 288.0  31.3 288.0  31.3 1.72E-03 000.3 264.6  85.2 0.613535 0.608976 0.182764 hargrave 2021-04-13 18:15:14 
AF 600 288.1  31.2 288.1  31.2 1.53E-03 000.3 265.6  85.3 0.543253 0.545643 0.150262 hargrave 2021-04-13 18:16:36 
AF 650 288.1  31.2 288.1  31.2 1.38E-03 000.3 266.1  85.3 0.511154 0.472952 0.144398 hargrave 2021-04-13 18:17:58 
AF 700 288.0  31.2 288.0  31.2 1.27E-03 000.3 265.7  85.2 0.433491 0.459651 0.125543 hargrave 2021-04-13 18:19:20 
AF 750 288.1  31.3 288.1  31.3 1.19E-03 000.3 265.2  85.3 0.418406 0.433530 0.114464 hargrave 2021-04-13 18:20:42 
AF 800 288.0  31.2 288.0  31.2 1.12E-03 000.3 266.1  85.2 0.409776 0.406757 0.108452 hargrave 2021-04-13 18:22:05 
AF 850 287.9  31.2 287.9  31.2 1.08E-03 000.3 265.8  85.1 0.378894 0.391237 0.115953 hargrave 2021-04-13 18:23:27 
AF 900 288.0  31.2 288.0  31.2 1.04E-03 000.3 265.8  85.2 0.347957 0.388098 0.109589 hargrave 2021-04-13 18:24:50 
AF 950 288.1  31.3 288.1  31.3 1.02E-03 000.3 265.2  85.3 0.348603 0.380409 0.106898 hargrave 2021-04-13 18:26:12 
AF1000 287.8  30.8 287.8  30.8 9.99E-04 000.3 270.4  85.0 0.350986 0.400540 0.097133 hargrave 2021-04-13 18:27:35 
AF1050 288.0  31.2 288.0  31.2 9.78E-04 000.3 266.5  85.2 0.340862 0.366619 0.093423 hargrave 2021-04-13 18:28:59 
AF1100 287.9  31.2 287.9  31.2 9.68E-04 000.3 266.4  85.1 0.336761 0.368305 0.093468 hargrave 2021-04-13 18:30:22 
AF1150 288.0  31.2 288.0  31.2 9.56E-04 000.3 266.0  85.2 0.337164 0.358008 0.101345 hargrave 2021-04-13 18:31:45 
AF1200 288.1  31.3 288.1  31.3 9.49E-04 000.3 265.3  85.3 0.345159 0.357185 0.090012 hargrave 2021-04-13 18:33:09 
AF1250 288.0  31.3 288.0  31.3 9.41E-04 000.3 265.3  85.2 0.343515 0.360831 0.102819 hargrave 2021-04-13 18:34:35 
AF1300 287.9  31.1 287.9  31.1 9.37E-04 000.3 266.8  85.1 0.333574 0.352778 0.089476 hargrave 2021-04-13 18:36:00 
