GH1- 3a sun compass orientation
      0  25.0  58.0   0.0   0.0   1.0
NRM    288.2  33.6 288.2  33.6 4.90E-03 000.3 252.4  84.1 1.856362 1.679915 0.476961 hargrave 2021-04-13 19:30:18 
AF  10 288.2  33.8 288.2  33.8 4.88E-03 000.3 251.0  84.1 1.871145 1.708700 0.508820 hargrave 2021-04-13 19:31:40 
AF  20 288.3  33.8 288.3  33.8 4.87E-03 000.3 250.4  84.1 1.881402 1.702639 0.507312 hargrave 2021-04-13 19:33:02 
AF  30 288.3  33.8 288.3  33.8 4.86E-03 000.3 250.2  84.0 1.885445 1.739039 0.501512 hargrave 2021-04-13 19:34:24 
AF  40 288.2  33.9 288.2  33.9 4.85E-03 000.3 250.0  84.0 1.890154 1.733299 0.507446 hargrave 2021-04-13 19:35:47 
AF  50 288.2  33.9 288.2  33.9 4.84E-03 000.3 250.1  84.0 1.879084 1.792351 0.489927 hargrave 2021-04-13 19:37:08 
AF  60 288.2  33.8 288.2  33.8 4.83E-03 000.3 250.3  84.0 1.877378 1.715391 0.505253 hargrave 2021-04-13 19:38:30 
AF  70 288.2  33.8 288.2  33.8 4.82E-03 000.3 250.7  84.0 1.860842 1.718389 0.510037 hargrave 2021-04-13 19:39:52 
AF  80 288.2  33.7 288.2  33.7 4.80E-03 000.3 251.3  84.0 1.868883 1.710271 0.502249 hargrave 2021-04-13 19:41:14 
AF  90 288.2  33.7 288.2  33.7 4.77E-03 000.3 252.1  84.0 1.879901 1.727827 0.495190 hargrave 2021-04-13 19:42:37 
AF 100 288.1  33.6 288.1  33.6 4.75E-03 000.3 252.8  84.0 1.845369 1.672589 0.492719 hargrave 2021-04-13 19:43:59 
AF 120 288.0  33.4 288.0  33.4 4.69E-03 000.3 254.4  84.0 1.825483 1.688016 0.487155 hargrave 2021-04-13 19:45:21 
AF 140 288.0  33.3 288.0  33.3 4.60E-03 000.3 255.8  83.9 1.798017 1.614001 0.473679 hargrave 2021-04-13 19:46:43 
AF 160 287.8  33.1 287.8  33.1 4.51E-03 000.3 257.4  83.9 1.729068 1.634788 0.438155 hargrave 2021-04-13 19:48:53 
AF 180 287.8  33.0 287.8  33.0 4.39E-03 000.3 258.4  83.8 1.681177 1.557662 0.432827 hargrave 2021-04-13 19:50:16 
AF 200 287.7  32.9 287.7  32.9 4.26E-03 000.3 259.3  83.8 1.661536 1.515966 0.433218 hargrave 2021-04-13 19:51:38 
AF 250 287.7  32.7 287.7  32.7 3.90E-03 000.3 261.4  83.8 1.479070 1.373312 0.395231 hargrave 2021-04-13 19:52:59 
AF 300 287.6  32.6 287.6  32.6 3.44E-03 000.3 262.3  83.7 1.351368 1.215966 0.340854 hargrave 2021-04-13 19:54:21 
AF 350 287.5  32.5 287.5  32.5 3.01E-03 000.3 263.1  83.7 1.151107 1.077365 0.291970 hargrave 2021-04-13 19:55:42 
AF 400 287.5  32.5 287.5  32.5 2.58E-03 000.3 263.4  83.7 0.976366 0.929656 0.251459 hargrave 2021-04-13 19:57:04 
AF 450 287.6  32.3 287.6  32.3 2.22E-03 000.3 264.9  83.7 0.832377 0.818150 0.213343 hargrave 2021-04-13 19:58:26 
AF 500 287.6  32.3 287.6  32.3 1.90E-03 000.3 265.1  83.7 0.697577 0.667126 0.189145 hargrave 2021-04-13 19:59:48 
AF 550 287.5  32.4 287.5  32.4 1.66E-03 000.3 264.7  83.7 0.636193 0.575405 0.169541 hargrave 2021-04-13 20:01:09 
AF 600 287.8  32.1 287.8  32.1 1.48E-03 000.3 266.9  83.9 0.562492 0.514856 0.145071 hargrave 2021-04-13 20:02:31 
AF 650 287.8  32.1 287.8  32.1 1.33E-03 000.3 267.0  83.9 0.501589 0.482976 0.121307 hargrave 2021-04-13 20:03:53 
AF 700 287.7  32.2 287.7  32.2 1.23E-03 000.3 266.6  83.8 0.431522 0.435774 0.114391 hargrave 2021-04-13 20:05:15 
AF 750 287.7  32.3 287.7  32.3 1.15E-03 000.3 265.6  83.8 0.419908 0.426215 0.116845 hargrave 2021-04-13 20:06:36 
AF 800 287.8  32.2 287.8  32.2 1.08E-03 000.3 266.5  83.9 0.406081 0.398458 0.111859 hargrave 2021-04-13 20:07:59 
AF 850 288.0  32.1 288.0  32.1 1.03E-03 000.3 267.1  84.1 0.362670 0.391743 0.092629 hargrave 2021-04-13 20:09:21 
AF 900 287.9  32.0 287.9  32.0 1.01E-03 000.3 268.3  84.0 0.389229 0.406211 0.091887 hargrave 2021-04-13 20:10:44 
AF 950 287.9  32.0 287.9  32.0 9.76E-04 000.3 268.1  84.0 0.395572 0.386877 0.100501 hargrave 2021-04-13 20:12:07 
AF1000 287.6  32.1 287.6  32.1 9.54E-04 000.3 266.7  83.8 0.353257 0.366027 0.103037 hargrave 2021-04-13 20:13:29 
AF1050 287.6  31.8 287.6  31.8 9.34E-04 000.3 270.2  83.7 0.345886 0.384220 0.097387 hargrave 2021-04-13 20:14:52 
AF1100 287.8  31.8 287.8  31.8 9.25E-04 000.3 270.2  83.8 0.355908 0.383590 0.092582 hargrave 2021-04-13 20:16:15 
AF1150 287.9  31.6 287.9  31.6 9.18E-04 000.3 272.3  84.0 0.342388 0.350501 0.095457 hargrave 2021-04-13 20:17:38 
AF1200 287.9  31.7 287.9  31.7 9.07E-04 000.3 270.8  83.9 0.331207 0.335749 0.093267 hargrave 2021-04-13 20:19:03 
AF1250 288.1  31.8 288.1  31.8 8.99E-04 000.3 269.9  84.1 0.353559 0.360993 0.082486 hargrave 2021-04-13 20:20:27 
AF1300 288.0  31.7 288.0  31.7 8.91E-04 000.3 271.3  84.0 0.332760 0.332924 0.083479 hargrave 2021-04-13 20:21:53 
