GH1- 2a sun compass orientation
      0  22.3  55.0   0.0   0.0   1.0
NRM    288.9  32.0 288.9  32.0 4.88E-03 000.3 315.3  85.9 1.592068 1.516888 0.272980 hargrave 2021-04-13 18:37:35 
AF  10 289.0  31.9 289.0  31.9 4.86E-03 000.3 317.3  85.9 1.599091 1.514663 0.257911 hargrave 2021-04-13 18:39:01 
AF  20 289.1  31.9 289.1  31.9 4.84E-03 000.3 318.3  85.9 1.633001 1.525163 0.256823 hargrave 2021-04-13 18:40:23 
AF  30 289.1  31.9 289.1  31.9 4.84E-03 000.3 318.9  85.9 1.623997 1.538846 0.255295 hargrave 2021-04-13 18:41:45 
AF  40 289.2  31.9 289.2  31.9 4.83E-03 000.3 319.6  85.9 1.627982 1.499335 0.253787 hargrave 2021-04-13 18:43:07 
AF  50 289.2  31.8 289.2  31.8 4.82E-03 000.3 320.1  85.9 1.613787 1.488986 0.253163 hargrave 2021-04-13 18:44:28 
AF  60 289.2  31.8 289.2  31.8 4.81E-03 000.3 320.7  85.9 1.611851 1.493626 0.251854 hargrave 2021-04-13 18:45:54 
AF  70 289.2  31.7 289.2  31.7 4.80E-03 000.2 320.6  85.8 1.617449 1.162839 0.259569 hargrave 2021-04-13 18:47:16 
AF  80 289.3  31.6 289.3  31.6 4.78E-03 000.3 322.2  85.8 1.586186 1.507221 0.255108 hargrave 2021-04-13 18:48:38 
AF  90 289.3  31.5 289.3  31.5 4.76E-03 000.3 323.0  85.7 1.592868 1.462280 0.254815 hargrave 2021-04-13 18:50:00 
AF 100 289.2  31.4 289.2  31.4 4.73E-03 000.3 323.2  85.6 1.582251 1.459077 0.261372 hargrave 2021-04-13 18:51:21 
AF 120 289.2  31.2 289.2  31.2 4.67E-03 000.3 324.7  85.4 1.612538 1.492775 0.251225 hargrave 2021-04-13 18:52:43 
AF 140 289.2  31.1 289.2  31.1 4.58E-03 000.3 325.8  85.3 1.524344 1.405141 0.255122 hargrave 2021-04-13 18:54:05 
AF 160 289.2  30.9 289.2  30.9 4.49E-03 000.3 326.6  85.1 1.512118 1.395256 0.248553 hargrave 2021-04-13 18:55:31 
AF 180 289.1  30.8 289.1  30.8 4.38E-03 000.3 327.0  85.0 1.445668 1.362277 0.252422 hargrave 2021-04-13 18:56:53 
AF 200 289.1  30.6 289.1  30.6 4.26E-03 000.3 327.8  84.9 1.429693 1.333573 0.247591 hargrave 2021-04-13 18:58:16 
AF 250 289.1  30.4 289.1  30.4 3.91E-03 000.3 328.7  84.7 1.298179 1.197879 0.236212 hargrave 2021-04-13 18:59:41 
AF 300 289.1  30.2 289.1  30.2 3.48E-03 000.3 329.5  84.5 1.157599 1.056578 0.213492 hargrave 2021-04-13 19:01:04 
AF 350 289.0  30.1 289.0  30.1 3.02E-03 000.3 329.4  84.4 1.020918 0.976195 0.189123 hargrave 2021-04-13 19:02:26 
AF 400 289.0  30.0 289.0  30.0 2.61E-03 000.3 330.3  84.3 0.895594 0.823924 0.162206 hargrave 2021-04-13 19:03:48 
AF 450 289.2  29.9 289.2  29.9 2.24E-03 000.2 331.6  84.3 0.654694 0.671084 0.136607 hargrave 2021-04-13 19:05:13 
AF 500 289.1  29.9 289.1  29.9 1.91E-03 000.3 331.0  84.2 0.627264 0.597642 0.114975 hargrave 2021-04-13 19:06:35 
AF 550 289.2  29.8 289.2  29.8 1.66E-03 000.3 332.6  84.2 0.554077 0.523632 0.103429 hargrave 2021-04-13 19:07:57 
AF 600 289.4  29.8 289.4  29.8 1.47E-03 000.3 333.9  84.2 0.512126 0.492856 0.088606 hargrave 2021-04-13 19:09:19 
AF 650 289.4  29.7 289.4  29.7 1.34E-03 000.3 334.0  84.2 0.446349 0.409996 0.078024 hargrave 2021-04-13 19:10:41 
AF 700 289.3  29.7 289.3  29.7 1.24E-03 000.3 333.5  84.1 0.429805 0.403930 0.073911 hargrave 2021-04-13 19:12:03 
AF 750 289.5  29.6 289.5  29.6 1.15E-03 000.3 335.7  84.1 0.380927 0.376854 0.066115 hargrave 2021-04-13 19:13:24 
AF 800 289.3  29.5 289.3  29.5 1.07E-03 000.2 334.5  84.0 0.357876 0.264058 0.061577 hargrave 2021-04-13 19:14:47 
AF 850 289.5  29.6 289.5  29.6 1.04E-03 000.3 335.8  84.1 0.370992 0.330291 0.057195 hargrave 2021-04-13 19:16:09 
AF 900 289.7  29.6 289.7  29.6 1.01E-03 000.3 336.8  84.2 0.338430 0.295087 0.048658 hargrave 2021-04-13 19:17:31 
AF 950 289.8  29.5 289.8  29.5 9.82E-04 000.3 338.2  84.1 0.324184 0.287254 0.048537 hargrave 2021-04-13 19:18:57 
AF1000 289.4  29.5 289.4  29.5 9.61E-04 000.3 335.0  84.0 0.327963 0.311455 0.051062 hargrave 2021-04-13 19:20:20 
AF1050 288.9  29.2 288.9  29.2 9.44E-04 000.3 332.5  83.5 0.322614 0.275077 0.059100 hargrave 2021-04-13 19:21:43 
AF1100 289.9  29.8 289.9  29.8 9.31E-04 000.3 337.9  84.4 0.323810 0.304301 0.043039 hargrave 2021-04-13 19:23:09 
AF1150 289.0  29.4 289.0  29.4 9.15E-04 000.3 332.6  83.8 0.319773 0.326253 0.052524 hargrave 2021-04-13 19:24:33 
AF1200 289.4  29.5 289.4  29.5 9.04E-04 000.3 335.0  84.0 0.292421 0.309895 0.049559 hargrave 2021-04-13 19:25:56 
AF1250 289.7  29.2 289.7  29.2 9.03E-04 000.3 339.0  83.8 0.312074 0.311446 0.045581 hargrave 2021-04-13 19:27:20 
AF1300 290.0  29.1 290.0  29.1 8.95E-04 000.3 341.3  83.8 0.307859 0.314871 0.043558 hargrave 2021-04-13 19:28:46 
