GH1- 4a sun compass orientation
      0  68.0  76.0   0.0   0.0   1.0
NRM    289.3  45.4 289.3  45.4 6.98E-03 000.5 222.3  38.5 3.034685 2.878170 4.113042 hargrave 2021-04-13 20:23:23 
AF  10 289.3  45.4 289.3  45.4 6.97E-03 000.5 222.3  38.4 3.465226 2.852920 4.169282 hargrave 2021-04-13 20:24:46 
AF  20 289.3  45.4 289.3  45.4 6.96E-03 000.5 222.3  38.4 3.249409 2.756518 4.163100 hargrave 2021-04-13 20:26:08 
AF  30 289.2  45.4 289.2  45.4 6.96E-03 000.5 222.4  38.4 3.334268 2.847053 4.165635 hargrave 2021-04-13 20:27:30 
AF  40 289.2  45.4 289.2  45.4 6.96E-03 000.5 222.4  38.4 3.354394 2.739313 4.148494 hargrave 2021-04-13 20:30:30 
AF  50 289.2  45.4 289.2  45.4 6.95E-03 000.5 222.4  38.4 3.364193 2.775770 4.185112 hargrave 2021-04-13 20:31:52 
AF  60 289.1  45.4 289.1  45.4 6.94E-03 000.5 222.5  38.4 3.412739 2.932316 4.166982 hargrave 2021-04-13 20:33:14 
AF  70 289.1  45.3 289.1  45.3 6.93E-03 000.5 222.5  38.4 3.402638 2.840145 4.170116 hargrave 2021-04-13 20:34:36 
AF  80 289.1  45.3 289.1  45.3 6.91E-03 000.5 222.5  38.3 3.489323 2.794659 4.155643 hargrave 2021-04-13 20:35:58 
AF  90 289.0  45.3 289.0  45.3 6.89E-03 000.5 222.6  38.3 3.353624 2.966534 4.144758 hargrave 2021-04-13 20:37:20 
AF 100 289.0  45.3 289.0  45.3 6.87E-03 000.5 222.6  38.3 3.446407 2.879286 4.120429 hargrave 2021-04-13 20:38:43 
AF 120 288.9  45.2 288.9  45.2 6.82E-03 000.5 222.7  38.3 3.480809 2.921465 4.098888 hargrave 2021-04-13 20:40:05 
AF 140 288.8  45.1 288.8  45.1 6.75E-03 000.5 222.8  38.2 3.370489 2.780590 4.039804 hargrave 2021-04-13 20:41:28 
AF 160 288.7  45.1 288.7  45.1 6.67E-03 000.5 222.9  38.2 3.271514 2.794157 4.013175 hargrave 2021-04-13 20:42:50 
AF 180 288.6  45.0 288.6  45.0 6.56E-03 000.5 223.0  38.1 3.239189 2.687370 3.945797 hargrave 2021-04-13 20:44:12 
AF 200 288.6  45.0 288.6  45.0 6.43E-03 000.5 223.1  38.2 3.168695 2.668747 3.825605 hargrave 2021-04-13 20:47:13 
AF 250 288.5  44.8 288.5  44.8 6.00E-03 000.5 223.3  38.1 2.895398 2.429836 3.581659 hargrave 2021-04-13 20:50:13 
AF 300 288.4  44.8 288.4  44.8 5.37E-03 000.5 223.3  38.1 2.646458 2.275385 3.233050 hargrave 2021-04-13 20:51:36 
AF 350 288.3  44.8 288.3  44.8 4.65E-03 000.5 223.4  38.0 2.257110 1.907770 2.802223 hargrave 2021-04-13 20:52:58 
AF 400 288.5  44.7 288.5  44.7 3.97E-03 000.5 223.4  38.2 1.973806 1.549117 2.370352 hargrave 2021-04-13 20:54:21 
AF 450 288.5  44.7 288.5  44.7 3.35E-03 000.5 223.4  38.2 1.620062 1.369578 2.026601 hargrave 2021-04-13 20:55:43 
AF 500 288.6  44.8 288.6  44.8 2.83E-03 000.5 223.3  38.2 1.390235 1.129353 1.715385 hargrave 2021-04-13 20:57:05 
AF 550 288.0  44.9 288.0  44.9 2.41E-03 000.5 223.3  37.7 1.165382 0.994472 1.451974 hargrave 2021-04-13 20:58:27 
AF 600 288.5  44.8 288.5  44.8 2.12E-03 000.5 223.3  38.1 1.018816 0.876647 1.280015 hargrave 2021-04-13 20:59:50 
AF 650 288.4  44.8 288.4  44.8 1.90E-03 000.5 223.3  38.1 0.931867 0.777360 1.151380 hargrave 2021-04-13 21:01:12 
AF 700 287.8  45.0 287.8  45.0 1.72E-03 000.5 223.3  37.6 0.832093 0.673654 1.040359 hargrave 2021-04-13 21:03:24 
AF 750 287.9  45.1 287.9  45.1 1.60E-03 000.5 223.2  37.7 0.743053 0.660581 0.971629 hargrave 2021-04-13 21:04:47 
AF 800 288.3  44.9 288.3  44.9 1.52E-03 000.5 223.2  38.0 0.736340 0.670843 0.915488 hargrave 2021-04-13 21:06:08 
AF 850 288.2  45.0 288.2  45.0 1.45E-03 000.5 223.1  37.9 0.681112 0.589612 0.879046 hargrave 2021-04-13 21:07:31 
AF 900 288.1  45.0 288.1  45.0 1.40E-03 000.5 223.2  37.8 0.687783 0.607653 0.851824 hargrave 2021-04-13 21:08:54 
AF 950 288.0  45.0 288.0  45.0 1.36E-03 000.5 223.3  37.8 0.654401 0.541819 0.835371 hargrave 2021-04-13 21:10:17 
AF1000 287.9  45.0 287.9  45.0 1.33E-03 000.5 223.3  37.7 0.630225 0.557394 0.815757 hargrave 2021-04-13 21:11:39 
AF1050 288.1  45.0 288.1  45.0 1.31E-03 000.5 223.2  37.8 0.632608 0.549958 0.799608 hargrave 2021-04-13 21:13:03 
AF1100 288.3  45.1 288.3  45.1 1.29E-03 000.5 223.0  37.9 0.597473 0.521369 0.785571 hargrave 2021-04-13 21:14:26 
AF1150 288.0  45.0 288.0  45.0 1.28E-03 000.5 223.2  37.7 0.623859 0.567406 0.774799 hargrave 2021-04-13 21:15:50 
AF1200 288.2  45.1 288.2  45.1 1.26E-03 000.5 223.0  37.8 0.555773 0.504309 0.765122 hargrave 2021-04-13 21:17:14 
AF1250 287.9  45.0 287.9  45.0 1.25E-03 000.5 223.2  37.7 0.572069 0.497055 0.769466 hargrave 2021-04-13 21:18:38 
AF1300 288.1  44.9 288.1  44.9 1.24E-03 000.5 223.3  37.8 0.559722 0.468983 0.753547 hargrave 2021-04-13 21:20:03 
