GH1- 8a sun compass orientation
      0  51.3  37.0   0.0   0.0   1.0
NRM    290.7  34.5 290.7  34.5 7.73E-03 000.3 298.3  61.5 3.245828 2.053211 2.577178 hargrave 2021-04-14 00:02:24 
AF  10 290.7  34.4 290.7  34.4 7.72E-03 000.3 298.4  61.5 3.278389 2.272153 2.581230 hargrave 2021-04-14 00:03:47 
AF  20 290.7  34.4 290.7  34.4 7.71E-03 000.3 298.5  61.5 3.252888 2.065735 2.613530 hargrave 2021-04-14 00:05:09 
AF  30 290.7  34.4 290.7  34.4 7.71E-03 000.3 298.5  61.5 3.226780 2.017020 2.596538 hargrave 2021-04-14 00:07:25 
AF  40 290.7  34.3 290.7  34.3 7.70E-03 000.3 298.5  61.4 3.253756 2.060362 2.600476 hargrave 2021-04-14 00:08:48 
AF  50 290.7  34.3 290.7  34.3 7.70E-03 000.3 298.6  61.4 3.213034 2.069864 2.618471 hargrave 2021-04-14 00:10:10 
AF  60 290.7  34.2 290.7  34.2 7.69E-03 000.3 298.6  61.3 3.305869 2.232305 2.590687 hargrave 2021-04-14 00:11:33 
AF  70 290.7  34.2 290.7  34.2 7.68E-03 000.3 298.6  61.3 3.201326 2.066840 2.597894 hargrave 2021-04-14 00:12:55 
AF  80 290.6  34.2 290.6  34.2 7.67E-03 000.3 298.7  61.3 3.282270 2.098108 2.592175 hargrave 2021-04-14 00:14:18 
AF  90 290.6  34.1 290.6  34.1 7.64E-03 000.3 298.7  61.2 3.254627 2.068175 2.595493 hargrave 2021-04-14 00:15:41 
AF 100 290.6  34.0 290.6  34.0 7.62E-03 000.3 298.7  61.1 3.234549 2.080966 2.617578 hargrave 2021-04-14 00:17:03 
AF 120 290.5  34.0 290.5  34.0 7.56E-03 000.3 298.8  61.0 3.242465 2.066553 2.574855 hargrave 2021-04-14 00:18:26 
AF 140 290.4  33.8 290.4  33.8 7.48E-03 000.3 298.8  60.9 3.216574 2.012538 2.560827 hargrave 2021-04-14 00:19:49 
AF 160 290.4  33.8 290.4  33.8 7.38E-03 000.3 298.8  60.8 2.390233 2.019092 2.538517 hargrave 2021-04-14 00:21:12 
AF 180 290.3  33.7 290.3  33.7 7.26E-03 000.3 298.9  60.7 2.992249 1.900860 2.502321 hargrave 2021-04-14 00:23:24 
AF 200 290.3  33.6 290.3  33.6 7.11E-03 000.3 298.9  60.7 3.025179 1.917466 2.460783 hargrave 2021-04-14 00:24:46 
AF 250 290.2  33.5 290.2  33.5 6.64E-03 000.3 299.0  60.5 2.893501 1.849988 2.303719 hargrave 2021-04-14 00:26:09 
AF 300 290.2  33.5 290.2  33.5 6.02E-03 000.3 299.0  60.5 2.586677 1.638504 2.106743 hargrave 2021-04-14 00:27:32 
AF 350 290.1  33.4 290.1  33.4 5.31E-03 000.3 298.9  60.4 2.247594 1.441482 1.870459 hargrave 2021-04-14 00:28:55 
AF 400 290.1  33.3 290.1  33.3 4.62E-03 000.3 299.0  60.3 1.958406 1.262694 1.630384 hargrave 2021-04-14 00:30:19 
AF 450 289.9  33.3 289.9  33.3 3.98E-03 000.3 298.8  60.2 1.660718 1.064819 1.433133 hargrave 2021-04-14 00:31:41 
AF 500 289.7  33.3 289.7  33.3 3.43E-03 000.3 298.6  60.1 1.425819 0.921238 1.231205 hargrave 2021-04-14 00:33:04 
AF 550 289.6  33.2 289.6  33.2 2.99E-03 000.3 298.5  59.9 1.244680 0.821080 1.097622 hargrave 2021-04-14 00:34:28 
AF 600 289.5  33.3 289.5  33.3 2.63E-03 000.3 298.3  60.0 1.060794 0.705982 0.957209 hargrave 2021-04-14 00:35:50 
AF 650 289.4  33.2 289.4  33.2 2.35E-03 000.3 298.2  59.9 0.936440 0.623046 0.858880 hargrave 2021-04-14 00:37:13 
AF 700 289.4  33.4 289.4  33.4 2.13E-03 000.3 297.9  60.0 0.907984 0.583801 0.772387 hargrave 2021-04-14 00:38:35 
AF 750 289.3  33.6 289.3  33.6 1.98E-03 000.3 297.6  60.1 0.837845 0.535231 0.717262 hargrave 2021-04-14 00:39:58 
AF 800 289.1  33.4 289.1  33.4 1.85E-03 000.3 297.6  59.9 0.785409 0.506293 0.677269 hargrave 2021-04-14 00:41:21 
AF 850 289.0  33.3 289.0  33.3 1.74E-03 000.3 297.6  59.7 0.747180 0.473943 0.631201 hargrave 2021-04-14 00:42:45 
AF 900 288.9  33.1 288.9  33.1 1.67E-03 000.3 297.7  59.6 0.693698 0.459119 0.610658 hargrave 2021-04-14 00:44:08 
AF 950 289.0  33.4 289.0  33.4 1.61E-03 000.3 297.4  59.8 0.638374 0.428839 0.588000 hargrave 2021-04-14 00:45:32 
AF1000 288.8  33.3 288.8  33.3 1.57E-03 000.3 297.4  59.7 0.656284 0.439807 0.574350 hargrave 2021-04-14 00:46:56 
AF1050 288.7  33.4 288.7  33.4 1.54E-03 000.4 297.1  59.6 0.632090 0.403258 0.974046 hargrave 2021-04-14 00:48:20 
AF1100 289.0  33.4 289.0  33.4 1.50E-03 000.3 297.5  59.8 0.600760 0.410988 0.548703 hargrave 2021-04-14 00:49:43 
AF1150 288.9  33.5 288.9  33.5 1.48E-03 000.3 297.2  59.8 0.626312 0.411881 0.542697 hargrave 2021-04-14 00:51:07 
AF1200 289.0  33.6 289.0  33.6 1.46E-03 000.3 297.2  59.9 0.605478 0.402211 0.529023 hargrave 2021-04-14 00:52:31 
AF1250 288.9  33.6 288.9  33.6 1.44E-03 000.3 297.1  59.9 0.593494 0.387064 0.525607 hargrave 2021-04-14 00:53:56 
AF1300 288.9  33.4 288.9  33.4 1.43E-03 000.4 297.3  59.7 0.601957 0.722944 0.520163 hargrave 2021-04-14 00:55:21 
