GH1- 5a sun compass orientation
      0  16.5  55.0   0.0   0.0   1.0
NRM    287.0  34.9 287.0  34.9 4.40E-03 000.3 073.9  89.6 1.662585 1.588689 0.300103 hargrave 2021-04-13 21:21:30 
AF  10 287.1  34.8 287.1  34.8 4.39E-03 000.3 067.8  89.4 1.638342 1.564518 0.326788 hargrave 2021-04-13 21:22:53 
AF  20 287.2  34.8 287.2  34.8 4.38E-03 000.3 066.5  89.4 1.634048 1.557590 0.323905 hargrave 2021-04-13 21:24:15 
AF  30 287.2  34.7 287.2  34.7 4.38E-03 000.3 064.7  89.3 1.640065 1.567764 0.331071 hargrave 2021-04-13 21:25:37 
AF  40 287.2  34.7 287.2  34.7 4.37E-03 000.3 060.4  89.3 1.641094 1.538982 0.327353 hargrave 2021-04-13 21:27:00 
AF  50 287.2  34.6 287.2  34.6 4.37E-03 000.3 056.1  89.3 1.646501 1.561840 0.321412 hargrave 2021-04-13 21:28:22 
AF  60 287.2  34.5 287.2  34.5 4.36E-03 000.3 051.2  89.2 1.630260 1.523371 0.317517 hargrave 2021-04-13 21:29:44 
AF  70 287.2  34.4 287.2  34.4 4.34E-03 000.3 044.7  89.2 1.619352 1.523312 0.310121 hargrave 2021-04-13 21:31:06 
AF  80 287.2  34.3 287.2  34.3 4.32E-03 000.3 039.8  89.1 1.599421 1.528088 0.303192 hargrave 2021-04-13 21:32:28 
AF  90 287.2  34.2 287.2  34.2 4.30E-03 000.3 035.0  89.0 1.571281 1.501218 0.296406 hargrave 2021-04-13 21:33:50 
AF 100 287.1  34.1 287.1  34.1 4.27E-03 000.3 030.2  89.0 1.588858 1.569526 0.287698 hargrave 2021-04-13 21:35:12 
AF 120 287.1  33.9 287.1  33.9 4.21E-03 000.3 024.4  88.8 1.559146 1.469936 0.264202 hargrave 2021-04-13 21:36:35 
AF 140 287.1  33.7 287.1  33.7 4.13E-03 000.3 019.8  88.6 1.532919 1.449997 0.246807 hargrave 2021-04-13 21:37:57 
AF 160 287.0  33.5 287.0  33.5 4.05E-03 000.3 014.6  88.4 1.491816 1.396762 0.245560 hargrave 2021-04-13 21:39:19 
AF 180 286.9  33.3 286.9  33.3 3.95E-03 000.3 010.7  88.3 1.455948 1.364513 0.218020 hargrave 2021-04-13 21:40:41 
AF 200 286.8  33.2 286.8  33.2 3.83E-03 000.3 008.4  88.1 1.401375 1.312705 0.201102 hargrave 2021-04-13 21:42:03 
AF 250 286.8  32.9 286.8  32.9 3.51E-03 000.3 006.1  87.9 1.277932 1.204157 0.184992 hargrave 2021-04-13 21:43:26 
AF 300 286.8  32.6 286.8  32.6 3.10E-03 000.3 005.9  87.6 1.131565 1.065227 0.146744 hargrave 2021-04-13 21:44:48 
AF 350 286.8  32.6 286.8  32.6 2.69E-03 000.3 006.5  87.5 1.010031 0.922996 0.130210 hargrave 2021-04-13 21:46:11 
AF 400 286.8  32.4 286.8  32.4 2.30E-03 000.3 006.0  87.4 0.840957 0.750462 0.108535 hargrave 2021-04-13 21:47:33 
AF 450 286.8  32.5 286.8  32.5 1.98E-03 000.3 006.4  87.5 0.720171 0.684131 0.096410 hargrave 2021-04-13 21:48:56 
AF 500 287.0  32.4 287.0  32.4 1.72E-03 000.3 009.7  87.3 0.628562 0.561571 0.080553 hargrave 2021-04-13 21:50:18 
AF 550 287.3  32.3 287.3  32.3 1.50E-03 000.3 013.5  87.2 0.567443 0.534452 0.063479 hargrave 2021-04-13 21:51:40 
AF 600 287.3  32.2 287.3  32.2 1.33E-03 000.3 014.0  87.2 0.497733 0.437579 0.065796 hargrave 2021-04-13 21:53:02 
AF 650 287.2  32.1 287.2  32.1 1.20E-03 000.3 012.3  87.0 0.447875 0.391885 0.054801 hargrave 2021-04-13 21:54:24 
AF 700 287.8  32.0 287.8  32.0 1.11E-03 000.3 020.0  86.8 0.400779 0.373513 0.042012 hargrave 2021-04-13 21:55:47 
AF 750 287.8  32.1 287.8  32.1 1.02E-03 000.3 020.6  86.9 0.382719 0.285578 0.039266 hargrave 2021-04-13 21:57:10 
AF 800 287.3  32.2 287.3  32.2 9.51E-04 000.3 013.1  87.1 0.341705 0.302702 0.042247 hargrave 2021-04-13 21:59:21 
AF 850 287.6  31.9 287.6  31.9 9.06E-04 000.3 017.7  86.8 0.343205 0.300353 0.041307 hargrave 2021-04-13 22:00:44 
AF 900 288.0  32.3 288.0  32.3 8.73E-04 000.3 025.7  87.0 0.347023 0.261714 0.039992 hargrave 2021-04-13 22:02:07 
AF 950 287.7  31.9 287.7  31.9 8.32E-04 000.3 018.7  86.8 0.330669 0.302913 0.031988 hargrave 2021-04-13 22:03:30 
AF1000 288.0  32.3 288.0  32.3 8.17E-04 000.3 025.4  87.1 0.319010 0.280066 0.041885 hargrave 2021-04-13 22:04:52 
AF1050 287.7  32.0 287.7  32.0 8.06E-04 000.3 018.5  86.8 0.318102 0.262220 0.031189 hargrave 2021-04-13 22:06:16 
AF1100 287.7  32.0 287.7  32.0 7.84E-04 000.3 019.1  86.8 0.310506 0.249838 0.037511 hargrave 2021-04-13 22:07:41 
AF1150 287.7  32.6 287.7  32.6 7.73E-04 000.3 022.5  87.4 0.290562 0.261895 0.041316 hargrave 2021-04-13 22:09:05 
AF1200 288.0  32.4 288.0  32.4 7.69E-04 000.3 025.9  87.1 0.298465 0.264113 0.035726 hargrave 2021-04-13 22:10:28 
AF1250 287.8  32.1 287.8  32.1 7.49E-04 000.3 021.5  86.9 0.287094 0.245929 0.034246 hargrave 2021-04-13 22:11:53 
AF1300 288.3  31.9 288.3  31.9 7.47E-04 000.3 026.5  86.6 0.282309 0.192698 0.031074 hargrave 2021-04-13 22:13:18 
