GH2- 7a sun compass orientation
      0  44.3  51.0   0.0   0.0   1.0
NRM    297.7  37.4 297.7  37.4 8.06E-03 000.3 272.0  76.9 3.128609 2.145998 1.547535 hargrave 2021-04-14 05:27:21 
AF  10 297.6  38.7 297.6  38.7 7.66E-03 000.3 266.2  77.0 3.122843 2.064349 1.497315 hargrave 2021-04-14 05:28:42 
AF  20 297.6  39.5 297.6  39.5 7.38E-03 000.3 262.7  77.0 3.044739 2.001727 1.467842 hargrave 2021-04-14 05:30:04 
AF  30 297.5  39.8 297.5  39.8 7.19E-03 000.3 261.0  77.0 2.939986 1.950766 1.446438 hargrave 2021-04-14 05:31:24 
AF  40 297.4  40.0 297.4  40.0 7.00E-03 000.3 260.1  76.9 2.932590 1.905000 1.425075 hargrave 2021-04-14 05:32:46 
AF  50 297.3  40.1 297.3  40.1 6.84E-03 000.3 259.9  76.9 2.841349 1.853755 1.414370 hargrave 2021-04-14 05:34:07 
AF  60 297.2  40.0 297.2  40.0 6.66E-03 000.3 260.3  76.8 2.799993 1.826205 1.403942 hargrave 2021-04-14 05:35:29 
AF  70 297.0  39.9 297.0  39.9 6.46E-03 000.3 260.7  76.6 2.705014 1.739358 1.351874 hargrave 2021-04-14 05:36:51 
AF  80 296.9  39.7 296.9  39.7 6.23E-03 000.3 261.4  76.5 2.597801 1.683983 1.315893 hargrave 2021-04-14 05:38:13 
AF  90 296.7  39.5 296.7  39.5 5.98E-03 000.3 262.2  76.4 2.436642 1.564727 1.255885 hargrave 2021-04-14 05:39:34 
AF 100 296.6  39.3 296.6  39.3 5.71E-03 000.3 263.1  76.3 2.370647 1.512393 1.207345 hargrave 2021-04-14 05:40:55 
AF 120 296.3  38.9 296.3  38.9 5.23E-03 000.3 264.6  76.0 2.131521 1.350825 1.118744 hargrave 2021-04-14 05:42:17 
AF 140 296.1  38.6 296.1  38.6 4.70E-03 000.3 265.7  75.8 1.922608 1.258071 1.020075 hargrave 2021-04-14 05:43:38 
AF 160 296.1  38.3 296.1  38.3 4.22E-03 000.3 267.2  75.8 1.717491 1.098904 0.922834 hargrave 2021-04-14 05:45:00 
AF 180 295.7  38.2 295.7  38.2 3.76E-03 000.3 267.3  75.4 1.538118 0.998595 0.815115 hargrave 2021-04-14 05:46:21 
AF 200 295.6  38.0 295.6  38.0 3.36E-03 000.3 268.0  75.3 1.342666 0.907271 0.747471 hargrave 2021-04-14 05:47:42 
AF 250 295.4  37.4 295.4  37.4 2.56E-03 000.3 270.4  75.1 1.050150 0.719507 0.551427 hargrave 2021-04-14 05:49:04 
AF 300 295.4  37.5 295.4  37.5 1.89E-03 000.3 269.9  75.1 0.765631 0.546328 0.423721 hargrave 2021-04-14 05:50:25 
AF 350 293.7  36.7 293.7  36.7 1.40E-03 000.3 271.7  73.6 0.583416 0.400378 0.331458 hargrave 2021-04-14 05:51:46 
AF 400 294.1  36.1 294.1  36.1 1.08E-03 000.3 274.1  73.7 0.467894 0.359417 0.258435 hargrave 2021-04-14 05:53:08 
AF 450 293.7  35.9 293.7  35.9 8.68E-04 000.3 274.5  73.4 0.372521 0.318279 0.195516 hargrave 2021-04-14 05:54:29 
AF 500 291.7  35.5 291.7  35.5 7.16E-04 000.4 273.8  71.7 0.319749 0.291152 0.160539 hargrave 2021-04-14 05:55:50 
AF 550 292.2  36.0 292.2  36.0 5.94E-04 000.4 272.9  72.3 0.297970 0.231760 0.143268 hargrave 2021-04-14 05:57:11 
AF 600 291.1  35.7 291.1  35.7 5.29E-04 000.4 272.9  71.3 0.274908 0.247053 0.127985 hargrave 2021-04-14 05:58:33 
AF 650 291.9  37.0 291.9  37.0 4.96E-04 000.5 269.4  72.3 0.258016 0.281714 0.116319 hargrave 2021-04-14 05:59:54 
AF 700 294.3  32.8 294.3  32.8 4.11E-04 000.5 284.7  72.7 0.266495 0.229951 0.099163 hargrave 2021-04-14 06:01:16 
AF 750 293.6  38.2 293.6  38.2 3.73E-04 000.5 266.3  73.9 0.234305 0.257794 0.080413 hargrave 2021-04-14 06:02:37 
AF 800 290.1  32.1 290.1  32.1 3.55E-04 000.5 282.0  69.2 0.220029 0.228447 0.098649 hargrave 2021-04-14 06:03:59 
AF 850 290.3  35.1 290.3  35.1 3.33E-04 000.6 274.0  70.6 0.232415 0.224201 0.088058 hargrave 2021-04-14 06:05:20 
AF 900 285.8  35.5 285.8  35.5 3.19E-04 000.6 269.8  67.1 0.197229 0.262049 0.081812 hargrave 2021-04-14 06:06:42 
AF 950 291.9  34.7 291.9  34.7 3.04E-04 000.6 276.6  71.6 0.255631 0.222845 0.078736 hargrave 2021-04-14 06:08:04 
AF1000 298.5  31.0 298.5  31.0 2.95E-04 000.7 296.9  74.8 0.243056 0.229045 0.072759 hargrave 2021-04-14 06:09:26 
AF1050 289.0  32.7 289.0  32.7 2.88E-04 000.6 279.2  68.6 0.194674 0.235484 0.069866 hargrave 2021-04-14 06:10:48 
AF1100 292.2  34.5 292.2  34.5 2.58E-04 000.7 277.5  71.7 0.197903 0.218821 0.050958 hargrave 2021-04-14 06:12:11 
AF1150 287.8  33.1 287.8  33.1 2.59E-04 000.7 277.1  67.9 0.199164 0.217612 0.055618 hargrave 2021-04-14 06:13:33 
AF1200 286.9  34.5 286.9  34.5 2.66E-04 000.7 273.2  67.7 0.208364 0.221344 0.063110 hargrave 2021-04-14 06:14:57 
AF1250 286.4  35.0 286.4  35.0 2.79E-04 000.6 271.4  67.4 0.203224 0.237023 0.067556 hargrave 2021-04-14 06:16:20 
AF1300 292.0  37.0 292.0  37.0 2.47E-04 000.8 269.5  72.4 0.216819 0.257012 0.048749 hargrave 2021-04-14 06:17:45 
