GH2- 1a sun compass orientation
      0  49.6  60.0   0.0   0.0   1.0
NRM    295.7  43.7 295.7  43.7 1.63E-02 000.4 227.5  66.6 7.514646 6.363203 5.576193 hargrave 2021-04-14 00:57:43 
AF  10 295.9  43.5 295.9  43.5 1.58E-02 000.4 227.7  66.8 7.216486 6.145994 5.453761 hargrave 2021-04-14 00:59:54 
AF  20 296.0  43.5 296.0  43.5 1.56E-02 000.4 227.9  66.9 7.618620 6.148052 5.404974 hargrave 2021-04-14 01:01:18 
AF  30 295.9  43.4 295.9  43.4 1.55E-02 000.4 228.1  66.9 7.352929 5.998459 5.330044 hargrave 2021-04-14 01:04:19 
AF  40 295.8  43.2 295.8  43.2 1.53E-02 000.4 228.5  66.9 7.180533 5.989860 5.341480 hargrave 2021-04-14 01:05:42 
AF  50 295.8  43.1 295.8  43.1 1.52E-02 000.4 228.9  66.9 7.146761 5.878184 5.308725 hargrave 2021-04-14 01:07:04 
AF  60 295.7  42.9 295.7  42.9 1.51E-02 000.4 229.4  67.0 7.138015 5.917384 5.249605 hargrave 2021-04-14 01:08:26 
AF  70 295.5  42.7 295.5  42.7 1.49E-02 000.4 230.0  66.9 6.981688 5.783692 5.192867 hargrave 2021-04-14 01:09:49 
AF  80 295.4  42.5 295.4  42.5 1.47E-02 000.4 230.6  66.9 6.899299 5.626946 5.122765 hargrave 2021-04-14 01:11:11 
AF  90 295.2  42.3 295.2  42.3 1.44E-02 000.4 231.2  66.9 6.912203 5.582289 5.049742 hargrave 2021-04-14 01:12:34 
AF 100 295.1  42.1 295.1  42.1 1.42E-02 000.4 231.8  66.9 6.665210 5.410326 4.958030 hargrave 2021-04-14 01:13:57 
AF 120 294.9  41.8 294.9  41.8 1.37E-02 000.4 232.7  66.9 6.542595 5.299798 4.794610 hargrave 2021-04-14 01:15:20 
AF 140 294.7  41.5 294.7  41.5 1.32E-02 000.4 233.4  66.8 6.301716 5.134292 4.600368 hargrave 2021-04-14 01:16:43 
AF 160 294.5  41.3 294.5  41.3 1.27E-02 000.4 234.1  66.8 6.015544 4.908481 4.455446 hargrave 2021-04-14 01:18:06 
AF 180 294.4  41.1 294.4  41.1 1.22E-02 000.4 234.5  66.8 5.878846 4.702553 4.297435 hargrave 2021-04-14 01:19:29 
AF 200 294.3  41.0 294.3  41.0 1.18E-02 000.4 234.9  66.8 5.690970 4.575950 4.143008 hargrave 2021-04-14 01:20:51 
AF 250 294.2  40.8 294.2  40.8 1.06E-02 000.4 235.4  66.7 5.128946 4.107821 3.754017 hargrave 2021-04-14 01:22:15 
AF 300 294.2  40.6 294.2  40.6 9.30E-03 000.4 236.0  66.8 4.414036 3.598419 3.267100 hargrave 2021-04-14 01:23:37 
AF 350 294.0  40.4 294.0  40.4 7.98E-03 000.4 236.5  66.8 3.796442 3.089504 2.793845 hargrave 2021-04-14 01:25:01 
AF 400 294.1  40.4 294.1  40.4 6.70E-03 000.4 236.4  66.8 3.158286 2.609118 2.335108 hargrave 2021-04-14 01:26:23 
AF 450 294.1  40.4 294.1  40.4 5.57E-03 000.4 236.5  66.9 2.628854 2.127175 1.929899 hargrave 2021-04-14 01:27:47 
AF 500 294.2  40.4 294.2  40.4 4.63E-03 000.4 236.5  66.9 2.188074 1.756070 1.604110 hargrave 2021-04-14 01:29:10 
AF 550 293.8  40.5 293.8  40.5 3.87E-03 000.4 236.4  66.5 1.806859 1.439510 1.334784 hargrave 2021-04-14 01:30:34 
AF 600 293.7  40.4 293.7  40.4 3.32E-03 000.4 236.6  66.5 1.520593 1.231054 1.140404 hargrave 2021-04-14 01:31:57 
AF 650 293.6  40.0 293.6  40.0 2.90E-03 000.4 237.8  66.6 1.322184 1.044576 0.975017 hargrave 2021-04-14 01:33:20 
AF 700 293.4  39.9 293.4  39.9 2.57E-03 000.4 238.2  66.5 1.180472 0.922780 0.872458 hargrave 2021-04-14 01:34:43 
AF 750 293.2  39.5 293.2  39.5 2.33E-03 000.4 239.2  66.4 1.080623 0.836047 0.786113 hargrave 2021-04-14 01:36:07 
AF 800 293.1  39.5 293.1  39.5 2.17E-03 000.4 239.1  66.4 1.001489 0.769306 0.725313 hargrave 2021-04-14 01:37:30 
AF 850 293.1  40.0 293.1  40.0 2.03E-03 000.4 238.0  66.3 0.904950 0.727508 0.689735 hargrave 2021-04-14 01:38:53 
AF 900 293.2  39.9 293.2  39.9 1.91E-03 000.4 238.2  66.4 0.835939 0.662213 0.625957 hargrave 2021-04-14 01:40:17 
AF 950 293.1  39.5 293.1  39.5 1.84E-03 000.4 239.2  66.3 0.855805 0.655721 0.616671 hargrave 2021-04-14 01:41:40 
AF1000 293.1  39.6 293.1  39.6 1.78E-03 000.4 238.9  66.4 0.804567 0.673922 0.596116 hargrave 2021-04-14 01:43:04 
AF1050 293.6  38.7 293.6  38.7 1.72E-03 000.4 241.0  66.9 0.795281 0.604724 0.543071 hargrave 2021-04-14 01:44:27 
AF1100 292.5  39.7 292.5  39.7 1.70E-03 000.4 238.9  65.8 0.766146 0.614029 0.565275 hargrave 2021-04-14 01:45:52 
AF1150 293.4  39.5 293.4  39.5 1.63E-03 000.4 239.1  66.6 0.745903 0.591230 0.538233 hargrave 2021-04-14 01:47:16 
AF1200 293.2  40.2 293.2  40.2 1.58E-03 000.4 237.5  66.3 0.691012 0.588667 0.523306 hargrave 2021-04-14 01:48:41 
AF1250 293.8  39.4 293.8  39.4 1.58E-03 000.4 239.0  66.9 0.729515 0.581396 0.503773 hargrave 2021-04-14 01:50:06 
AF1300 292.7  39.1 292.7  39.1 1.55E-03 000.4 240.2  66.1 0.694536 0.554928 0.512936 hargrave 2021-04-14 01:51:32 
