GH2- 3a sun compass orientation
      0  51.1  53.0   0.0   0.0   1.0
NRM    294.5  47.0 294.5  47.0 6.39E-03 000.4 234.6  68.0 3.060503 2.183899 2.151436 hargrave 2021-04-14 02:47:46 
AF  10 295.5  47.5 295.5  47.5 6.07E-03 000.4 232.7  68.5 2.970404 2.080159 2.045018 hargrave 2021-04-14 02:49:10 
AF  20 296.1  47.9 296.1  47.9 5.84E-03 000.4 231.5  68.7 2.819628 1.981280 1.976339 hargrave 2021-04-14 02:50:33 
AF  30 296.4  48.0 296.4  48.0 5.68E-03 000.4 230.9  68.8 2.749821 1.976248 1.913226 hargrave 2021-04-14 02:51:57 
AF  40 296.5  48.0 296.5  48.0 5.52E-03 000.4 230.8  68.9 2.667591 1.911943 1.859907 hargrave 2021-04-14 02:53:20 
AF  50 296.6  47.9 296.6  47.9 5.38E-03 000.4 231.0  69.0 2.636311 1.838191 1.817585 hargrave 2021-04-14 02:54:44 
AF  60 296.5  47.7 296.5  47.7 5.24E-03 000.4 231.5  69.1 2.539516 1.809846 1.765898 hargrave 2021-04-14 02:56:07 
AF  70 296.2  47.4 296.2  47.4 5.07E-03 000.4 232.4  69.0 2.479025 1.708471 1.706682 hargrave 2021-04-14 02:57:30 
AF  80 295.9  47.0 295.9  47.0 4.88E-03 000.4 233.7  68.9 2.385508 1.662517 1.638052 hargrave 2021-04-14 02:58:53 
AF  90 295.7  46.7 295.7  46.7 4.68E-03 000.4 234.7  68.9 2.274618 1.587461 1.560461 hargrave 2021-04-14 03:00:16 
AF 100 295.5  46.2 295.5  46.2 4.47E-03 000.4 236.2  68.9 2.178142 1.487683 1.465701 hargrave 2021-04-14 03:01:39 
AF 120 295.3  45.5 295.3  45.5 4.08E-03 000.4 238.1  68.9 1.988150 1.367134 1.343072 hargrave 2021-04-14 03:03:03 
AF 140 294.8  45.0 294.8  45.0 3.67E-03 000.4 239.7  68.7 1.771429 1.235965 1.190224 hargrave 2021-04-14 03:04:26 
AF 160 294.7  44.7 294.7  44.7 3.27E-03 000.4 240.6  68.7 1.570546 1.098929 1.067059 hargrave 2021-04-14 03:05:49 
AF 180 294.3  44.3 294.3  44.3 2.94E-03 000.4 241.6  68.5 1.435700 0.978014 0.962668 hargrave 2021-04-14 03:07:13 
AF 200 294.3  43.6 294.3  43.6 2.62E-03 000.4 243.6  68.6 1.266037 0.879309 0.834538 hargrave 2021-04-14 03:08:37 
AF 250 293.8  43.0 293.8  43.0 1.99E-03 000.4 245.3  68.4 0.964811 0.697283 0.630729 hargrave 2021-04-14 03:10:01 
AF 300 293.6  42.3 293.6  42.3 1.48E-03 000.4 247.4  68.2 0.726183 0.523607 0.461704 hargrave 2021-04-14 03:11:24 
AF 350 293.2  41.3 293.2  41.3 1.11E-03 000.4 250.1  68.0 0.564784 0.393983 0.342157 hargrave 2021-04-14 03:12:47 
AF 400 292.8  41.6 292.8  41.6 8.40E-04 000.4 249.3  67.7 0.439288 0.335320 0.254001 hargrave 2021-04-14 03:14:10 
AF 450 293.1  41.4 293.1  41.4 6.81E-04 000.4 249.9  68.0 0.361913 0.274103 0.203090 hargrave 2021-04-14 03:15:34 
AF 500 292.9  40.9 292.9  40.9 5.46E-04 000.4 251.1  67.9 0.313983 0.222801 0.164090 hargrave 2021-04-14 03:16:56 
AF 550 291.4  40.0 291.4  40.0 4.77E-04 000.5 253.4  66.7 0.288304 0.241382 0.142966 hargrave 2021-04-14 03:18:21 
AF 600 290.6  40.4 290.6  40.4 3.94E-04 000.5 252.5  66.1 0.248759 0.189716 0.111476 hargrave 2021-04-14 03:19:44 
AF 650 289.7  39.8 289.7  39.8 3.60E-04 000.5 253.7  65.4 0.218808 0.207823 0.110744 hargrave 2021-04-14 03:21:07 
AF 700 288.9  37.8 288.9  37.8 3.37E-04 000.5 258.4  64.6 0.218845 0.199924 0.106151 hargrave 2021-04-14 03:22:30 
AF 750 291.9  31.8 291.9  31.8 2.86E-04 000.5 273.6  65.4 0.169162 0.162796 0.086888 hargrave 2021-04-14 03:23:54 
AF 800 285.9  41.1 285.9  41.1 2.87E-04 000.5 250.5  62.6 0.174772 0.199545 0.097152 hargrave 2021-04-14 03:25:17 
AF 850 294.7  37.7 294.7  37.7 2.56E-04 000.6 260.1  69.1 0.195846 0.164265 0.058399 hargrave 2021-04-14 03:26:40 
AF 900 293.3  38.2 293.3  38.2 2.51E-04 000.6 258.5  68.0 0.179571 0.177245 0.059319 hargrave 2021-04-14 03:28:04 
AF 950 287.5  35.9 287.5  35.9 2.35E-04 000.6 262.1  63.1 0.161189 0.194005 0.073936 hargrave 2021-04-14 03:29:28 
AF1000 287.2  39.2 287.2  39.2 2.37E-04 000.6 254.7  63.4 0.163743 0.168296 0.068089 hargrave 2021-04-14 03:30:51 
AF1050 292.1  38.4 292.1  38.4 2.15E-04 000.6 257.7  67.1 0.158105 0.183254 0.050127 hargrave 2021-04-14 03:32:15 
AF1100 283.6  35.3 283.6  35.3 2.29E-04 000.7 261.7  59.8 0.215874 0.178709 0.070444 hargrave 2021-04-14 03:33:40 
AF1150 272.8  37.9 272.8  37.9 2.01E-04 000.7 253.5  52.0 0.168009 0.162279 0.078049 hargrave 2021-04-14 03:35:04 
AF1200 283.2  37.8 283.2  37.8 1.92E-04 000.9 256.7  60.1 0.227315 0.215162 0.062901 hargrave 2021-04-14 03:36:30 
AF1250 283.4  38.6 283.4  38.6 2.10E-04 000.6 255.3  60.4 0.155636 0.172768 0.058229 hargrave 2021-04-14 03:37:55 
AF1300 286.8  38.6 286.8  38.6 2.11E-04 000.8 256.0  63.0 0.210430 0.183049 0.058215 hargrave 2021-04-14 03:39:21 
