GH2- 6a sun compass orientation
      0  47.3  46.0   0.0   0.0   1.0
NRM    301.5  50.5 301.5  50.5 5.77E-03 000.3 233.0  77.5 2.269936 1.843373 0.965415 hargrave 2021-04-14 04:34:46 
AF  10 300.4  48.9 300.4  48.9 5.46E-03 000.2 241.0  77.4 1.540738 1.623072 0.921789 hargrave 2021-04-14 04:36:09 
AF  20 299.9  47.7 299.9  47.7 5.24E-03 000.3 246.8  77.4 2.127682 1.643058 0.885220 hargrave 2021-04-14 04:37:32 
AF  30 299.6  47.0 299.6  47.0 5.10E-03 000.3 250.3  77.2 2.062299 1.474699 0.865736 hargrave 2021-04-14 04:38:55 
AF  40 299.3  46.3 299.3  46.3 4.95E-03 000.3 253.6  77.1 1.997931 1.404535 0.831264 hargrave 2021-04-14 04:40:18 
AF  50 298.9  45.8 298.9  45.8 4.82E-03 000.3 255.6  76.9 2.415049 1.372722 0.838302 hargrave 2021-04-14 04:41:42 
AF  60 298.7  45.3 298.7  45.3 4.69E-03 000.3 258.1  76.8 1.876223 1.300571 0.794131 hargrave 2021-04-14 04:43:05 
AF  70 298.5  44.8 298.5  44.8 4.53E-03 000.3 259.8  76.6 1.837056 1.238691 0.773252 hargrave 2021-04-14 04:44:28 
AF  80 298.3  44.4 298.3  44.4 4.36E-03 000.3 261.7  76.4 1.773124 1.175335 0.761813 hargrave 2021-04-14 04:45:51 
AF  90 298.2  43.9 298.2  43.9 4.18E-03 000.3 263.6  76.3 1.725842 1.151349 0.720739 hargrave 2021-04-14 04:47:14 
AF 100 297.9  43.4 297.9  43.4 3.98E-03 000.3 265.6  76.0 1.603318 1.054876 0.709821 hargrave 2021-04-14 04:48:37 
AF 120 297.6  42.9 297.6  42.9 3.62E-03 000.3 267.4  75.7 1.428640 0.976722 0.645778 hargrave 2021-04-14 04:50:00 
AF 140 297.1  42.5 297.1  42.5 3.24E-03 000.3 269.0  75.3 1.317670 0.857401 0.606254 hargrave 2021-04-14 04:51:23 
AF 160 296.8  41.9 296.8  41.9 2.90E-03 000.3 271.0  74.9 1.167809 0.767514 0.557244 hargrave 2021-04-14 04:52:46 
AF 180 296.6  41.8 296.6  41.8 2.57E-03 000.3 271.2  74.7 1.049032 0.699391 0.501073 hargrave 2021-04-14 04:54:10 
AF 200 296.5  41.4 296.5  41.4 2.30E-03 000.3 272.4  74.5 0.950695 0.587092 0.445199 hargrave 2021-04-14 04:55:33 
AF 250 296.1  41.1 296.1  41.1 1.73E-03 000.3 273.2  74.1 0.656913 0.458772 0.346013 hargrave 2021-04-14 04:56:56 
AF 300 295.6  40.8 295.6  40.8 1.28E-03 000.3 273.7  73.7 0.499043 0.386543 0.255207 hargrave 2021-04-14 04:58:20 
AF 350 296.0  40.5 296.0  40.5 9.70E-04 000.3 275.2  73.9 0.380930 0.297413 0.189869 hargrave 2021-04-14 04:59:43 
AF 400 295.3  38.8 295.3  38.8 7.50E-04 000.3 279.9  72.8 0.298321 0.240134 0.155899 hargrave 2021-04-14 05:01:05 
AF 450 294.8  40.4 294.8  40.4 6.02E-04 000.3 274.3  73.0 0.232889 0.220233 0.125158 hargrave 2021-04-14 05:02:29 
AF 500 293.8  39.4 293.8  39.4 4.94E-04 000.4 276.6  71.9 0.202474 0.211780 0.112052 hargrave 2021-04-14 05:03:52 
AF 550 293.7  36.3 293.7  36.3 4.33E-04 000.4 285.2  70.4 0.214725 0.192054 0.106021 hargrave 2021-04-14 05:05:15 
AF 600 291.7  38.7 291.7  38.7 3.70E-04 000.4 276.6  70.2 0.175118 0.184021 0.096669 hargrave 2021-04-14 05:06:38 
AF 650 295.2  37.6 295.2  37.6 3.18E-04 000.6 283.3  72.2 0.220589 0.205439 0.067804 hargrave 2021-04-14 05:08:02 
AF 700 291.4  38.7 291.4  38.7 3.04E-04 000.5 276.4  70.0 0.157056 0.173055 0.076603 hargrave 2021-04-14 05:09:25 
AF 750 287.7  35.2 287.7  35.2 2.88E-04 000.6 281.0  65.8 0.228518 0.222623 0.083869 hargrave 2021-04-14 05:10:48 
AF 800 292.7  33.0 292.7  33.0 2.58E-04 000.6 291.5  68.0 0.176445 0.172012 0.075681 hargrave 2021-04-14 05:12:10 
AF 850 287.8  32.9 287.8  32.9 2.39E-04 000.5 285.8  64.5 0.138080 0.154289 0.071095 hargrave 2021-04-14 05:13:33 
AF 900 293.0  34.6 293.0  34.6 2.41E-04 000.5 288.4  69.1 0.137718 0.162245 0.063828 hargrave 2021-04-14 05:14:55 
AF 950 292.9  27.1 292.9  27.1 2.34E-04 000.6 302.7  64.1 0.158214 0.174697 0.079942 hargrave 2021-04-14 05:16:17 
AF1000 289.0  32.1 289.0  32.1 2.18E-04 000.7 288.6  64.9 0.190168 0.178614 0.078962 hargrave 2021-04-14 05:17:39 
AF1050 295.8  37.3 295.8  37.3 2.04E-04 000.7 285.1  72.4 0.146444 0.180846 0.048674 hargrave 2021-04-14 05:19:01 
AF1100 295.5  32.7 295.5  32.7 1.96E-04 000.7 296.4  69.6 0.142040 0.168570 0.058117 hargrave 2021-04-14 05:20:23 
AF1150 288.7  39.0 288.7  39.0 1.90E-04 000.6 273.4  68.1 0.136831 0.162469 0.041379 hargrave 2021-04-14 05:21:46 
AF1200 290.5  31.5 290.5  31.5 2.03E-04 000.6 291.6  65.6 0.143401 0.166216 0.062372 hargrave 2021-04-14 05:23:09 
AF1250 291.0  27.6 291.0  27.6 1.83E-04 000.8 299.1  63.3 0.164557 0.178372 0.066100 hargrave 2021-04-14 05:24:33 
AF1300 290.5  36.1 290.5  36.1 1.94E-04 000.8 282.1  68.2 0.192199 0.181304 0.061293 hargrave 2021-04-14 05:25:57 
