TP1- 6a mag compass orientation (IGRF corrected)
      0  -0.5  89.0   0.0   0.0   1.0
NRM    303.8  25.2 303.8  25.2 3.63E-03 000.4 128.9  49.0 0.640921 1.439121 2.105646 hargrave 2021-04-14 09:03:33 
AF  10 304.4  25.0 304.4  25.0 3.59E-03 000.4 128.3  48.6 0.591049 1.407286 2.094543 hargrave 2021-04-14 09:04:55 
AF  20 304.6  25.0 304.6  25.0 3.58E-03 000.4 128.1  48.5 0.668077 1.402843 2.667275 hargrave 2021-04-14 09:06:17 
AF  30 304.5  24.9 304.5  24.9 3.56E-03 000.4 128.0  48.6 0.621383 1.410355 2.071401 hargrave 2021-04-14 09:07:38 
AF  40 304.4  24.7 304.4  24.7 3.54E-03 000.4 127.9  48.7 0.626194 1.388329 2.061436 hargrave 2021-04-14 09:09:00 
AF  50 304.4  24.6 304.4  24.6 3.51E-03 000.4 127.8  48.8 0.642334 1.353543 2.029814 hargrave 2021-04-14 09:10:21 
AF  60 304.2  24.4 304.2  24.4 3.46E-03 000.4 127.7  49.0 0.607200 1.342230 2.008556 hargrave 2021-04-14 09:11:43 
AF  70 304.1  24.3 304.1  24.3 3.40E-03 000.4 127.5  49.2 0.577729 1.309135 1.957708 hargrave 2021-04-14 09:13:05 
AF  80 304.0  24.1 304.0  24.1 3.32E-03 000.4 127.3  49.4 0.577494 1.309162 1.932218 hargrave 2021-04-14 09:14:26 
AF  90 303.9  23.9 303.9  23.9 3.22E-03 000.4 127.3  49.6 0.560562 1.253950 1.868440 hargrave 2021-04-14 09:15:47 
AF 100 303.8  23.8 303.8  23.8 3.12E-03 000.4 127.1  49.7 0.544245 1.195812 1.814047 hargrave 2021-04-14 09:17:09 
AF 120 303.5  23.5 303.5  23.5 2.90E-03 000.4 126.9  50.1 0.505740 1.123743 1.664817 hargrave 2021-04-14 09:18:30 
AF 140 303.4  23.2 303.4  23.2 2.66E-03 000.4 126.6  50.3 0.451051 1.003564 1.512346 hargrave 2021-04-14 09:19:51 
AF 160 303.2  23.0 303.2  23.0 2.43E-03 000.4 126.5  50.5 0.464102 0.945188 1.374085 hargrave 2021-04-14 09:21:12 
AF 180 303.2  22.9 303.2  22.9 2.22E-03 000.4 126.3  50.6 0.397204 0.868552 1.265273 hargrave 2021-04-14 09:22:34 
AF 200 303.0  22.9 303.0  22.9 2.03E-03 000.4 126.4  50.8 0.353819 0.767647 1.179193 hargrave 2021-04-14 09:23:55 
AF 250 302.9  22.7 302.9  22.7 1.67E-03 000.4 126.3  51.0 0.295098 0.633698 0.943750 hargrave 2021-04-14 09:26:05 
AF 300 302.6  22.6 302.6  22.6 1.37E-03 000.4 126.3  51.2 0.226910 0.512804 0.767123 hargrave 2021-04-14 09:27:28 
AF 350 303.0  22.5 303.0  22.5 1.12E-03 000.4 125.9  51.0 0.206881 0.416021 0.646618 hargrave 2021-04-14 09:28:49 
AF 400 302.6  22.6 302.6  22.6 9.26E-04 000.4 126.4  51.3 0.180241 0.343191 0.531692 hargrave 2021-04-14 09:30:10 
AF 450 303.0  22.8 303.0  22.8 7.65E-04 000.4 126.3  50.8 0.140290 0.281707 0.442983 hargrave 2021-04-14 09:31:32 
AF 500 303.6  22.8 303.6  22.8 6.40E-04 000.4 125.9  50.4 0.133656 0.243000 0.377384 hargrave 2021-04-14 09:32:53 
AF 550 304.4  22.2 304.4  22.2 5.43E-04 000.4 124.5  50.0 0.113288 0.198613 0.317700 hargrave 2021-04-14 09:34:14 
AF 600 304.8  21.7 304.8  21.7 4.64E-04 000.4 123.6  49.9 0.119469 0.164472 0.271051 hargrave 2021-04-14 09:36:23 
AF 650 305.8  21.1 305.8  21.1 4.15E-04 000.4 122.2  49.3 0.097778 0.147842 0.244799 hargrave 2021-04-14 09:37:45 
AF 700 307.3  23.5 307.3  23.5 3.72E-04 000.4 124.6  47.0 0.093853 0.138803 0.226040 hargrave 2021-04-14 09:39:06 
AF 750 307.8  23.0 307.8  23.0 3.37E-04 000.4 123.6  46.8 0.070500 0.120167 0.205318 hargrave 2021-04-14 09:40:27 
AF 800 306.5  20.9 306.5  20.9 3.22E-04 000.4 121.4  48.8 0.098614 0.136748 0.192004 hargrave 2021-04-14 09:41:48 
AF 850 308.0  20.6 308.0  20.6 2.84E-04 000.4 120.2  47.6 0.065340 0.090501 0.177481 hargrave 2021-04-14 09:43:11 
AF 900 305.2  19.3 305.2  19.3 2.71E-04 000.4 120.0  50.6 0.070348 0.093284 0.157794 hargrave 2021-04-14 09:44:32 
AF 950 308.4  19.1 308.4  19.1 2.63E-04 000.4 117.9  47.8 0.077342 0.089311 0.157488 hargrave 2021-04-14 09:45:53 
AF1000 308.5  19.2 308.5  19.2 2.44E-04 000.4 118.0  47.7 0.063296 0.075330 0.148038 hargrave 2021-04-14 09:47:15 
AF1050 309.3  19.0 309.3  19.0 2.39E-04 000.4 117.3  47.1 0.065615 0.075106 0.145851 hargrave 2021-04-14 09:48:37 
AF1100 309.5  19.2 309.5  19.2 2.40E-04 000.4 117.5  46.9 0.066682 0.073482 0.146913 hargrave 2021-04-14 09:49:59 
AF1150 310.1  16.9 310.1  16.9 2.21E-04 000.4 114.0  47.0 0.070605 0.090270 0.128140 hargrave 2021-04-14 09:51:22 
AF1200 313.0  17.8 313.0  17.8 2.14E-04 000.4 114.1  44.1 0.078916 0.066082 0.126589 hargrave 2021-04-14 09:52:44 
AF1250 311.9  17.6 311.9  17.6 2.13E-04 000.4 114.3  45.2 0.065240 0.070411 0.129706 hargrave 2021-04-14 09:54:08 
AF1300 309.3  16.3 309.3  16.3 1.89E-04 000.4 113.6  47.9 0.078131 0.056716 0.111512 hargrave 2021-04-14 09:55:32 
