TP1- 4a mag compass orientation (IGRF corrected)
      0  39.5  27.0   0.0   0.0   1.0
NRM    302.8  29.1 302.8  29.1 7.25E-03 000.3 349.6  55.8 1.518680 2.491730 3.031562 hargrave 2021-04-14 08:08:08 
AF  10 305.2  28.9 305.2  28.9 7.23E-03 000.3 353.2  55.7 1.550095 2.590653 2.964815 hargrave 2021-04-14 08:10:19 
AF  20 305.3  28.8 305.3  28.8 7.22E-03 000.3 353.4  55.7 1.542324 2.750446 2.965258 hargrave 2021-04-14 08:11:41 
AF  30 305.3  28.8 305.3  28.8 7.21E-03 000.3 353.5  55.6 1.538259 2.651761 3.488150 hargrave 2021-04-14 08:13:02 
AF  40 305.4  28.7 305.4  28.7 7.20E-03 000.3 353.6  55.6 1.557759 2.711959 2.947141 hargrave 2021-04-14 08:14:24 
AF  50 305.4  28.7 305.4  28.7 7.18E-03 000.3 353.6  55.6 1.539037 2.671946 2.948094 hargrave 2021-04-14 08:15:46 
AF  60 305.4  28.6 305.4  28.6 7.15E-03 000.3 353.6  55.5 1.524535 2.710153 2.933992 hargrave 2021-04-14 08:17:08 
AF  70 305.4  28.6 305.4  28.6 7.11E-03 000.3 353.6  55.5 1.495268 2.637780 2.928556 hargrave 2021-04-14 08:18:30 
AF  80 305.4  28.5 305.4  28.5 7.04E-03 000.3 353.6  55.4 1.478547 2.636651 2.904323 hargrave 2021-04-14 08:19:52 
AF  90 305.3  28.5 305.3  28.5 6.97E-03 000.3 353.6  55.4 1.449914 2.473465 2.875870 hargrave 2021-04-14 08:22:51 
AF 100 305.3  28.4 305.3  28.4 6.88E-03 000.3 353.6  55.3 1.443101 2.525114 2.861358 hargrave 2021-04-14 08:24:13 
AF 120 305.3  28.4 305.3  28.4 6.68E-03 000.3 353.5  55.3 1.390888 2.459482 2.770287 hargrave 2021-04-14 08:25:34 
AF 140 305.3  28.3 305.3  28.3 6.44E-03 000.3 353.5  55.2 1.349385 2.366064 2.675943 hargrave 2021-04-14 08:26:57 
AF 160 305.3  28.3 305.3  28.3 6.19E-03 000.3 353.5  55.2 1.273923 2.355796 2.573716 hargrave 2021-04-14 08:28:19 
AF 180 305.3  28.2 305.3  28.2 5.93E-03 000.3 353.5  55.1 1.231056 2.226000 2.483510 hargrave 2021-04-14 08:29:42 
AF 200 305.4  28.2 305.4  28.2 5.67E-03 000.3 353.6  55.1 1.164442 2.065666 2.386842 hargrave 2021-04-14 08:31:04 
AF 250 305.2  28.3 305.2  28.3 5.03E-03 000.3 353.4  55.1 1.027039 1.796276 2.112560 hargrave 2021-04-14 08:33:15 
AF 300 305.3  28.3 305.3  28.3 4.39E-03 000.3 353.4  55.2 0.892448 1.573858 1.837755 hargrave 2021-04-14 08:34:37 
AF 350 305.4  28.3 305.4  28.3 3.79E-03 000.3 353.6  55.2 0.778375 1.408804 1.590521 hargrave 2021-04-14 08:35:58 
AF 400 305.4  28.3 305.4  28.3 3.30E-03 000.3 353.7  55.2 0.658290 1.217923 1.373927 hargrave 2021-04-14 08:37:19 
AF 450 305.3  28.3 305.3  28.3 2.87E-03 000.3 353.6  55.2 0.584315 1.038673 1.192540 hargrave 2021-04-14 08:38:41 
AF 500 305.3  28.2 305.3  28.2 2.51E-03 000.3 353.5  55.1 0.493631 0.934523 1.071474 hargrave 2021-04-14 08:40:03 
AF 550 305.3  28.3 305.3  28.3 2.23E-03 000.3 353.6  55.2 0.431975 0.813182 0.935909 hargrave 2021-04-14 08:41:25 
AF 600 305.4  28.5 305.4  28.5 1.99E-03 000.3 353.7  55.4 0.400826 0.747768 0.843638 hargrave 2021-04-14 08:42:47 
AF 650 305.3  28.2 305.3  28.2 1.82E-03 000.3 353.5  55.1 0.367978 0.679451 0.775385 hargrave 2021-04-14 08:44:09 
AF 700 305.9  28.2 305.9  28.2 1.65E-03 000.3 354.4  55.1 0.332436 0.595282 0.708845 hargrave 2021-04-14 08:45:30 
AF 750 305.6  28.5 305.6  28.5 1.53E-03 000.3 354.0  55.4 0.310029 0.520693 0.643239 hargrave 2021-04-14 08:46:53 
AF 800 305.7  28.3 305.7  28.3 1.44E-03 000.3 354.1  55.2 0.270633 0.521821 0.604935 hargrave 2021-04-14 08:48:14 
AF 850 305.9  28.3 305.9  28.3 1.35E-03 000.3 354.4  55.2 0.276656 0.507905 0.567428 hargrave 2021-04-14 08:49:36 
AF 900 305.9  28.3 305.9  28.3 1.28E-03 000.3 354.4  55.2 0.278338 0.485260 0.541335 hargrave 2021-04-14 08:50:58 
AF 950 305.8  28.3 305.8  28.3 1.23E-03 000.3 354.2  55.2 0.264148 0.459083 0.521972 hargrave 2021-04-14 08:52:20 
AF1000 305.9  28.5 305.9  28.5 1.20E-03 000.3 354.5  55.5 0.243733 0.402212 0.495165 hargrave 2021-04-14 08:53:42 
AF1050 306.2  28.2 306.2  28.2 1.16E-03 000.3 354.9  55.2 0.238717 0.393615 0.490093 hargrave 2021-04-14 08:55:05 
AF1100 306.2  27.9 306.2  27.9 1.12E-03 000.3 354.9  54.8 0.216541 0.413289 0.468523 hargrave 2021-04-14 08:56:27 
AF1150 306.0  28.3 306.0  28.3 1.10E-03 000.3 354.7  55.2 0.233560 0.408885 0.453493 hargrave 2021-04-14 08:57:50 
AF1200 306.2  28.5 306.2  28.5 1.06E-03 000.3 354.8  55.4 0.217838 0.397669 0.441026 hargrave 2021-04-14 08:59:13 
AF1250 305.9  28.6 305.9  28.6 1.05E-03 000.3 354.5  55.5 0.215546 0.382563 0.429781 hargrave 2021-04-14 09:00:37 
AF1300 305.7  28.3 305.7  28.3 1.03E-03 000.3 354.1  55.2 0.213548 0.374979 0.421742 hargrave 2021-04-14 09:02:02 
