CF- 175a mag compass orientation (IGRF corrected)
   86.9   4.5  87.0               1.0
NRM    294.0  29.0 294.0  29.0 4.88E-04 003.1 146.6  58.1 1.768310 1.428981 1.282397 hargrave 2021-01-09 13:45:41 
TT 100 292.2  28.5 292.2  28.5 4.92E-04 002.9 148.2  59.4 0.978753 2.002745 1.072903 hargrave 2021-01-09 17:41:45 
TT 200 289.7  25.8 289.7  25.8 2.45E-04 018.1 148.7  62.9 10.17886 6.195106 23.30542 hargrave 2021-01-10 13:41:25 
TT 200 290.6  25.2 290.6  25.2 2.45E-04 019.7 146.6  62.9 9.972002 6.586184 23.33841 hargrave 2021-01-10 14:27:30 
TT 300 292.8  24.4 292.8  24.4 4.43E-04 002.9 142.1  62.2 0.539398 1.987463 0.874205 hargrave 2021-01-10 17:59:02 
TT 400 292.9  23.6 292.9  23.6 3.81E-04 003.9 140.8  62.8 2.428512 0.492687 0.743078 hargrave 2021-01-11 14:35:20 
TT 450 290.0  26.5 290.0  26.5 3.52E-04 003.8 149.1  62.2 2.128399 0.136781 0.905175 hargrave 2021-01-11 19:18:13 
TT 500 292.4  24.3 292.4  24.3 3.23E-04 002.8 142.4  62.6 1.423386 0.327221 0.598858 hargrave 2021-01-12 15:51:52 
TT 525 291.7  23.8 291.7  23.8 3.11E-04 002.4 142.9  63.3 0.926695 0.715193 0.584493 hargrave 2021-01-13 09:45:50 
TT 550 291.3  23.7 291.3  23.7 2.85E-04 002.9 143.4  63.7 0.655563 1.177031 0.531561 hargrave 2021-01-13 17:30:41 
TT 560 290.6  25.0 290.6  25.0 2.72E-04 002.2 146.4  63.1 0.388970 0.915273 0.388023 hargrave 2021-01-24 10:16:01 
TT 570 292.0  24.2 292.0  24.2 2.61E-04 001.9 142.9  62.9 0.394235 0.774170 0.172438 hargrave 2021-01-24 17:49:15 
TT 570 292.0  23.9 292.0  23.9 2.61E-04 002.1 142.5  63.2 0.538191 0.776466 0.229498 hargrave 2021-01-24 19:05:04 
TT 580 290.5  22.5 290.5  22.5 1.21E-04 039.5 142.8  65.1 4.332172 3.294933 11.69522 hargrave 2021-01-28 15:54:12 
TT 580 288.5  26.5 288.5  26.5 2.42E-04 002.7 151.7  62.9 0.955880 0.446241 0.444266 hargrave 2021-01-28 17:32:24 
TT 590 289.5  24.2 289.5  24.2 2.36E-04 002.0 147.0  64.3 0.566913 0.516225 0.343422 hargrave 2021-01-29 14:00:12 
TT 600 289.5  24.8 289.5  24.8 2.14E-04 002.2 147.8  63.8 0.408153 0.652631 0.266927 hargrave 2021-01-31 12:35:26 
TT 610 288.4  25.3 288.4  25.3 1.95E-04 002.2 150.2  64.0 0.664846 0.283867 0.168072 hargrave 2021-01-31 20:36:03 
TT 620 286.6  24.6 286.6  24.6 9.41E-05 054.6 152.6  65.5 3.705033 1.929037 9.152288 hargrave 2021-02-02 14:18:02 
TT 620 286.1  24.5 286.1  24.5 9.40E-05 055.2 153.5  65.8 3.690964 1.846859 9.166228 hargrave 2021-02-02 15:08:07 
TT 620 287.5  24.2 287.5  24.2 9.41E-05 062.0 150.6  65.4 3.651244 2.066465 9.149999 hargrave 2021-02-02 15:24:36 
TT 620 288.7  25.7 288.7  25.7 1.89E-04 002.7 150.4  63.5 0.490904 0.695392 0.317693 hargrave 2021-02-02 15:41:44 
TT 630 287.3  26.6 287.3  26.6 1.82E-04 002.6 153.8  63.5 0.762026 0.124525 0.263068 hargrave 2021-02-03 20:54:38 
TT 640 287.6  26.0 287.6  26.0 1.68E-04 002.8 152.4  63.8 0.729025 0.282223 0.213434 hargrave 2021-02-04 14:56:41 
TT 650 285.1  26.7 285.1  26.7 1.59E-04 002.5 157.8  64.2 0.486356 0.443421 0.252245 hargrave 2021-02-05 09:38:19 
TT 660 283.7  27.5 283.7  27.5 1.43E-04 002.0 161.1  64.0 0.437674 0.155929 0.177537 hargrave 2021-02-05 17:43:07 
TT 664 286.7  25.5 286.7  25.5 1.24E-04 002.9 153.4  64.7 0.539760 0.274339 0.151959 hargrave 2021-02-06 11:21:15 
TT 668 288.2  22.6 288.2  22.6 5.66E-05 084.8 147.0  66.3 2.044288 1.330106 5.548847 hargrave 2021-02-07 13:58:21 
TT 668 286.9  26.6 286.9  26.6 1.13E-04 007.0 154.4  63.6 1.063590 0.858506 0.229077 hargrave 2021-02-07 14:35:53 
TT 672 288.3  25.6 288.3  25.6 9.26E-05 004.2 150.9  63.8 0.622861 0.209173 0.192527 hargrave 2021-02-09 18:28:23 
TT 674 286.4  25.5 286.4  25.5 8.13E-05 003.3 154.1  64.8 0.420874 0.180230 0.094540 hargrave 2021-02-11 18:13:52 
TT 676 287.4  22.6 287.4  22.6 3.67E-05 054.8 148.5  66.7 1.323108 0.811434 3.601025 hargrave 2021-02-12 12:03:36 
TT 676 288.7  25.3 288.7  25.3 7.38E-05 003.6 149.8  63.8 0.282016 0.356465 0.128339 hargrave 2021-02-12 12:32:29 
TT 678 283.5  24.8 283.5  24.8 2.88E-05 060.7 159.0  66.5 1.148711 0.441940 2.828601 hargrave 2021-02-13 11:52:03 
TT 678 287.5  26.0 287.5  26.0 5.78E-05 004.5 152.8  63.8 0.126020 0.426677 0.105285 hargrave 2021-02-13 12:16:49 
TT 680 290.6  25.3 290.6  25.3 4.23E-05 004.8 146.6  62.8 0.292998 0.202402 0.028741 hargrave 2021-02-13 16:46:22 
TT 682 247.6  02.9 247.6  02.9 4.54E-09 075.8 269.5  62.0 0.000461 0.000500 0.000891 hargrave 2021-02-16 11:24:58 
TT 682 285.0  26.2 285.0  26.2 1.20E-05 065.4 157.5  64.7 0.507344 0.209648 1.161776 hargrave 2021-02-16 12:21:31 
TT 684 092.4  49.0 092.4  49.0 6.83E-09 073.3 178.3 -37.4 0.000798 0.001115 0.001039 hargrave 2021-02-16 17:41:33 
TT 684 285.8  37.7 285.8  37.7 9.05E-06 063.7 164.7  53.8 0.551579 0.151531 0.781113 hargrave 2021-02-16 18:39:05 
