CF- 183a mag compass orientation (IGRF corrected)
   92.3 326.5  77.0               1.0
NRM    269.3  43.3 269.3  43.3 1.53E-04 001.1 143.4  48.7 0.256390 0.147443 0.065356 hargrave 2021-01-09 13:57:20 
TT 100 269.7  43.5 269.7  43.5 1.47E-04 000.8 143.4  48.3 0.148126 0.163406 0.057871 hargrave 2021-01-09 17:52:27 
TT 200 273.5  38.9 273.5  38.9 1.35E-04 000.6 135.3  48.3 0.095304 0.101181 0.047151 hargrave 2021-01-10 13:54:28 
TT 300 276.8  33.5 276.8  33.5 1.08E-04 002.5 126.2  48.0 0.386525 0.271923 0.038364 hargrave 2021-01-10 18:12:08 
TT 400 280.0  28.2 280.0  28.2 8.10E-05 002.0 117.6  46.8 0.257768 0.126807 0.027956 hargrave 2021-01-11 14:46:23 
TT 450 280.5  31.6 280.5  31.6 7.46E-05 001.5 122.1  45.6 0.186191 0.093512 0.033642 hargrave 2021-01-11 19:28:53 
TT 500 282.2  29.3 282.2  29.3 6.63E-05 001.2 118.6  44.7 0.086325 0.138887 0.024954 hargrave 2021-01-12 16:02:38 
TT 525 282.6  27.8 282.6  27.8 6.27E-05 001.8 116.4  44.6 0.173475 0.103264 0.022450 hargrave 2021-01-13 09:57:33 
TT 550 282.4  27.1 282.4  27.1 5.76E-05 002.2 115.4  44.9 0.208616 0.093808 0.022010 hargrave 2021-01-13 17:41:49 
TT 560 283.2  25.4 283.2  25.4 5.49E-05 001.1 113.0  44.4 0.087627 0.070571 0.034480 hargrave 2021-01-24 10:29:35 
TT 570 284.4  24.0 284.4  24.0 5.21E-05 002.8 110.8  43.5 0.236794 0.092677 0.051843 hargrave 2021-01-24 18:02:34 
TT 570 284.3  23.9 284.3  23.9 5.20E-05 002.8 110.8  43.6 0.233368 0.094630 0.050653 hargrave 2021-01-24 19:18:22 
TT 580 284.5  26.1 284.5  26.1 5.08E-05 001.2 113.8  43.2 0.099791 0.053440 0.020370 hargrave 2021-01-28 16:07:22 
TT 590 284.1  23.8 284.1  23.8 4.93E-05 001.5 110.6  43.8 0.115257 0.066288 0.022254 hargrave 2021-01-29 14:13:22 
TT 600 284.9  22.7 284.9  22.7 4.78E-05 001.3 109.1  43.1 0.091634 0.081902 0.025622 hargrave 2021-01-31 12:45:54 
TT 610 285.7  24.0 285.7  24.0 4.61E-05 002.8 110.8  42.3 0.214305 0.087690 0.017673 hargrave 2021-01-31 20:46:03 
TT 620 286.0  25.4 286.0  25.4 4.35E-05 002.3 112.6  41.9 0.175774 0.083363 0.022495 hargrave 2021-02-02 14:28:13 
TT 630 285.8  23.7 285.8  23.7 4.31E-05 000.7 110.4  42.2 0.051567 0.042257 0.023913 hargrave 2021-02-03 21:07:11 
TT 640 286.2  21.5 286.2  21.5 3.77E-05 001.8 107.3  42.0 0.101410 0.075532 0.022230 hargrave 2021-02-04 15:09:21 
TT 650 286.4  20.6 286.4  20.6 3.41E-05 001.0 106.2  41.8 0.054234 0.039783 0.025571 hargrave 2021-02-05 09:50:53 
TT 660 286.6  21.7 286.6  21.7 3.05E-05 001.6 107.6  41.6 0.074329 0.050113 0.023986 hargrave 2021-02-05 17:55:43 
TT 664 285.2  20.0 285.2  20.0 2.76E-05 004.3 105.4  43.0 0.203783 0.045539 0.012445 hargrave 2021-02-06 11:33:53 
TT 668 286.0  21.8 286.0  21.8 2.39E-05 003.7 107.8  42.1 0.154076 0.031600 0.013399 hargrave 2021-02-07 14:10:07 
TT 672 290.0  17.6 290.0  17.6 1.71E-05 004.2 102.3  38.4 0.125152 0.015883 0.027943 hargrave 2021-02-09 18:39:03 
TT 674 282.2  24.2 282.2  24.2 1.47E-05 000.7 111.4  45.5 0.016139 0.016240 0.023902 hargrave 2021-02-11 18:24:46 
TT 676 277.6  26.3 277.6  26.3 8.92E-06 001.5 115.4  49.3 0.016752 0.018665 0.025614 hargrave 2021-02-12 12:15:49 
TT 678 277.4  28.4 277.4  28.4 7.79E-06 001.9 118.5  49.0 0.020236 0.020951 0.022157 hargrave 2021-02-13 11:58:37 
TT 680 282.5  20.0 282.5  20.0 5.99E-06 001.1 105.4  45.5 0.009705 0.011432 0.004865 hargrave 2021-02-13 16:50:07 
TT 682 214.7  71.5 214.7  71.5 1.47E-06 063.5 187.8  30.0 0.134999 0.018686 0.079094 hargrave 2021-02-16 11:29:24 
TT 682 208.5  71.8 208.5  71.8 1.47E-06 064.0 189.7  28.9 0.135354 0.023306 0.077212 hargrave 2021-02-16 12:25:37 
TT 684 261.1  55.0 261.1  55.0 2.12E-06 045.5 160.7  43.8 0.154172 0.054524 0.156611 hargrave 2021-02-16 17:44:33 
TT 684 264.8  54.1 264.8  54.1 4.29E-06 002.7 157.5  43.2 0.006297 0.021120 0.004389 hargrave 2021-02-16 18:42:04 
