CF- 174a mag compass orientation (IGRF corrected)
   86.1   1.5  80.0               1.0
NRM    292.0  48.3 292.0  48.3 6.48E-04 002.7 159.6  48.0 1.644320 2.401294 0.805758 hargrave 2021-01-09 13:44:26 
TT 100 292.7  45.7 292.7  45.7 6.13E-04 003.3 156.9  50.0 1.928793 2.885725 0.680374 hargrave 2021-01-09 17:39:45 
TT 200 293.6  41.8 293.6  41.8 5.68E-04 004.1 152.4  52.7 2.767412 2.909236 0.712243 hargrave 2021-01-10 13:39:52 
TT 300 289.4  40.2 289.4  40.2 4.43E-04 001.3 155.3  55.9 0.836328 0.260200 0.531403 hargrave 2021-01-10 17:57:29 
TT 400 288.8  38.7 288.8  38.7 3.10E-04 001.7 154.5  57.4 0.639917 0.556374 0.301369 hargrave 2021-01-11 14:10:27 
TT 450 291.3  37.4 291.3  37.4 2.65E-04 000.8 150.1  57.3 0.206441 0.323624 0.148619 hargrave 2021-01-11 19:16:58 
TT 500 289.9  37.0 289.9  37.0 2.21E-04 002.2 151.3  58.3 0.540838 0.617683 0.181270 hargrave 2021-01-12 15:50:33 
TT 525 288.3  37.2 288.3  37.2 2.05E-04 001.0 153.6  58.8 0.186905 0.236995 0.171112 hargrave 2021-01-13 09:44:31 
TT 550 290.3  37.1 290.3  37.1 1.69E-04 000.9 150.9  58.1 0.140895 0.214765 0.125211 hargrave 2021-01-13 17:29:22 
TT 560 287.4  37.1 287.4  37.1 1.43E-04 001.5 154.7  59.3 0.289108 0.214826 0.136714 hargrave 2021-01-24 10:14:40 
TT 570 288.8  36.1 288.8  36.1 1.35E-04 001.4 151.7  59.6 0.267866 0.048380 0.208538 hargrave 2021-01-24 17:47:42 
TT 570 288.7  36.0 288.7  36.0 1.35E-04 001.3 151.8  59.7 0.250850 0.044678 0.195718 hargrave 2021-01-24 19:03:31 
TT 580 290.0  34.9 290.0  34.9 1.24E-04 001.5 148.7  59.9 0.268013 0.169452 0.106344 hargrave 2021-01-28 15:52:39 
TT 590 288.3  32.2 288.3  32.2 1.15E-04 002.4 147.5  62.9 0.361454 0.315594 0.089603 hargrave 2021-01-29 13:58:35 
TT 600 288.1  35.5 288.1  35.5 1.03E-04 001.2 152.0  60.4 0.130167 0.160355 0.094946 hargrave 2021-01-31 12:34:11 
TT 610 290.2  36.1 290.2  36.1 9.16E-05 001.4 149.9  58.9 0.152173 0.121902 0.109412 hargrave 2021-01-31 20:34:46 
TT 620 288.8  36.1 288.8  36.1 8.56E-05 000.9 151.7  59.5 0.054953 0.135830 0.045929 hargrave 2021-02-02 14:16:45 
TT 630 287.9  34.8 287.9  34.8 8.38E-05 000.6 151.4  61.0 0.047316 0.046959 0.061332 hargrave 2021-02-03 20:53:02 
TT 640 283.5  34.5 283.5  34.5 6.28E-05 001.2 157.8  63.1 0.087917 0.100201 0.025189 hargrave 2021-02-04 14:55:05 
TT 650 290.4  30.5 290.4  30.5 5.55E-05 001.8 142.1  63.0 0.136729 0.106503 0.035843 hargrave 2021-02-05 09:36:44 
TT 660 289.9  29.2 289.9  29.2 4.39E-05 001.7 140.7  64.2 0.101799 0.078203 0.032117 hargrave 2021-02-05 17:41:31 
TT 664 275.7  29.6 275.7  29.6 3.46E-05 001.0 169.3  70.0 0.030662 0.045870 0.050134 hargrave 2021-02-06 11:17:33 
TT 668 286.8  36.8 286.8  36.8 3.49E-05 001.7 155.0  59.9 0.041459 0.095012 0.026187 hargrave 2021-02-07 13:55:23 
TT 672 288.1  34.6 288.1  34.6 2.69E-05 003.0 150.9  61.1 0.057212 0.134321 0.009812 hargrave 2021-02-09 18:27:05 
TT 674 278.3  37.3 278.3  37.3 2.13E-05 002.0 168.4  62.1 0.070788 0.058776 0.040266 hargrave 2021-02-11 18:12:33 
