CF- 152a mag compass orientation (IGRF corrected)
   71.9 346.5  81.0               1.0
NRM    304.7  43.5 304.7  43.5 4.31E-04 003.1 138.1  35.8 1.757913 0.265494 1.571978 hargrave 2021-01-09 13:10:50 
TT 100 299.9  43.7 299.9  43.7 4.09E-04 005.6 140.4  38.8 3.146242 2.020831 1.458711 hargrave 2021-01-09 17:05:51 
TT 200 298.6  30.0 298.6  30.0 3.56E-04 004.1 124.1  45.5 2.307467 0.268759 1.108622 hargrave 2021-01-10 12:59:28 
TT 300 294.0  20.2 294.0  20.2 1.49E-04 048.5 111.4  52.1 3.566816 9.085307 12.54347 hargrave 2021-01-10 17:16:15 
TT 300 294.8  25.0 294.8  25.0 2.97E-04 003.8 118.5  50.2 1.821255 0.085404 0.709913 hargrave 2021-01-10 18:30:36 
TT 400 294.6  20.9 294.6  20.9 2.36E-04 002.4 112.3  51.5 0.704848 0.428517 0.541451 hargrave 2021-01-11 13:39:23 
TT 450 292.5  22.5 292.5  22.5 2.17E-04 006.1 115.7  52.9 2.237577 0.271763 0.465739 hargrave 2021-01-11 18:46:01 
TT 500 291.9  19.3 291.9  19.3 1.97E-04 003.0 110.6  54.2 0.844205 0.387372 0.448945 hargrave 2021-01-12 15:18:32 
TT 525 291.4  19.8 291.4  19.8 1.84E-04 006.4 111.7  54.6 2.010938 0.158719 0.479109 hargrave 2021-01-13 09:11:43 
TT 550 292.9  19.2 292.9  19.2 1.66E-04 003.6 110.3  53.4 0.947780 0.195855 0.386014 hargrave 2021-01-13 16:56:03 
TT 560 292.5  15.7 292.5  15.7 7.84E-05 066.3 104.5  54.2 1.225074 4.741946 6.799230 hargrave 2021-01-23 15:43:16 
TT 570 290.7  18.9 290.7  18.9 1.46E-04 002.9 110.3  55.5 0.711726 0.121649 0.218716 hargrave 2021-01-24 17:09:19 
TT 570 290.7  18.9 290.7  18.9 1.46E-04 002.9 110.4  55.4 0.689896 0.122554 0.218226 hargrave 2021-01-24 18:25:09 
TT 580 291.4  18.2 291.4  18.2 1.38E-04 005.5 109.0  55.0 1.296760 0.061292 0.264199 hargrave 2021-01-28 15:13:39 
TT 590 291.2  15.7 291.2  15.7 1.37E-04 003.6 104.6  55.5 0.776666 0.228363 0.268118 hargrave 2021-01-29 13:20:22 
TT 600 291.8  18.2 291.8  18.2 1.26E-04 002.3 108.8  54.5 0.370572 0.238319 0.240762 hargrave 2021-01-31 12:01:13 
TT 610 287.8  18.6 287.8  18.6 1.16E-04 006.8 111.0  58.2 1.345250 0.293306 0.113079 hargrave 2021-01-31 20:04:23 
TT 620 292.6  13.1 292.6  13.1 1.11E-04 002.7 099.9  54.3 0.428855 0.235247 0.182043 hargrave 2021-02-02 13:45:27 
TT 630 291.9  14.0 291.9  14.0 1.08E-04 002.2 101.5  55.0 0.093391 0.349241 0.204067 hargrave 2021-02-03 20:15:33 
TT 640 292.0  16.2 292.0  16.2 9.67E-05 002.2 105.4  54.7 0.091439 0.304401 0.189567 hargrave 2021-02-04 14:17:37 
TT 650 289.7  14.6 289.7  14.6 8.79E-05 003.1 103.0  57.0 0.420463 0.177987 0.156554 hargrave 2021-02-05 08:59:30 
TT 660 292.4  15.3 292.4  15.3 7.90E-05 002.6 103.8  54.4 0.288563 0.142344 0.148272 hargrave 2021-02-05 17:04:05 
TT 664 291.4  14.4 291.4  14.4 6.69E-05 002.1 102.3  55.4 0.114329 0.170066 0.131276 hargrave 2021-02-06 10:43:39 
TT 668 294.7  08.0 294.7  08.0 6.11E-05 003.9 091.4  52.2 0.341441 0.196597 0.151679 hargrave 2021-02-07 13:25:32 
TT 672 292.3  18.5 292.3  18.5 5.09E-05 004.9 109.1  54.0 0.331497 0.264983 0.101931 hargrave 2021-02-09 17:59:28 
TT 674 295.2  08.3 295.2  08.3 4.76E-05 004.3 092.0  51.8 0.349363 0.080059 0.069199 hargrave 2021-02-11 17:45:19 
TT 676 289.4  16.8 289.4  16.8 4.51E-05 002.2 107.2  57.1 0.130130 0.098001 0.065243 hargrave 2021-02-12 11:31:26 
TT 678 292.7  17.4 292.7  17.4 3.14E-05 004.7 107.2  53.8 0.226308 0.129242 0.068184 hargrave 2021-02-13 11:29:21 
TT 680 288.5  12.3 288.5  12.3 2.65E-05 003.3 098.8  58.4 0.126957 0.078544 0.034587 hargrave 2021-02-13 16:23:37 
TT 682 253.1  10.0 253.1  10.0 1.20E-08 022.1 253.3  86.0 0.000275 0.000414 0.000334 hargrave 2021-02-16 10:57:50 
TT 682 289.2  19.9 289.2  19.9 1.13E-05 054.3 112.6  56.6 0.257285 0.614069 1.008231 hargrave 2021-02-16 12:09:15 
TT 684 303.7  21.0 303.7  21.0 1.46E-05 001.3 110.4  43.1 0.022823 0.031488 0.008226 hargrave 2021-02-16 17:14:48 
