CF- 172a mag compass orientation (IGRF corrected)
   84.1  -2.5  81.0               1.0
NRM    305.2  41.2 305.2  41.2 3.07E-04 003.0 140.5  43.8 0.864374 1.325103 0.255230 hargrave 2021-01-09 13:39:59 
TT 100 306.4  35.4 306.4  35.4 3.04E-04 002.0 132.8  45.8 0.786217 0.744477 0.120608 hargrave 2021-01-09 17:34:51 
TT 200 303.1  36.3 303.1  36.3 2.97E-04 000.5 135.8  47.7 0.201860 0.110118 0.136901 hargrave 2021-01-10 13:33:56 
TT 300 298.8  34.3 298.8  34.3 2.58E-04 001.7 136.1  51.8 0.482352 0.567446 0.103832 hargrave 2021-01-10 17:51:33 
TT 400 298.7  30.1 298.7  30.1 2.06E-04 002.3 130.3  54.0 0.525133 0.617551 0.087729 hargrave 2021-01-11 14:06:14 
TT 450 300.1  28.7 300.1  28.7 1.87E-04 001.4 127.2  53.6 0.213525 0.391003 0.082940 hargrave 2021-01-11 19:12:42 
TT 500 298.9  25.8 298.9  25.8 1.71E-04 000.9 123.4  55.8 0.231160 0.119421 0.045918 hargrave 2021-01-12 15:46:16 
TT 525 299.2  28.7 299.2  28.7 1.65E-04 000.9 127.8  54.3 0.233226 0.146225 0.065326 hargrave 2021-01-13 09:40:06 
TT 550 298.2  28.4 298.2  28.4 1.50E-04 001.2 128.1  55.2 0.274006 0.142716 0.060592 hargrave 2021-01-13 17:24:18 
TT 560 299.0  29.3 299.0  29.3 1.41E-04 002.0 128.9  54.2 0.394667 0.311072 0.064483 hargrave 2021-01-24 10:11:56 
TT 570 298.8  27.1 298.8  27.1 1.34E-04 000.6 125.6  55.3 0.113025 0.034853 0.078138 hargrave 2021-01-24 17:42:19 
TT 570 299.1  26.8 299.1  26.8 1.34E-04 000.6 124.9  55.2 0.054784 0.124508 0.074094 hargrave 2021-01-24 18:58:05 
TT 580 300.2  25.6 300.2  25.6 1.30E-04 002.7 122.3  54.8 0.545828 0.283859 0.041211 hargrave 2021-01-28 15:46:37 
TT 590 297.6  26.9 297.6  26.9 1.27E-04 002.3 126.1  56.4 0.374840 0.336173 0.041168 hargrave 2021-01-29 13:53:26 
TT 600 299.5  26.0 299.5  26.0 1.21E-04 002.8 123.3  55.2 0.517807 0.300456 0.043784 hargrave 2021-01-31 12:29:44 
TT 610 298.9  27.8 298.9  27.8 1.15E-04 001.7 126.7  54.9 0.298104 0.199673 0.048572 hargrave 2021-01-31 20:30:37 
TT 620 297.2  29.9 297.2  29.9 1.09E-04 001.7 131.1  55.2 0.163390 0.290356 0.061588 hargrave 2021-02-02 14:12:23 
TT 630 298.8  26.2 298.8  26.2 1.09E-04 001.1 124.1  55.7 0.212834 0.060503 0.041583 hargrave 2021-02-03 20:47:51 
TT 640 299.6  25.3 299.6  25.3 9.51E-05 001.1 122.1  55.4 0.104468 0.142251 0.042277 hargrave 2021-02-04 14:50:01 
TT 650 299.3  25.8 299.3  25.8 9.11E-05 002.4 123.2  55.5 0.251816 0.284990 0.056673 hargrave 2021-02-05 09:31:43 
TT 660 298.9  29.2 298.9  29.2 8.10E-05 005.4 128.7  54.3 0.552196 0.525831 0.050210 hargrave 2021-02-05 17:36:29 
TT 664 301.2  29.2 301.2  29.2 6.94E-05 003.9 127.2  52.6 0.356847 0.313453 0.038779 hargrave 2021-02-06 11:14:34 
TT 668 300.1  28.2 300.1  28.2 6.27E-05 001.2 126.4  53.8 0.065047 0.122797 0.024907 hargrave 2021-02-07 13:52:50 
TT 672 302.3  30.9 302.3  30.9 5.42E-05 001.8 129.0  51.0 0.084702 0.168612 0.018346 hargrave 2021-02-09 18:25:49 
TT 674 299.8  27.7 299.8  27.7 4.86E-05 001.0 125.9  54.3 0.053471 0.079160 0.029966 hargrave 2021-02-11 18:11:13 
TT 676 301.8  28.1 301.8  28.1 4.80E-05 001.7 125.2  52.5 0.097554 0.108489 0.014681 hargrave 2021-02-12 12:02:00 
TT 678 294.7  25.4 294.7  25.4 3.65E-05 001.0 125.8  59.4 0.028571 0.048483 0.024587 hargrave 2021-02-13 11:50:47 
TT 680 301.3  22.7 301.3  22.7 2.95E-05 001.7 116.9  54.8 0.052881 0.077476 0.016567 hargrave 2021-02-13 16:44:59 
TT 682 298.0  36.0 298.0  36.0 9.56E-06 029.6 138.9  51.3 0.481493 0.420694 0.795442 hargrave 2021-02-16 11:23:31 
TT 682 297.9  37.4 297.9  37.4 1.84E-05 001.0 140.9  50.5 0.024769 0.021026 0.013345 hargrave 2021-02-16 12:20:05 
TT 684 299.1  38.9 299.1  38.9 9.56E-06 025.2 141.7  48.8 0.527499 0.417877 0.768832 hargrave 2021-02-16 17:40:03 
TT 684 297.2  40.0 297.2  40.0 1.89E-05 001.5 144.4  49.3 0.027360 0.043189 0.012713 hargrave 2021-02-16 18:36:47 
