CF- 162a mag compass orientation (IGRF corrected)
   78.1   6.5  83.0               1.0
NRM    321.0  69.4 321.0  69.4 2.22E-04 004.0 164.6  21.3 0.605845 1.399088 0.352325 hargrave 2021-01-09 13:26:34 
TT 100 308.7  69.2 308.7  69.2 2.06E-04 002.3 168.0  24.3 0.317902 0.719640 0.296504 hargrave 2021-01-09 17:21:46 
TT 200 308.6  61.5 308.6  61.5 1.76E-04 001.0 162.9  30.6 0.184575 0.043035 0.234633 hargrave 2021-01-10 13:18:05 
TT 300 291.2  50.5 291.2  50.5 1.26E-04 001.2 166.9  44.8 0.201965 0.180426 0.066291 hargrave 2021-01-10 17:34:52 
TT 400 283.8  43.4 283.8  43.4 8.04E-05 001.3 171.1  53.0 0.149155 0.105060 0.048800 hargrave 2021-01-11 13:53:11 
TT 450 284.2  39.0 284.2  39.0 7.20E-05 001.5 168.9  57.2 0.161491 0.097186 0.054078 hargrave 2021-01-11 18:59:47 
TT 500 285.1  34.9 285.1  34.9 5.98E-05 001.8 165.4  61.0 0.083606 0.174709 0.025655 hargrave 2021-01-12 15:32:51 
TT 525 284.6  33.0 284.6  33.0 5.36E-05 001.9 164.9  62.9 0.121930 0.134069 0.030252 hargrave 2021-01-13 09:26:44 
TT 550 283.6  36.6 283.6  36.6 4.26E-05 004.0 168.6  59.6 0.127270 0.269055 0.019841 hargrave 2021-01-13 17:10:15 
TT 560 285.8  33.4 285.8  33.4 4.15E-05 003.8 163.2  62.3 0.078760 0.269601 0.009400 hargrave 2021-01-23 16:00:28 
TT 570 286.0  30.7 286.0  30.7 3.89E-05 001.9 160.5  64.7 0.073509 0.112935 0.025747 hargrave 2021-01-24 17:26:30 
TT 570 286.1  30.5 286.1  30.5 3.90E-05 001.8 160.2  64.8 0.070794 0.105828 0.020143 hargrave 2021-01-24 18:42:15 
TT 580 283.3  27.3 283.3  27.3 3.62E-05 001.3 163.2  68.8 0.065715 0.060527 0.007544 hargrave 2021-01-28 15:30:41 
TT 590 282.0  32.1 282.0  32.1 3.22E-05 002.6 169.2  64.4 0.066003 0.130962 0.026749 hargrave 2021-01-29 13:37:33 
TT 600 285.9  31.0 285.9  31.0 3.25E-05 002.5 161.0  64.4 0.060758 0.133767 0.025466 hargrave 2021-01-31 12:15:24 
TT 610 283.1  25.0 283.1  25.0 2.75E-05 001.5 161.4  70.9 0.053738 0.052563 0.024965 hargrave 2021-01-31 20:17:54 
TT 620 286.8  28.5 286.8  28.5 2.80E-05 002.1 156.9  66.4 0.076684 0.078251 0.012183 hargrave 2021-02-02 13:59:31 
TT 630 282.7  22.7 282.7  22.7 2.67E-05 002.3 159.7  73.2 0.058500 0.092646 0.009477 hargrave 2021-02-03 20:32:17 
TT 640 293.2  16.6 293.2  16.6 2.45E-05 002.1 122.0  71.0 0.058766 0.076373 0.007739 hargrave 2021-02-04 14:34:22 
TT 650 297.0  09.7 297.0  09.7 2.52E-05 002.0 099.1  69.5 0.040029 0.085255 0.009258 hargrave 2021-02-05 09:16:11 
TT 660 293.5  23.4 293.5  23.4 1.90E-05 002.6 136.9  66.8 0.040060 0.078669 0.008063 hargrave 2021-02-05 17:20:53 
TT 664 300.1  20.2 300.1  20.2 2.04E-05 002.4 122.4  63.6 0.053217 0.074424 0.010755 hargrave 2021-02-06 11:00:24 
TT 668 302.4  15.7 302.4  15.7 1.74E-05 002.9 111.1  63.2 0.032185 0.078318 0.029161 hargrave 2021-02-07 13:39:50 
TT 672 295.3  17.2 295.3  17.2 1.63E-05 002.5 120.8  69.0 0.033357 0.062495 0.019959 hargrave 2021-02-09 18:13:43 
TT 674 315.3  09.4 315.3  09.4 1.83E-05 002.2 096.3  51.5 0.019393 0.061268 0.034316 hargrave 2021-02-11 17:59:18 
TT 676 306.9 -04.2 306.9 -04.2 1.53E-05 002.2 070.5  57.7 0.039108 0.038995 0.020604 hargrave 2021-02-12 11:48:35 
TT 678 319.4  13.4 319.4  13.4 1.38E-05 002.9 102.2  47.4 0.036573 0.063887 0.022542 hargrave 2021-02-13 11:39:56 
TT 680 332.1  20.2 332.1  20.2 1.04E-05 003.8 109.8  34.6 0.063170 0.021101 0.025655 hargrave 2021-02-13 16:33:37 
TT 682 030.6  69.4 030.6  69.4 5.66E-06 009.4 161.2 -01.6 0.023750 0.074371 0.066419 hargrave 2021-02-16 11:09:31 
TT 682 042.7  60.6 042.7  60.6 2.68E-06 049.5 156.2 -10.5 0.257867 0.113128 0.051913 hargrave 2021-02-16 12:13:43 
TT 684 358.6  41.2 358.6  41.2 2.61E-06 051.8 130.7  10.5 0.179074 0.207822 0.052100 hargrave 2021-02-16 17:26:17 
TT 684 286.8  30.0 286.8  30.0 5.44E-09 070.9 158.6  64.1 0.000506 0.000599 0.000984 hargrave 2021-02-16 18:25:24 
