CF- 147a mag compass orientation (IGRF corrected)
   68.9   9.5  81.0               1.0
NRM    313.3  54.5 313.3  54.5 9.89E-04 001.0 156.0  37.2 1.013935 1.143213 0.650270 hargrave 2021-01-09 13:05:03 
TT 100 308.3  55.8 308.3  55.8 9.66E-04 000.7 159.9  38.0 0.736577 0.689611 0.659550 hargrave 2021-01-09 16:59:20 
TT 200 305.6  49.7 305.6  49.7 8.29E-04 001.8 156.8  43.9 1.471366 2.051332 0.474232 hargrave 2021-01-10 12:52:13 
TT 300 296.7  39.3 296.7  39.3 6.10E-04 000.9 155.8  56.0 0.786305 0.559567 0.285405 hargrave 2021-01-10 17:09:03 
TT 400 293.9  36.2 293.9  36.2 4.60E-04 002.9 156.5  59.8 1.099526 2.097345 0.140418 hargrave 2021-01-11 13:33:35 
TT 450 294.8  35.0 294.8  35.0 4.14E-04 000.7 154.1  60.4 0.268898 0.376719 0.132493 hargrave 2021-01-11 18:40:17 
TT 500 295.4  34.0 295.4  34.0 3.62E-04 001.2 152.0  61.0 0.483241 0.599410 0.118789 hargrave 2021-01-12 15:12:28 
TT 525 294.5  34.0 294.5  34.0 3.44E-04 000.9 153.3  61.4 0.291789 0.420874 0.106928 hargrave 2021-01-13 09:05:41 
TT 550 296.1  33.5 296.1  33.5 3.05E-04 000.5 150.5  61.1 0.170419 0.218951 0.097661 hargrave 2021-01-13 16:49:58 
TT 560 294.2  34.3 294.2  34.3 2.89E-04 001.9 154.0  61.4 0.514146 0.776482 0.100500 hargrave 2021-01-23 15:35:59 
TT 570 295.3  33.3 295.3  33.3 2.70E-04 001.5 151.4  61.7 0.581491 0.320757 0.269728 hargrave 2021-01-24 17:01:44 
TT 570 295.4  33.2 295.4  33.2 2.70E-04 001.4 151.1  61.6 0.548856 0.242292 0.261755 hargrave 2021-01-24 18:17:35 
TT 580 296.6  32.3 296.6  32.3 2.56E-04 000.8 148.2  61.8 0.153314 0.296917 0.096328 hargrave 2021-01-28 15:06:30 
TT 590 291.5  34.0 291.5  34.0 2.44E-04 003.2 157.9  62.7 0.747627 1.123922 0.149314 hargrave 2021-01-29 13:13:10 
TT 600 293.3  31.7 293.3  31.7 2.18E-04 000.8 152.5  63.9 0.166012 0.235881 0.083776 hargrave 2021-01-31 11:54:59 
TT 610 293.8  32.4 293.8  32.4 2.00E-04 001.1 152.6  63.1 0.279776 0.259889 0.111803 hargrave 2021-01-31 19:57:02 
TT 620 290.3  29.1 290.3  29.1 1.69E-04 001.1 154.8  67.5 0.103399 0.316357 0.035098 hargrave 2021-02-02 13:39:35 
TT 630 297.5  26.6 297.5  26.6 1.61E-04 000.9 138.2  65.5 0.066380 0.232902 0.049504 hargrave 2021-02-03 20:07:08 
TT 640 293.4  32.4 293.4  32.4 1.22E-04 000.9 153.1  63.3 0.141779 0.146285 0.026832 hargrave 2021-02-04 14:09:55 
TT 650 290.0  23.5 290.0  23.5 1.07E-04 000.6 146.7  72.4 0.079835 0.073779 0.028610 hargrave 2021-02-05 08:51:48 
TT 660 288.3  31.8 288.3  31.8 9.49E-05 001.8 161.6  65.8 0.078220 0.291370 0.024472 hargrave 2021-02-05 16:56:23 
TT 664 290.3  21.3 290.3  21.3 7.79E-05 001.1 140.9  73.9 0.135128 0.072558 0.026341 hargrave 2021-02-06 10:35:57 
TT 668 290.2  32.4 290.2  32.4 7.43E-05 001.7 158.5  64.6 0.128281 0.181877 0.032202 hargrave 2021-02-07 13:19:36 
TT 672 290.7  33.9 290.7  33.9 6.19E-05 000.8 159.2  63.1 0.056877 0.069247 0.021579 hargrave 2021-02-09 17:53:36 
TT 674 282.7  24.4 282.7  24.4 4.99E-05 001.0 169.1  74.3 0.021029 0.085580 0.012350 hargrave 2021-02-11 17:39:25 
TT 676 303.6  30.7 303.6  30.7 4.99E-05 003.6 137.4  58.8 0.206116 0.235500 0.019442 hargrave 2021-02-12 11:24:26 
TT 678 291.2  36.7 291.2  36.7 4.57E-05 001.4 160.8  60.4 0.070522 0.091346 0.019156 hargrave 2021-02-13 11:23:30 
TT 680 306.9  31.5 306.9  31.5 2.89E-05 001.1 135.4  56.1 0.024144 0.058872 0.011940 hargrave 2021-02-13 16:17:38 
TT 682 323.8  35.8 323.8  35.8 1.64E-05 002.9 130.7  41.7 0.048047 0.070786 0.010474 hargrave 2021-02-16 10:50:42 
TT 684 263.4  57.5 263.4  57.5 1.17E-05 003.5 191.2  39.9 0.021591 0.068626 0.017492 hargrave 2021-02-16 17:08:29 
