CF- 168a mag compass orientation (IGRF corrected)
   81.6  11.5  86.0               1.0
NRM    290.3  33.9 290.3  33.9 3.36E-04 001.6 165.7  59.0 0.599994 0.646314 0.392076 hargrave 2021-01-09 13:35:52 
TT 100 290.1  33.6 290.1  33.6 3.28E-04 001.6 165.8  59.4 0.768166 0.209838 0.411883 hargrave 2021-01-09 17:31:01 
TT 200 288.8  32.0 288.8  32.0 3.04E-04 001.1 167.1  61.2 0.434884 0.292673 0.288257 hargrave 2021-01-10 13:29:19 
TT 300 286.3  26.3 286.3  26.3 2.52E-04 001.2 168.8  67.2 0.337906 0.351971 0.160994 hargrave 2021-01-10 17:46:56 
TT 400 285.3  21.2 285.3  21.2 1.94E-04 001.4 168.2  72.4 0.399585 0.198224 0.125731 hargrave 2021-01-11 14:02:29 
TT 450 286.0  20.0 286.0  20.0 1.69E-04 002.3 165.0  73.4 0.511642 0.421712 0.169523 hargrave 2021-01-11 19:08:58 
TT 500 285.4  19.6 285.4  19.6 1.43E-04 001.7 166.7  73.9 0.310901 0.270183 0.089432 hargrave 2021-01-12 15:42:25 
TT 525 284.8  19.3 284.8  19.3 1.37E-04 002.2 168.4  74.4 0.389512 0.334967 0.115099 hargrave 2021-01-13 09:36:14 
TT 550 286.2  20.3 286.2  20.3 5.91E-05 047.9 164.7  73.1 1.778781 0.486443 6.047484 hargrave 2021-01-13 17:20:27 
TT 550 147.3  84.2 147.3  84.2 2.92E-05 075.1 184.1 -00.0 0.133063 0.265186 12.24998 hargrave 2021-01-13 17:57:28 
TT 550 284.0  19.9 284.0  19.9 1.18E-04 003.0 171.6  73.9 0.347665 0.500261 0.108211 hargrave 2021-01-13 18:04:56 
TT 560 284.9  18.8 284.9  18.8 1.10E-04 003.0 167.5  74.8 0.074264 0.566505 0.032732 hargrave 2021-01-24 10:08:06 
TT 570 285.1  18.7 285.1  18.7 1.02E-04 001.7 166.7  74.8 0.236154 0.172588 0.056272 hargrave 2021-01-24 17:37:48 
TT 570 285.4  18.9 285.4  18.9 1.02E-04 001.4 165.8  74.7 0.215280 0.121324 0.050469 hargrave 2021-01-24 18:53:34 
TT 580 286.7  17.2 286.7  17.2 9.65E-05 002.1 159.4  75.9 0.180275 0.297157 0.035008 hargrave 2021-01-28 15:42:03 
TT 590 285.1  17.9 285.1  17.9 9.10E-05 001.8 166.1  75.7 0.140416 0.246503 0.021766 hargrave 2021-01-29 13:48:52 
TT 600 285.7  17.8 285.7  17.8 8.45E-05 002.0 163.7  75.6 0.125772 0.270096 0.038069 hargrave 2021-01-31 12:24:45 
TT 610 284.7  15.5 284.7  15.5 7.96E-05 001.8 164.9  78.1 0.206495 0.153330 0.026729 hargrave 2021-01-31 20:27:06 
TT 620 285.6  14.9 285.6  14.9 7.22E-05 002.6 159.9  78.4 0.227511 0.227055 0.032978 hargrave 2021-02-02 14:08:45 
TT 630 284.1  16.5 284.1  16.5 6.43E-05 002.1 168.7  77.2 0.133321 0.199039 0.013509 hargrave 2021-02-03 20:43:07 
TT 640 287.8  14.7 287.8  14.7 5.54E-05 002.2 150.3  77.7 0.175914 0.122108 0.024177 hargrave 2021-02-04 14:45:12 
TT 650 282.9  12.2 282.9  12.2 4.91E-05 002.7 170.4  81.6 0.177461 0.143045 0.023525 hargrave 2021-02-05 09:26:58 
TT 660 290.6  13.3 290.6  13.3 4.28E-05 002.4 136.5  77.0 0.108857 0.148232 0.014427 hargrave 2021-02-05 17:31:43 
TT 664 282.7  15.4 282.7  15.4 3.28E-05 001.9 174.1  78.6 0.081515 0.074357 0.009709 hargrave 2021-02-06 11:09:47 
TT 668 294.1  15.1 294.1  15.1 1.54E-05 065.5 132.6  73.3 0.320726 0.347863 1.577359 hargrave 2021-02-07 13:48:55 
TT 668 290.8  14.3 290.8  14.3 3.07E-05 003.0 138.9  76.2 0.151037 0.057651 0.015947 hargrave 2021-02-07 14:34:28 
TT 672 287.4  17.6 287.4  17.6 1.32E-05 013.4 157.3  75.2 0.332021 0.142303 1.363334 hargrave 2021-02-09 18:22:10 
TT 674 290.0  15.9 290.0  15.9 2.49E-05 002.6 145.3  75.5 0.046440 0.108598 0.014115 hargrave 2021-02-11 18:07:24 
TT 676 281.0  21.2 281.0  21.2 2.04E-05 003.0 181.7  72.7 0.045168 0.097302 0.025791 hargrave 2021-02-12 11:57:26 
TT 678 288.9  17.8 288.9  17.8 1.82E-05 002.6 152.9  74.4 0.043743 0.073379 0.008367 hargrave 2021-02-13 11:45:53 
TT 680 277.3  18.4 277.3  18.4 1.65E-05 002.8 195.8  75.0 0.036014 0.073278 0.014798 hargrave 2021-02-13 16:40:09 
TT 682 293.4  12.6 293.4  12.6 6.28E-06 012.1 127.0  75.4 0.103886 0.137975 0.648682 hargrave 2021-02-16 11:17:27 
TT 682 288.4  09.2 288.4  09.2 6.21E-06 076.1 127.8  81.4 0.060822 0.078083 0.657475 hargrave 2021-02-16 12:15:15 
TT 684 252.3 -22.7 252.3 -22.7 9.42E-10 081.4 314.5  46.5 0.000596 0.000730 0.001168 hargrave 2021-02-16 17:34:00 
TT 684 276.5  05.8 276.5  05.8 4.95E-06 055.5 250.2  84.7 0.016454 0.045717 0.526695 hargrave 2021-02-16 18:32:23 
