CF- 167a mag compass orientation (IGRF corrected)
   81.1  12.5  85.0               1.0
NRM    296.0  36.8 296.0  36.8 4.83E-04 002.4 160.6  55.9 1.079723 1.748143 0.204542 hargrave 2021-01-09 13:34:33 
TT 100 296.9  36.1 296.9  36.1 4.87E-04 001.9 158.8  56.2 0.354146 1.599849 0.231805 hargrave 2021-01-09 17:29:41 
TT 200 293.2  35.8 293.2  35.8 4.87E-04 001.0 163.6  57.6 0.203329 0.802679 0.149754 hargrave 2021-01-10 13:27:43 
TT 300 296.5  30.9 296.5  30.9 4.56E-04 004.8 154.8  60.9 1.552143 3.465786 0.125926 hargrave 2021-01-10 17:45:20 
TT 400 294.2  29.6 294.2  29.6 3.98E-04 002.4 157.2  63.0 0.710953 1.520903 0.102821 hargrave 2021-01-11 14:01:09 
TT 450 292.6  30.4 292.6  30.4 3.61E-04 001.8 160.7  62.9 0.641478 0.898043 0.111750 hargrave 2021-01-11 19:07:40 
TT 500 293.2  29.6 293.2  29.6 3.28E-04 002.3 158.8  63.4 0.497847 1.198350 0.097365 hargrave 2021-01-12 15:41:03 
TT 525 294.5  29.5 294.5  29.5 3.16E-04 001.0 156.6  63.0 0.387010 0.351375 0.108344 hargrave 2021-01-13 09:34:54 
TT 550 295.2  30.2 295.2  30.2 2.84E-04 002.1 156.0  62.1 0.526045 0.872229 0.080781 hargrave 2021-01-13 17:18:24 
TT 560 293.5  29.6 293.5  29.6 2.73E-04 001.5 158.4  63.3 0.495637 0.491663 0.163589 hargrave 2021-01-24 10:06:40 
TT 570 293.1  30.5 293.1  30.5 2.58E-04 001.0 159.8  62.6 0.211031 0.324742 0.266504 hargrave 2021-01-24 17:36:13 
TT 570 292.8  30.6 292.8  30.6 2.58E-04 000.9 160.5  62.6 0.250994 0.202716 0.259473 hargrave 2021-01-24 18:51:59 
TT 580 294.5  29.6 294.5  29.6 2.49E-04 001.2 156.7  62.9 0.166584 0.500925 0.121052 hargrave 2021-01-28 15:40:26 
TT 590 292.1  29.6 292.1  29.6 2.40E-04 002.9 160.7  63.8 0.300293 1.191384 0.105889 hargrave 2021-01-29 13:47:16 
TT 600 291.3  28.5 291.3  28.5 2.35E-04 001.1 161.4  65.0 0.201885 0.373997 0.119272 hargrave 2021-01-31 12:23:29 
TT 610 293.5  28.4 293.5  28.4 2.24E-04 001.6 157.2  64.3 0.079024 0.612255 0.122064 hargrave 2021-01-31 20:25:51 
TT 620 292.0  29.4 292.0  29.4 2.10E-04 002.9 161.0  64.0 0.407993 0.966293 0.054116 hargrave 2021-02-02 14:07:33 
TT 630 293.5  29.7 293.5  29.7 2.02E-04 001.4 158.4  63.2 0.265903 0.407762 0.050277 hargrave 2021-02-03 20:41:37 
TT 640 293.8  29.3 293.8  29.3 1.85E-04 001.5 157.5  63.5 0.246455 0.403679 0.042392 hargrave 2021-02-04 14:43:45 
TT 650 292.9  27.4 292.9  27.4 1.64E-04 001.6 157.3  65.6 0.252155 0.384865 0.034914 hargrave 2021-02-05 09:25:31 
TT 660 291.1  29.5 291.1  29.5 1.52E-04 000.5 162.6  64.1 0.129492 0.070698 0.034670 hargrave 2021-02-05 17:30:14 
TT 664 293.3  29.4 293.3  29.4 1.28E-04 001.1 158.5  63.6 0.159094 0.201965 0.028974 hargrave 2021-02-06 11:08:20 
TT 668 290.0  30.8 290.0  30.8 1.21E-04 001.3 165.6  63.3 0.240866 0.147770 0.031962 hargrave 2021-02-07 13:46:56 
TT 672 290.8  31.1 290.8  31.1 1.06E-04 001.8 164.3  62.8 0.211152 0.259193 0.026151 hargrave 2021-02-09 18:20:04 
TT 674 290.7  26.5 290.7  26.5 6.31E-05 002.7 160.8  67.1 0.079567 0.287568 0.060127 hargrave 2021-02-11 18:05:53 
TT 676 293.4  31.5 293.4  31.5 5.89E-05 000.9 160.1  61.6 0.072832 0.063544 0.032365 hargrave 2021-02-12 11:55:54 
TT 678 286.7  32.2 286.7  32.2 5.76E-05 003.2 172.2  62.5 0.079628 0.310645 0.038917 hargrave 2021-02-13 11:44:43 
TT 680 295.4  28.6 295.4  28.6 5.40E-05 001.6 154.1  63.4 0.069318 0.135578 0.027925 hargrave 2021-02-13 16:38:51 
TT 682 287.8  26.5 287.8  26.5 4.97E-05 001.5 167.3  68.0 0.093962 0.075961 0.046672 hargrave 2021-02-16 11:15:07 
TT 684 295.4  27.6 295.4  27.6 1.69E-05 019.7 153.0  64.2 0.699278 0.357543 1.626275 hargrave 2021-02-16 17:32:30 
TT 684 294.3  28.2 294.3  28.2 3.37E-05 002.2 155.6  64.2 0.078850 0.106953 0.025144 hargrave 2021-02-16 18:30:07 
