CF- 179a mag compass orientation (IGRF corrected)
   89.7   3.5  85.0               1.0
NRM    298.8  39.1 298.8  39.1 1.20E-04 003.3 149.6  49.0 0.580189 0.332836 0.235744 hargrave 2021-01-09 13:51:51 
TT 100 293.1  38.7 293.1  38.7 1.16E-04 004.4 154.9  51.9 0.611788 0.599675 0.215889 hargrave 2021-01-09 17:47:06 
TT 200 291.7  34.0 291.7  34.0 1.08E-04 005.5 152.1  56.4 0.691168 0.777058 0.147700 hargrave 2021-01-10 13:47:56 
TT 300 286.2  30.1 286.2  30.1 8.38E-05 001.4 155.9  62.1 0.178699 0.062532 0.071717 hargrave 2021-01-10 18:05:34 
TT 400 286.0  26.3 286.0  26.3 6.46E-05 002.4 152.1  65.6 0.258635 0.078715 0.071526 hargrave 2021-01-11 14:40:52 
TT 450 286.3  26.1 286.3  26.1 6.24E-05 004.2 151.1  65.6 0.401416 0.215835 0.077047 hargrave 2021-01-11 19:23:33 
TT 500 285.2  25.1 285.2  25.1 5.86E-05 002.1 152.0  67.0 0.191825 0.079684 0.064361 hargrave 2021-01-12 15:57:17 
TT 525 284.3  23.9 284.3  23.9 5.51E-05 002.8 152.4  68.4 0.252045 0.059824 0.090753 hargrave 2021-01-13 09:52:04 
TT 550 286.8  22.1 286.8  22.1 4.88E-05 002.7 144.2  68.5 0.211879 0.074818 0.068275 hargrave 2021-01-13 17:36:14 
TT 560 286.2  22.1 286.2  22.1 3.76E-05 002.2 145.6  69.0 0.133554 0.050753 0.034547 hargrave 2021-01-24 10:24:00 
TT 570 288.2  21.4 288.2  21.4 3.53E-05 001.6 140.3  68.3 0.083086 0.043840 0.026750 hargrave 2021-01-24 17:55:58 
TT 570 288.1  21.6 288.1  21.6 3.53E-05 001.4 141.0  68.2 0.069012 0.050988 0.024968 hargrave 2021-01-24 19:11:46 
TT 580 287.4  23.5 287.4  23.5 3.29E-05 001.9 145.5  67.1 0.103235 0.028773 0.028189 hargrave 2021-01-28 16:00:48 
TT 590 286.2  19.5 286.2  19.5 3.32E-05 001.9 140.6  70.9 0.027649 0.104497 0.026066 hargrave 2021-01-29 14:06:44 
TT 600 291.7  19.2 291.7  19.2 3.22E-05 002.2 130.3  67.2 0.119799 0.022446 0.032645 hargrave 2021-01-31 12:40:37 
TT 610 297.1  19.7 297.1  19.7 2.98E-05 003.9 124.6  62.7 0.201310 0.027554 0.033847 hargrave 2021-01-31 20:41:06 
TT 620 293.6  20.6 293.6  20.6 2.95E-05 004.0 130.4  65.0 0.202448 0.048663 0.019516 hargrave 2021-02-02 14:23:12 
TT 630 292.2  19.5 292.2  19.5 2.84E-05 002.8 130.2  66.7 0.136780 0.023561 0.017740 hargrave 2021-02-03 21:00:45 
TT 640 291.7  21.5 291.7  21.5 2.59E-05 002.4 134.8  65.9 0.104033 0.021444 0.026605 hargrave 2021-02-04 15:02:53 
TT 650 287.3  21.9 287.3  21.9 2.29E-05 002.8 142.9  68.5 0.107804 0.020396 0.023765 hargrave 2021-02-05 09:44:28 
TT 660 287.3  20.1 287.3  20.1 1.94E-05 002.5 139.6  69.8 0.074642 0.026028 0.029005 hargrave 2021-02-05 17:49:17 
TT 664 287.3  17.0 287.3  17.0 1.75E-05 002.3 132.7  71.9 0.042982 0.045959 0.032237 hargrave 2021-02-06 11:27:26 
TT 668 296.6  07.4 296.6  07.4 1.59E-05 002.1 097.1  66.9 0.054333 0.016814 0.018312 hargrave 2021-02-07 14:04:28 
TT 672 289.9 -03.1 289.9 -03.1 1.32E-05 003.7 063.9  71.7 0.079573 0.029711 0.008421 hargrave 2021-02-09 18:33:50 
TT 674 275.5  18.9 275.5  18.9 9.80E-06 002.7 172.1  75.9 0.036388 0.031175 0.006396 hargrave 2021-02-11 18:19:27 
TT 676 284.7  13.5 284.7  13.5 9.60E-06 002.4 128.5  76.1 0.037279 0.014901 0.002852 hargrave 2021-02-12 12:09:24 
TT 678 291.5 -05.1 291.5 -05.1 3.84E-06 059.1 061.0  69.4 0.069768 0.127227 0.384193 hargrave 2021-02-13 11:56:03 
TT 678 291.5  01.5 291.5  01.5 7.25E-06 006.1 079.6  71.7 0.048122 0.068164 0.021893 hargrave 2021-02-13 12:18:08 
TT 680 262.0 -08.5 262.0 -08.5 3.75E-06 005.4 319.6  72.2 0.018683 0.025384 0.044790 hargrave 2021-02-13 16:47:39 
TT 682 295.7  23.2 295.7  23.2 1.50E-06 019.7 132.6  61.9 0.051301 0.055974 0.141015 hargrave 2021-02-16 11:26:25 
TT 682 297.6  27.6 297.6  27.6 1.27E-06 065.2 137.3  57.8 0.053007 0.048837 0.116103 hargrave 2021-02-16 12:22:58 
