CF- 154a mag compass orientation (IGRF corrected)
     73  14.5  94.0               1.0
NRM    302.3  62.2 302.3  62.2 4.57E-04 000.9 171.1  22.4 0.328801 0.516198 0.377982 hargrave 2021-01-09 13:16:00 
TT 100 289.9  59.1 289.9  59.1 3.96E-04 004.3 176.9  26.8 0.187555 2.974030 0.244788 hargrave 2021-01-09 17:10:50 
TT 200 290.0  49.6 290.0  49.6 2.91E-04 003.6 175.6  36.2 0.196887 1.812546 0.144894 hargrave 2021-01-10 13:05:26 
TT 300 285.1  38.8 285.1  38.8 1.93E-04 005.1 179.4  47.2 0.090447 1.725670 0.104644 hargrave 2021-01-10 17:23:03 
TT 400 283.5  35.7 283.5  35.7 1.26E-04 003.7 181.2  50.3 0.110620 0.800670 0.103523 hargrave 2021-01-11 13:43:42 
TT 450 284.9  34.6 284.9  34.6 1.11E-04 001.9 179.5  51.4 0.071298 0.363442 0.104059 hargrave 2021-01-11 18:50:16 
TT 500 282.8  34.2 282.8  34.2 9.52E-05 002.1 182.3  51.7 0.102166 0.334279 0.089108 hargrave 2021-01-12 15:22:54 
TT 525 283.2  32.3 283.2  32.3 8.86E-05 004.9 181.9  53.7 0.130926 0.756940 0.078870 hargrave 2021-01-13 09:16:49 
TT 550 283.7  34.7 283.7  34.7 7.04E-05 003.4 181.0  51.3 0.067714 0.409847 0.076735 hargrave 2021-01-13 17:00:23 
TT 560 283.8  32.7 283.8  32.7 6.35E-05 004.1 181.0  53.3 0.079484 0.450586 0.048795 hargrave 2021-01-23 15:48:28 
TT 570 281.0  33.6 281.0  33.6 5.83E-05 003.9 184.7  52.3 0.137678 0.351644 0.145575 hargrave 2021-01-24 17:14:26 
TT 570 281.4  33.5 281.4  33.5 5.83E-05 003.6 184.2  52.4 0.131701 0.316674 0.137191 hargrave 2021-01-24 18:30:15 
TT 580 283.2  34.0 283.2  34.0 5.42E-05 005.8 181.8  52.0 0.081983 0.539099 0.069692 hargrave 2021-01-28 15:18:51 
TT 590 281.5  33.1 281.5  33.1 4.77E-05 003.1 184.2  52.8 0.069860 0.244160 0.071363 hargrave 2021-01-29 13:25:40 
TT 600 278.2  35.4 278.2  35.4 4.14E-05 005.4 188.1  50.1 0.087806 0.380425 0.074983 hargrave 2021-01-31 12:05:31 
TT 610 276.5  33.0 276.5  33.0 3.59E-05 002.8 191.0  52.3 0.074085 0.147896 0.079543 hargrave 2021-01-31 20:08:37 
TT 620 273.9  34.9 273.9  34.9 3.01E-05 003.9 193.5  49.8 0.086056 0.181790 0.063596 hargrave 2021-02-02 13:49:50 
TT 630 280.9  34.4 280.9  34.4 2.88E-05 004.6 184.8  51.4 0.073718 0.219460 0.038430 hargrave 2021-02-03 20:20:09 
TT 640 284.6  35.8 284.6  35.8 2.45E-05 005.4 179.9  50.2 0.071338 0.225406 0.018518 hargrave 2021-02-04 14:22:22 
TT 650 278.0  32.3 278.0  32.3 2.11E-05 004.6 189.1  53.2 0.047646 0.161452 0.028123 hargrave 2021-02-05 09:04:13 
TT 660 289.9  26.6 289.9  26.6 1.53E-05 004.7 170.6  59.0 0.039443 0.122027 0.016621 hargrave 2021-02-05 17:08:50 
TT 664 294.6  22.5 294.6  22.5 1.35E-05 004.9 159.9  61.7 0.036007 0.113242 0.013749 hargrave 2021-02-06 10:48:16 
TT 668 278.2  37.3 278.2  37.3 1.38E-05 005.1 187.5  48.2 0.030362 0.113422 0.039152 hargrave 2021-02-07 13:30:08 
TT 672 293.0  33.2 293.0  33.2 1.07E-05 003.1 168.4  51.9 0.030304 0.054541 0.006638 hargrave 2021-02-09 18:03:29 
TT 674 270.3 -01.3 270.3 -01.3 8.01E-06 005.5 259.4  75.6 0.027477 0.064715 0.035454 hargrave 2021-02-11 17:49:09 
TT 676 298.2  13.5 298.2  13.5 8.25E-06 005.7 142.5  67.9 0.030955 0.078321 0.014533 hargrave 2021-02-12 11:36:17 
