CF- 160a mag compass orientation (IGRF corrected)
   76.8   6.5  84.0               1.0
NRM    311.5  54.4 311.5  54.4 8.30E-04 001.3 156.3  34.0 0.559842 1.878302 0.430002 hargrave 2021-01-09 13:24:12 
TT 100 312.9  49.7 312.9  49.7 7.99E-04 000.6 151.4  36.7 0.461486 0.648597 0.404360 hargrave 2021-01-09 17:19:25 
TT 200 301.7  43.9 301.7  43.9 6.38E-04 000.7 153.7  46.1 0.380424 0.609376 0.280193 hargrave 2021-01-10 13:15:08 
TT 300 295.4  35.1 295.4  35.1 4.55E-04 000.3 151.6  56.1 0.181897 0.156831 0.156376 hargrave 2021-01-10 17:31:56 
TT 400 296.0  31.6 296.0  31.6 3.23E-04 000.5 147.0  58.5 0.132569 0.266905 0.108219 hargrave 2021-01-11 13:50:49 
TT 450 293.0  32.7 293.0  32.7 2.87E-04 001.0 152.1  59.2 0.393020 0.292818 0.148062 hargrave 2021-01-11 18:57:26 
TT 500 294.5  31.5 294.5  31.5 2.47E-04 001.1 148.8  59.4 0.381372 0.273444 0.085353 hargrave 2021-01-12 15:30:21 
TT 525 291.9  32.1 291.9  32.1 2.30E-04 001.9 153.0  60.2 0.188436 0.756423 0.128438 hargrave 2021-01-13 09:24:14 
TT 550 293.5  31.4 293.5  31.4 1.96E-04 001.4 150.0  60.0 0.221686 0.435234 0.086181 hargrave 2021-01-13 17:07:50 
TT 560 295.4  32.7 295.4  32.7 1.82E-04 002.1 149.0  58.0 0.417432 0.519165 0.097394 hargrave 2021-01-23 15:57:30 
TT 570 295.3  31.1 295.3  31.1 1.70E-04 002.3 147.2  59.4 0.476573 0.481130 0.179333 hargrave 2021-01-24 17:23:15 
TT 570 295.4  31.0 295.4  31.0 1.70E-04 002.2 147.0  59.4 0.447490 0.455619 0.173394 hargrave 2021-01-24 18:39:01 
TT 580 294.3  32.2 294.3  32.2 1.59E-04 001.7 149.9  59.0 0.291256 0.363797 0.108516 hargrave 2021-01-28 15:27:43 
TT 590 292.2  30.5 292.2  30.5 1.47E-04 002.0 150.9  61.4 0.353299 0.355640 0.126634 hargrave 2021-01-29 13:34:35 
TT 600 293.7  31.8 293.7  31.8 1.27E-04 001.1 150.2  59.6 0.138384 0.189843 0.094789 hargrave 2021-01-31 12:12:35 
TT 610 292.5  29.3 292.5  29.3 1.16E-04 001.2 148.9  62.2 0.083947 0.198423 0.105382 hargrave 2021-01-31 20:15:28 
TT 620 294.2  30.3 294.2  30.3 9.95E-05 001.1 147.7  60.5 0.126086 0.148606 0.042131 hargrave 2021-02-02 13:57:02 
TT 630 295.1  30.3 295.1  30.3 9.02E-05 001.2 146.6  60.1 0.087560 0.170911 0.040868 hargrave 2021-02-03 20:29:19 
TT 640 300.8  24.0 300.8  24.0 7.08E-05 001.0 130.2  60.6 0.124104 0.043674 0.017041 hargrave 2021-02-04 14:31:18 
TT 650 299.3  23.2 299.3  23.2 6.17E-05 001.5 130.5  62.1 0.066592 0.158211 0.012786 hargrave 2021-02-05 09:13:07 
TT 660 297.4  30.5 297.4  30.5 5.15E-05 001.7 143.9  58.6 0.092070 0.126774 0.027776 hargrave 2021-02-05 17:17:49 
TT 664 296.8  29.4 296.8  29.4 4.92E-05 002.1 143.0  59.8 0.104105 0.152283 0.037654 hargrave 2021-02-06 10:57:26 
TT 668 306.3  16.5 306.3  16.5 3.94E-05 001.4 112.3  59.0 0.054102 0.079015 0.034587 hargrave 2021-02-07 13:37:29 
TT 672 291.1  28.9 291.1  28.9 3.37E-05 001.1 150.6  63.2 0.024513 0.059520 0.013637 hargrave 2021-02-09 18:11:18 
TT 674 305.7  13.4 305.7  13.4 2.86E-05 001.3 106.7  60.3 0.019639 0.064447 0.011664 hargrave 2021-02-11 17:56:56 
TT 676 309.9  08.5 309.9  08.5 2.28E-05 001.7 096.4  56.8 0.046710 0.050867 0.016783 hargrave 2021-02-12 11:45:35 
TT 678 321.7  20.8 321.7  20.8 2.20E-05 001.8 113.2  43.8 0.063321 0.036568 0.017746 hargrave 2021-02-13 11:37:29 
TT 680 350.0 -05.7 350.0 -05.7 1.16E-05 002.9 082.4  15.7 0.057362 0.023619 0.015210 hargrave 2021-02-13 16:31:05 
TT 682 274.8  57.1 274.8  57.1 6.26E-06 002.1 181.2  38.9 0.015165 0.020679 0.014723 hargrave 2021-02-16 11:06:44 
TT 684 235.7  67.3 235.7  67.3 3.50E-06 065.3 195.9  22.8 0.332022 0.094802 0.145583 hargrave 2021-02-16 17:23:24 
TT 684 237.7  66.9 237.7  66.9 6.92E-06 004.6 195.5  23.6 0.016084 0.053030 0.014727 hargrave 2021-02-16 18:23:54 
