CF- 145a sun compass orientation
   67.3   6.1  85.0               1.0
NRM    322.5  70.0 322.5  70.0 3.42E-04 003.7 164.9  18.4 0.217885 2.020591 0.933139 hargrave 2021-01-09 13:02:06 
TT 100 327.9  67.3 327.9  67.3 3.29E-04 001.9 161.3  18.6 0.255747 0.451642 0.936069 hargrave 2021-01-09 16:57:06 
TT 200 332.9  61.6 332.9  61.6 2.79E-04 002.8 155.0  19.7 0.717627 0.950520 0.691612 hargrave 2021-01-10 12:49:25 
TT 300 323.1  55.0 323.1  55.0 1.52E-04 001.1 151.8  27.5 0.220655 0.113891 0.183806 hargrave 2021-01-10 17:06:15 
TT 400 316.4  43.9 316.4  43.9 8.31E-05 002.0 144.1  37.4 0.152095 0.190630 0.193410 hargrave 2021-01-11 13:31:21 
TT 450 316.9  44.4 316.9  44.4 6.40E-05 002.4 144.3  36.8 0.154739 0.138603 0.188235 hargrave 2021-01-11 18:38:04 
TT 500 321.5  38.7 321.5  38.7 5.82E-05 003.2 136.0  36.9 0.109009 0.246871 0.192570 hargrave 2021-01-12 15:10:07 
TT 525 322.7  31.5 322.7  31.5 6.10E-05 004.0 127.2  39.0 0.209606 0.317667 0.222393 hargrave 2021-01-13 09:03:23 
TT 550 322.9  26.8 322.9  26.8 4.76E-05 003.3 121.4  40.4 0.116244 0.195689 0.172739 hargrave 2021-01-13 16:47:38 
TT 560 316.9  30.4 316.9  30.4 4.45E-05 002.9 128.4  44.0 0.065555 0.186870 0.123763 hargrave 2021-01-23 15:33:11 
TT 570 312.8  32.6 312.8  32.6 4.29E-05 006.0 133.6  46.0 0.229377 0.391165 0.063234 hargrave 2021-01-24 16:59:01 
TT 570 312.0  33.7 312.0  33.7 4.29E-05 007.3 135.3  46.1 0.298935 0.463274 0.061835 hargrave 2021-01-24 18:14:51 
TT 580 311.9  36.9 311.9  36.9 4.09E-05 006.7 139.2  44.3 0.225522 0.426382 0.072669 hargrave 2021-01-28 15:03:42 
TT 590 320.8  34.3 320.8  34.3 3.92E-05 005.5 131.3  39.3 0.194606 0.317556 0.088736 hargrave 2021-01-29 13:10:20 
TT 600 311.9  30.1 311.9  30.1 3.55E-05 003.3 130.9  47.9 0.063898 0.201883 0.069722 hargrave 2021-01-31 11:52:39 
TT 610 321.8  22.1 321.8  22.1 3.44E-05 005.3 115.6  42.7 0.210250 0.236096 0.071274 hargrave 2021-01-31 19:54:41 
TT 620 310.4  29.7 310.4  29.7 2.29E-05 003.2 131.4  49.3 0.096603 0.080793 0.050939 hargrave 2021-02-02 13:37:09 
TT 630 328.8  09.6 328.8  09.6 2.11E-05 003.2 098.3  37.6 0.045272 0.094957 0.070696 hargrave 2021-02-03 20:04:18 
TT 640 311.4  42.0 311.4  42.0 2.17E-05 003.2 145.0  41.5 0.055609 0.102189 0.051826 hargrave 2021-02-04 14:07:06 
TT 650 311.2 -13.7 311.2 -13.7 1.09E-05 003.4 061.4  50.5 0.039389 0.060030 0.011642 hargrave 2021-02-05 08:49:00 
TT 660 306.6  59.5 306.6  59.5 9.96E-06 004.3 162.5  30.7 0.034910 0.067781 0.025420 hargrave 2021-02-05 16:53:34 
TT 664 339.4  24.5 339.4  24.5 6.88E-06 003.6 114.9  26.3 0.019573 0.026459 0.030099 hargrave 2021-02-06 10:33:06 
TT 668 257.4  60.7 257.4  60.7 9.31E-06 001.2 190.7  32.6 0.018091 0.012454 0.008647 hargrave 2021-02-07 13:17:10 
TT 672 007.2  70.2 007.2  70.2 7.95E-06 002.3 160.2  04.3 0.020074 0.021173 0.026998 hargrave 2021-02-09 17:50:52 
TT 674 184.0 -30.5 184.0 -30.5 5.53E-06 003.9 300.3 -04.4 0.010339 0.018598 0.032641 hargrave 2021-02-11 17:36:42 
TT 676 006.3 -03.0 006.3 -03.0 7.98E-06 005.4 087.0 -00.5 0.067545 0.011127 0.034135 hargrave 2021-02-12 11:21:11 
