CF- 182a mag compass orientation (IGRF corrected)
   91.5  24.5  83.0               1.0
NRM    298.2  24.1 298.2  24.1 1.58E-04 001.1 168.7  72.5 0.095427 0.284495 0.050457 hargrave 2021-01-09 13:56:01 
TT 100 296.9  23.5 296.9  23.5 1.60E-04 001.2 172.2  73.3 0.104859 0.302244 0.051825 hargrave 2021-01-09 17:51:12 
TT 200 294.0  21.7 294.0  21.7 1.60E-04 002.2 181.8  75.3 0.174809 0.578153 0.059558 hargrave 2021-01-10 13:52:55 
TT 300 290.7  19.1 290.7  19.1 1.49E-04 001.8 196.5  77.3 0.209316 0.399246 0.083164 hargrave 2021-01-10 18:10:35 
TT 400 288.8  16.9 288.8  16.9 1.31E-04 001.2 208.8  78.7 0.125601 0.230770 0.063408 hargrave 2021-01-11 14:45:04 
TT 450 287.6  16.4 287.6  16.4 1.24E-04 001.5 214.9  78.4 0.172877 0.260877 0.063299 hargrave 2021-01-11 19:27:38 
TT 500 287.7  17.4 287.7  17.4 1.15E-04 001.4 211.8  77.7 0.154938 0.216281 0.085686 hargrave 2021-01-12 16:01:23 
TT 525 286.9  15.8 286.9  15.8 1.11E-04 002.0 219.4  78.4 0.214940 0.319588 0.037409 hargrave 2021-01-13 09:56:17 
TT 550 286.6  15.7 286.6  15.7 1.03E-04 001.2 221.2  78.3 0.118365 0.185834 0.049313 hargrave 2021-01-13 17:40:30 
TT 560 287.2  16.8 287.2  16.8 1.01E-04 002.1 215.2  77.9 0.202827 0.282156 0.107024 hargrave 2021-01-24 10:28:15 
TT 570 287.2  17.1 287.2  17.1 9.79E-05 002.0 214.5  77.7 0.271836 0.169733 0.117235 hargrave 2021-01-24 18:00:49 
TT 570 287.5  17.4 287.5  17.4 9.79E-05 002.1 212.7  77.6 0.318531 0.119754 0.119869 hargrave 2021-01-24 19:16:36 
TT 580 286.4  15.5 286.4  15.5 9.56E-05 001.9 222.6  78.4 0.086892 0.293625 0.080539 hargrave 2021-01-28 16:05:48 
TT 590 284.8  15.8 284.8  15.8 9.28E-05 001.9 226.3  77.0 0.121533 0.270936 0.092759 hargrave 2021-01-29 14:11:46 
TT 600 285.3  15.3 285.3  15.3 9.02E-05 001.9 226.6  77.7 0.264440 0.127688 0.086295 hargrave 2021-01-31 12:44:21 
TT 610 286.6  14.8 286.6  14.8 8.75E-05 001.3 224.1  78.9 0.159448 0.120168 0.058768 hargrave 2021-01-31 20:44:49 
TT 620 285.8  15.1 285.8  15.1 8.49E-05 001.4 225.7  78.3 0.100283 0.170660 0.058864 hargrave 2021-02-02 14:26:58 
TT 630 285.9  14.5 285.9  14.5 8.44E-05 001.8 227.8  78.7 0.071019 0.255845 0.060634 hargrave 2021-02-03 21:05:36 
TT 640 284.1  13.8 284.1  13.8 7.83E-05 001.8 235.6  77.7 0.079890 0.229058 0.067558 hargrave 2021-02-04 15:07:47 
TT 650 284.9  14.5 284.9  14.5 7.31E-05 002.1 230.7  78.0 0.086586 0.253143 0.059443 hargrave 2021-02-05 09:49:19 
TT 660 283.6  12.9 283.6  12.9 6.76E-05 002.2 240.6  77.7 0.103240 0.233861 0.054988 hargrave 2021-02-05 17:54:09 
TT 664 284.1  14.3 284.1  14.3 6.32E-05 001.5 233.4  77.5 0.094215 0.131437 0.059563 hargrave 2021-02-06 11:32:19 
TT 668 283.3  14.9 283.3  14.9 5.78E-05 001.5 233.3  76.4 0.072663 0.129058 0.055204 hargrave 2021-02-07 14:08:44 
TT 672 283.7  14.8 283.7  14.8 3.59E-05 001.6 232.8  76.9 0.062146 0.078269 0.036678 hargrave 2021-02-09 18:37:48 
TT 674 285.8  13.3 285.8  13.3 3.15E-05 001.4 233.2  79.4 0.045566 0.053583 0.037773 hargrave 2021-02-11 18:23:30 
TT 676 277.7  12.0 277.7  12.0 2.13E-05 002.3 252.1  72.7 0.024108 0.076543 0.028140 hargrave 2021-02-12 12:14:16 
TT 678 280.8  19.6 280.8  19.6 1.74E-05 001.7 225.4  71.7 0.040983 0.030964 0.011838 hargrave 2021-02-13 11:57:23 
TT 680 281.6  22.0 281.6  22.0 1.30E-05 001.6 218.3  70.5 0.021926 0.021553 0.019497 hargrave 2021-02-13 16:48:53 
TT 682 287.2  22.8 287.2  22.8 5.65E-06 002.1 203.2  72.7 0.007650 0.018502 0.007450 hargrave 2021-02-16 11:27:54 
TT 684 263.9  19.9 263.9  19.9 3.51E-06 025.6 243.5  57.6 0.089456 0.179848 0.316661 hargrave 2021-02-16 17:43:01 
TT 684 265.8  19.5 265.8  19.5 7.02E-06 003.1 243.0  59.5 0.024344 0.027256 0.011349 hargrave 2021-02-16 18:40:33 
