CF- 185a mag compass orientation (IGRF corrected)
   94.1 352.5  80.0               1.0
NRM    288.6  36.5 288.6  36.5 4.10E-04 003.0 142.5  54.5 1.072801 1.514189 1.089133 hargrave 2021-01-09 14:01:48 
TT 100 293.9  32.1 293.9  32.1 4.05E-04 002.8 131.9  53.5 1.296268 1.058584 1.109170 hargrave 2021-01-09 17:57:31 
TT 200 293.3  32.7 293.3  32.7 3.95E-04 002.8 133.4  53.7 0.702307 1.470473 1.073346 hargrave 2021-01-10 14:00:33 
TT 300 294.5  31.6 294.5  31.6 3.54E-04 002.9 130.9  53.4 0.383790 1.477479 0.940892 hargrave 2021-01-10 18:18:06 
TT 400 294.5  31.6 294.5  31.6 2.46E-04 003.4 130.9  53.3 1.272251 0.282865 0.660255 hargrave 2021-01-11 14:50:55 
TT 450 295.9  30.1 295.9  30.1 1.96E-04 003.0 127.7  53.0 0.766576 0.425411 0.539420 hargrave 2021-01-11 19:33:14 
TT 500 293.8  32.5 293.8  32.5 1.33E-04 004.0 132.8  53.4 0.863205 0.085928 0.337482 hargrave 2021-01-12 16:07:42 
TT 525 296.1  30.5 296.1  30.5 1.06E-04 005.3 128.3  52.6 0.919251 0.139827 0.337850 hargrave 2021-01-13 10:01:18 
TT 550 293.9  33.9 293.9  33.9 7.76E-05 005.5 134.6  52.6 0.684946 0.168473 0.244785 hargrave 2021-01-13 17:44:52 
TT 560 292.8  34.8 292.8  34.8 3.45E-05 034.6 136.7  52.8 1.625556 1.528473 2.937231 hargrave 2021-01-24 10:31:03 
TT 560 293.8  32.5 293.8  32.5 3.44E-05 034.4 132.7  53.4 1.491412 1.611369 2.954100 hargrave 2021-01-24 10:39:41 
TT 560 295.2  34.5 295.2  34.5 6.91E-05 002.6 134.5  51.4 0.277112 0.074474 0.148263 hargrave 2021-01-24 10:47:37 
TT 570 293.1  33.8 293.1  33.8 5.74E-05 002.8 135.0  53.3 0.256533 0.041709 0.114361 hargrave 2021-01-24 18:06:18 
TT 570 292.2  34.3 292.2  34.3 5.75E-05 002.8 136.5  53.6 0.208545 0.117025 0.145914 hargrave 2021-01-24 20:32:14 
TT 580 294.5  32.6 294.5  32.6 2.56E-05 063.8 132.2  52.8 1.112203 1.225008 2.182884 hargrave 2021-01-28 16:10:58 
TT 580 298.1  33.4 298.1  33.4 5.14E-05 003.6 131.2  49.8 0.045607 0.299373 0.126393 hargrave 2021-01-28 17:33:56 
TT 590 289.8  37.2 289.8  37.2 4.65E-05 002.5 142.3  53.3 0.149401 0.064211 0.121952 hargrave 2021-01-29 14:16:59 
TT 600 293.8  36.5 293.8  36.5 4.19E-05 003.4 138.2  51.2 0.151798 0.170288 0.118000 hargrave 2021-01-31 12:49:03 
TT 610 293.0  32.0 293.0  32.0 1.94E-05 056.7 132.5  54.2 0.817941 0.900604 1.687785 hargrave 2021-01-31 20:49:02 
TT 610 115.1  18.5 115.1  18.5 1.99E-05 015.7 228.5 -47.0 0.957903 1.087580 1.554667 hargrave 2021-02-01 09:12:02 
TT 610 294.8  35.1 294.8  35.1 3.90E-05 004.2 135.6  51.4 0.125650 0.224121 0.141733 hargrave 2021-02-01 09:19:44 
TT 620 296.7  32.0 296.7  32.0 1.68E-05 055.7 130.0  51.5 0.716088 0.863020 1.409634 hargrave 2021-02-02 14:31:18 
TT 620 293.1  36.7 293.1  36.7 1.67E-05 057.8 139.0  51.6 0.834105 0.734288 1.398519 hargrave 2021-02-02 15:09:26 
TT 620 294.7  35.2 294.7  35.2 1.67E-05 061.4 135.8  51.4 0.793468 0.782291 1.394503 hargrave 2021-02-02 15:25:54 
TT 620 292.9  40.2 292.9  40.2 3.34E-05 005.2 143.5  49.5 0.264515 0.138567 0.092359 hargrave 2021-02-02 15:43:03 
TT 630 294.0  35.2 294.0  35.2 1.68E-05 043.1 136.3  51.9 0.806956 0.759551 1.407825 hargrave 2021-02-03 21:11:00 
TT 630 296.7  37.9 296.7  37.9 3.34E-05 004.2 137.9  48.6 0.113868 0.213005 0.093225 hargrave 2021-02-03 21:26:52 
TT 640 296.2  37.8 296.2  37.8 3.12E-05 005.1 138.2  48.9 0.245705 0.077500 0.103974 hargrave 2021-02-04 15:13:06 
TT 650 300.8  43.7 300.8  43.7 2.54E-05 005.1 142.4  42.7 0.184848 0.075824 0.109452 hargrave 2021-02-05 09:54:36 
TT 660 296.7  43.5 296.7  43.5 1.99E-05 004.9 144.6  45.2 0.144220 0.041223 0.085497 hargrave 2021-02-05 17:59:27 
TT 664 296.4  35.6 296.4  35.6 2.05E-05 003.4 135.2  49.9 0.056636 0.095232 0.058121 hargrave 2021-02-06 11:35:31 
TT 668 299.9  36.0 299.9  36.0 8.22E-06 079.9 133.5  47.3 0.413800 0.434586 0.653907 hargrave 2021-02-07 14:11:26 
TT 668 300.3  35.0 300.3  35.0 8.45E-06 067.0 132.0  47.5 0.408132 0.453957 0.666985 hargrave 2021-02-07 14:39:40 
TT 668 305.1  34.5 305.1  34.5 1.67E-05 003.2 129.1  44.1 0.079653 0.030008 0.045239 hargrave 2021-02-07 14:52:51 
TT 672 293.1  36.5 293.1  36.5 1.29E-05 003.9 138.7  51.7 0.038077 0.062172 0.048277 hargrave 2021-02-09 18:40:21 
TT 674 319.9  38.2 319.9  38.2 1.25E-05 005.2 128.9  31.6 0.095745 0.054421 0.034803 hargrave 2021-02-11 18:26:07 
TT 676 320.1  48.0 320.1  48.0 9.86E-06 004.5 139.9  28.8 0.030654 0.068174 0.026905 hargrave 2021-02-12 12:17:26 
TT 678 330.4  27.5 330.4  27.5 7.17E-06 002.8 115.7  24.1 0.029695 0.017470 0.019334 hargrave 2021-02-13 11:59:50 
TT 680 022.9  65.2 022.9  65.2 4.72E-06 003.3 158.8 -03.0 0.010599 0.025380 0.010496 hargrave 2021-02-13 16:51:25 
TT 682 247.6  08.5 247.6  08.5 9.71E-09 044.1 274.7  74.6 0.000714 0.000727 0.000357 hargrave 2021-02-16 11:30:52 
TT 682 320.3  53.9 320.3  53.9 3.66E-06 009.0 146.1  26.7 0.020650 0.046308 0.029549 hargrave 2021-02-16 12:27:04 
