CF- 186a mag compass orientation (IGRF corrected)
   94.6   4.5  74.0               1.0
NRM    300.0  39.0 300.0  39.0 2.95E-04 002.3 141.0  58.0 0.996820 0.390674 0.535465 hargrave 2021-01-09 14:03:11 
TT 100 300.8  38.1 300.8  38.1 2.91E-04 003.6 138.9  58.0 0.360847 1.745183 0.491706 hargrave 2021-01-09 17:58:54 
TT 200 299.7  38.9 299.7  38.9 2.86E-04 002.0 141.0  58.3 0.903442 0.100491 0.454071 hargrave 2021-01-10 14:02:15 
TT 300 299.7  38.3 299.7  38.3 2.69E-04 001.9 140.1  58.6 0.730042 0.250945 0.406789 hargrave 2021-01-10 18:19:48 
TT 400 300.7  37.1 300.7  37.1 2.39E-04 003.1 137.3  58.7 1.203240 0.229863 0.361722 hargrave 2021-01-11 14:52:19 
TT 450 300.1  38.1 300.1  38.1 2.21E-04 003.6 139.5  58.5 1.306858 0.347442 0.409189 hargrave 2021-01-11 19:34:37 
TT 500 300.9  37.2 300.9  37.2 1.89E-04 002.2 137.4  58.5 0.577212 0.337152 0.286685 hargrave 2021-01-12 16:09:06 
TT 525 300.3  38.2 300.3  38.2 1.67E-04 002.8 139.5  58.2 0.776530 0.145896 0.268024 hargrave 2021-01-13 10:02:42 
TT 550 299.9  38.7 299.9  38.7 1.42E-04 002.8 140.5  58.3 0.651779 0.120880 0.231929 hargrave 2021-01-13 17:46:16 
TT 560 298.6  40.5 298.6  40.5 1.31E-04 001.6 144.3  57.8 0.317326 0.156730 0.130509 hargrave 2021-01-24 10:32:27 
TT 570 301.5  37.5 301.5  37.5 1.28E-04 001.8 137.4  57.9 0.073024 0.401552 0.106841 hargrave 2021-01-24 18:08:01 
TT 580 301.3  38.3 301.3  38.3 1.13E-04 002.3 138.7  57.6 0.416385 0.091952 0.176157 hargrave 2021-01-28 16:12:35 
TT 590 299.4  38.7 299.4  38.7 1.06E-04 001.9 141.1  58.5 0.086622 0.341315 0.090655 hargrave 2021-01-29 14:18:39 
TT 600 299.1  39.3 299.1  39.3 9.99E-05 002.5 142.2  58.3 0.091161 0.409683 0.122858 hargrave 2021-01-31 12:50:19 
TT 610 300.6  39.1 300.6  39.1 9.50E-05 002.8 140.5  57.6 0.419744 0.161553 0.125244 hargrave 2021-01-31 20:50:18 
TT 620 302.4  39.7 302.4  39.7 8.67E-05 001.7 139.9  56.0 0.240688 0.085834 0.081070 hargrave 2021-02-02 14:32:34 
TT 630 300.9  39.2 300.9  39.2 8.23E-05 001.9 140.4  57.3 0.066679 0.261125 0.088332 hargrave 2021-02-03 21:12:42 
TT 640 301.9  38.9 301.9  38.9 6.31E-05 001.6 139.1  56.8 0.126771 0.110214 0.076205 hargrave 2021-02-04 15:14:46 
TT 650 300.9  40.9 300.9  40.9 5.35E-05 001.9 142.8  56.3 0.065370 0.163553 0.050541 hargrave 2021-02-05 09:56:16 
TT 660 302.1  38.9 302.1  38.9 4.29E-05 003.0 139.0  56.7 0.204324 0.060866 0.070276 hargrave 2021-02-05 18:01:06 
TT 664 302.1  38.2 302.1  38.2 3.84E-05 002.5 137.9  57.1 0.102538 0.102355 0.093719 hargrave 2021-02-06 11:39:22 
TT 668 300.7  37.5 300.7  37.5 2.98E-05 002.8 138.0  58.4 0.140215 0.047046 0.040474 hargrave 2021-02-07 14:13:53 
TT 672 298.1  38.7 298.1  38.7 2.40E-05 001.8 142.3  59.3 0.073608 0.031935 0.014496 hargrave 2021-02-09 18:41:42 
TT 674 290.6  40.8 290.6  40.8 1.84E-05 004.5 153.9  61.5 0.094928 0.104279 0.025828 hargrave 2021-02-11 18:27:32 
TT 676 296.4  41.5 296.4  41.5 1.13E-05 000.9 148.0  58.3 0.018530 0.012514 0.013664 hargrave 2021-02-12 12:19:06 
TT 678 297.1  42.9 297.1  42.9 9.32E-06 004.2 149.0  56.9 0.036178 0.030227 0.054284 hargrave 2021-02-13 12:01:05 
