CF- 158a mag compass orientation (IGRF corrected)
   75.8 349.5  86.0               1.0
NRM    300.1  44.4 300.1  44.4 7.00E-04 001.6 144.8  36.1 0.381044 1.704337 0.931013 hargrave 2021-01-09 13:21:42 
TT 100 295.3  44.5 295.3  44.5 6.61E-04 002.9 147.7  38.7 2.150034 2.533289 0.639498 hargrave 2021-01-09 17:16:16 
TT 200 292.1  33.5 292.1  33.5 5.35E-04 001.3 138.2  47.7 0.335769 1.064335 0.486238 hargrave 2021-01-10 13:12:11 
TT 300 287.2  26.1 287.2  26.1 4.07E-04 002.3 132.6  55.4 0.799740 1.359249 0.317258 hargrave 2021-01-10 17:28:58 
TT 400 285.7  22.1 285.7  22.1 3.10E-04 001.5 127.8  58.8 0.345455 0.706409 0.229580 hargrave 2021-01-11 13:48:26 
TT 450 286.7  20.1 286.7  20.1 2.84E-04 002.5 123.6  59.0 1.211428 0.292835 0.236597 hargrave 2021-01-11 18:55:04 
TT 500 285.4  20.5 285.4  20.5 2.53E-04 002.4 125.4  59.9 0.620704 0.815785 0.202030 hargrave 2021-01-12 15:27:52 
TT 525 286.1  20.3 286.1  20.3 2.39E-04 001.1 124.4  59.4 0.317236 0.270518 0.241011 hargrave 2021-01-13 09:21:46 
TT 550 287.0  19.4 287.0  19.4 2.15E-04 002.2 122.0  59.1 0.788182 0.132574 0.211385 hargrave 2021-01-13 17:05:20 
TT 560 287.8  17.7 287.8  17.7 2.02E-04 001.2 118.5  59.1 0.252594 0.314539 0.111450 hargrave 2021-01-23 15:54:28 
TT 570 285.3  18.9 285.3  18.9 1.89E-04 002.3 122.6  60.7 0.623571 0.453517 0.059903 hargrave 2021-01-24 17:20:21 
TT 570 285.2  19.2 285.2  19.2 1.89E-04 002.7 123.2  60.7 0.715064 0.511537 0.057582 hargrave 2021-01-24 18:36:08 
TT 580 285.6  17.1 285.6  17.1 1.79E-04 001.4 119.0  61.2 0.277078 0.339006 0.090387 hargrave 2021-01-28 15:24:46 
TT 590 285.2  16.1 285.2  16.1 1.75E-04 000.7 117.5  62.0 0.114166 0.188379 0.063127 hargrave 2021-01-29 13:31:37 
TT 600 283.7  13.8 283.7  13.8 1.62E-04 001.2 113.9  64.2 0.238316 0.239286 0.072160 hargrave 2021-01-31 12:10:09 
TT 610 285.2  12.4 285.2  12.4 1.55E-04 000.6 109.8  63.3 0.159418 0.070097 0.041838 hargrave 2021-01-31 20:13:11 
TT 620 287.1  13.3 287.1  13.3 1.43E-04 000.9 110.6  61.2 0.160048 0.145013 0.089187 hargrave 2021-02-02 13:54:40 
TT 630 284.9  14.3 284.9  14.3 1.34E-04 001.5 114.0  62.9 0.154724 0.299064 0.110170 hargrave 2021-02-03 20:25:59 
TT 640 287.5  12.6 287.5  12.6 1.22E-04 001.2 109.0  61.0 0.095704 0.221826 0.101537 hargrave 2021-02-04 14:28:00 
TT 650 285.7  13.3 285.7  13.3 1.08E-04 001.1 111.4  62.5 0.062543 0.180806 0.086446 hargrave 2021-02-05 09:09:49 
TT 660 288.8  11.4 288.8  11.4 8.73E-05 001.0 105.9  60.1 0.088772 0.113217 0.065405 hargrave 2021-02-05 17:14:30 
TT 664 289.0  09.4 289.0  09.4 7.66E-05 001.1 102.0  60.3 0.069647 0.105592 0.073731 hargrave 2021-02-06 10:54:06 
TT 668 287.0  11.4 287.0  11.4 6.43E-05 002.4 106.8  61.8 0.227361 0.137306 0.030139 hargrave 2021-02-07 13:35:00 
TT 672 288.2  12.6 288.2  12.6 5.20E-05 001.8 108.7  60.3 0.105736 0.128096 0.023974 hargrave 2021-02-09 18:08:52 
TT 674 288.6  01.8 288.6  01.8 3.46E-05 001.5 086.6  60.8 0.055469 0.072007 0.017998 hargrave 2021-02-11 17:54:30 
TT 676 292.5  10.4 292.5  10.4 2.57E-05 002.2 102.9  56.7 0.083924 0.059626 0.008480 hargrave 2021-02-12 11:42:42 
TT 678 291.7 -00.2 291.7 -00.2 1.81E-05 001.8 083.3  57.6 0.037920 0.033541 0.025557 hargrave 2021-02-13 11:33:04 
TT 680 304.3  07.4 304.3  07.4 1.70E-05 004.0 096.5  45.3 0.106662 0.049934 0.017616 hargrave 2021-02-13 16:27:44 
TT 682 312.3  23.6 312.3  23.6 1.08E-05 004.4 116.3  35.5 0.065946 0.051738 0.015032 hargrave 2021-02-16 11:02:30 
TT 684 337.8  24.8 337.8  24.8 4.75E-06 004.7 114.5  12.3 0.033154 0.022397 0.005808 hargrave 2021-02-16 17:19:11 
