CF- 173a mag compass orientation (IGRF corrected)
     85 340.5  89.0               1.0
NRM    269.5  34.6 269.5  34.6 4.23E-04 003.4 154.2  52.0 1.506387 2.045559 0.247634 hargrave 2021-01-09 13:41:18 
TT 100 272.4  34.0 272.4  34.0 3.97E-04 002.2 150.5  51.2 1.056468 1.137524 0.207974 hargrave 2021-01-09 17:36:04 
TT 200 274.7  30.8 274.7  30.8 3.59E-04 001.8 144.8  52.4 0.673508 0.905318 0.152220 hargrave 2021-01-10 13:35:27 
TT 300 273.6  27.9 273.6  27.9 2.82E-04 001.2 142.7  55.2 0.376770 0.415355 0.097053 hargrave 2021-01-10 17:53:04 
TT 400 274.7  24.4 274.7  24.4 2.05E-04 000.7 136.9  56.9 0.207316 0.157339 0.063906 hargrave 2021-01-11 14:07:27 
TT 450 274.3  25.1 274.3  25.1 1.81E-04 001.0 138.2  56.7 0.272653 0.212408 0.068986 hargrave 2021-01-11 19:13:55 
TT 500 273.7  23.7 273.7  23.7 1.56E-04 001.2 137.0  58.0 0.302227 0.173319 0.046710 hargrave 2021-01-12 15:47:33 
TT 525 274.9  23.9 274.9  23.9 1.47E-04 001.9 135.9  57.1 0.414314 0.290406 0.047800 hargrave 2021-01-13 09:41:24 
TT 550 274.7  23.6 274.7  23.6 1.22E-04 002.1 135.7  57.4 0.382685 0.241385 0.054806 hargrave 2021-01-13 17:25:35 
TT 560 275.7  24.3 275.7  24.3 1.05E-04 002.7 135.8  56.3 0.299226 0.384632 0.092551 hargrave 2021-01-24 10:13:11 
TT 570 274.7  25.0 274.7  25.0 9.32E-05 002.0 137.7  56.5 0.226835 0.240124 0.085705 hargrave 2021-01-24 17:44:05 
TT 570 274.5  25.0 274.5  25.0 9.32E-05 001.9 137.9  56.6 0.216619 0.218351 0.082352 hargrave 2021-01-24 18:59:51 
TT 580 278.9  22.8 278.9  22.8 8.86E-05 002.0 130.4  54.9 0.251904 0.193263 0.064388 hargrave 2021-01-28 15:48:10 
TT 590 275.4  26.8 275.4  26.8 7.65E-05 001.7 139.3  54.8 0.162186 0.165632 0.060417 hargrave 2021-01-29 13:54:57 
TT 600 274.4  26.0 274.4  26.0 6.36E-05 001.6 139.4  56.0 0.130940 0.131279 0.033470 hargrave 2021-01-31 12:31:11 
TT 610 278.6  28.2 278.6  28.2 5.72E-05 003.3 137.8  51.8 0.238329 0.228893 0.068358 hargrave 2021-01-31 20:31:49 
TT 620 280.3  28.6 280.3  28.6 4.93E-05 001.3 136.8  50.4 0.077797 0.098144 0.060999 hargrave 2021-02-02 14:13:40 
TT 630 278.9  28.7 278.9  28.7 4.94E-05 000.6 138.2  51.3 0.053040 0.040823 0.048772 hargrave 2021-02-03 20:49:22 
TT 640 284.0  25.6 284.0  25.6 4.07E-05 001.1 130.1  49.4 0.055888 0.073959 0.036367 hargrave 2021-02-04 14:51:30 
TT 650 286.4  24.6 286.4  24.6 3.48E-05 001.1 127.1  48.0 0.072271 0.054439 0.039471 hargrave 2021-02-05 09:33:12 
TT 660 285.8  29.9 285.8  29.9 2.62E-05 002.7 134.2  45.7 0.108210 0.083065 0.022843 hargrave 2021-02-05 17:37:58 
TT 664 277.6  25.5 277.6  25.5 1.85E-05 003.9 135.5  54.2 0.090999 0.090773 0.039209 hargrave 2021-02-06 11:16:03 
TT 668 298.2  19.4 298.2  19.4 1.97E-05 003.5 114.6  39.8 0.061463 0.080075 0.099320 hargrave 2021-02-07 13:54:10 
