CF- 150a mag compass orientation (IGRF corrected)
   70.4  13.5  80.0               1.0
NRM    320.3  57.0 320.3  57.0 4.07E-04 002.9 156.5  35.1 0.323634 1.918514 0.738264 hargrave 2021-01-09 13:08:23 
TT 100 310.9  58.1 310.9  58.1 3.90E-04 004.1 162.1  37.6 0.355539 2.660025 0.698522 hargrave 2021-01-09 17:02:45 
TT 200 304.7  50.0 304.7  50.0 2.98E-04 003.2 160.4  46.3 0.113629 1.585276 0.430401 hargrave 2021-01-10 12:56:27 
TT 300 300.9  42.2 300.9  42.2 2.17E-04 002.3 157.6  54.4 0.234452 0.783098 0.350842 hargrave 2021-01-10 17:13:15 
TT 400 299.7  38.6 299.7  38.6 1.56E-04 002.4 155.8  58.0 0.210219 0.613306 0.167074 hargrave 2021-01-11 13:36:59 
TT 450 299.8  37.3 299.8  37.3 1.38E-04 001.7 154.3  59.0 0.152100 0.350014 0.176095 hargrave 2021-01-11 18:43:37 
TT 500 303.4  35.7 303.4  35.7 1.20E-04 002.7 148.0  58.5 0.167654 0.503877 0.185937 hargrave 2021-01-12 15:15:59 
TT 525 297.2  37.7 297.2  37.7 1.14E-04 001.6 158.2  59.7 0.217965 0.193944 0.136283 hargrave 2021-01-13 09:09:15 
TT 550 299.1  35.8 299.1  35.8 9.92E-05 002.2 153.7  60.5 0.085652 0.339948 0.136449 hargrave 2021-01-13 16:53:28 
TT 560 300.5  34.0 300.5  34.0 9.50E-05 001.7 149.6  61.4 0.183422 0.169975 0.147113 hargrave 2021-01-23 15:40:10 
TT 570 299.2  33.1 299.2  33.1 8.78E-05 003.0 150.3  62.7 0.076518 0.416728 0.190482 hargrave 2021-01-24 17:06:01 
TT 570 299.2  33.1 299.2  33.1 8.78E-05 003.0 150.2  62.8 0.072741 0.418256 0.184214 hargrave 2021-01-24 18:21:50 
TT 580 299.1  32.3 299.1  32.3 8.35E-05 001.8 149.3  63.4 0.110150 0.193863 0.135471 hargrave 2021-01-28 15:10:38 
TT 590 298.8  32.4 298.8  32.4 7.93E-05 001.8 149.9  63.5 0.168072 0.126218 0.131684 hargrave 2021-01-29 13:17:21 
TT 600 295.9  31.8 295.9  31.8 7.36E-05 002.5 154.1  65.4 0.082943 0.298811 0.070441 hargrave 2021-01-31 11:58:29 
TT 610 301.2  27.1 301.2  27.1 6.36E-05 002.5 138.1  66.1 0.210591 0.139306 0.136533 hargrave 2021-01-31 20:02:02 
TT 620 293.8  31.9 293.8  31.9 5.71E-05 001.6 158.0  66.1 0.075893 0.132854 0.060292 hargrave 2021-02-02 13:43:04 
TT 630 302.4  28.0 302.4  28.0 5.53E-05 001.8 137.9  64.8 0.066659 0.146945 0.074747 hargrave 2021-02-03 20:12:41 
TT 640 304.4  26.6 304.4  26.6 4.37E-05 001.9 132.9  64.2 0.094657 0.092019 0.076120 hargrave 2021-02-04 14:14:37 
TT 650 303.4  28.2 303.4  28.2 3.92E-05 001.5 136.9  63.9 0.079604 0.050374 0.055053 hargrave 2021-02-05 08:56:29 
TT 660 302.0  28.4 302.0  28.4 3.34E-05 001.7 139.3  64.7 0.066400 0.046680 0.063910 hargrave 2021-02-05 17:01:05 
TT 664 301.7  31.3 301.7  31.3 2.83E-05 001.6 144.2  62.8 0.040589 0.050737 0.057340 hargrave 2021-02-06 10:40:43 
TT 668 301.5  31.8 301.5  31.8 2.35E-05 001.0 145.3  62.6 0.014717 0.036681 0.040242 hargrave 2021-02-07 13:23:11 
TT 672 291.1  38.7 291.1  38.7 1.92E-05 003.1 167.8  60.5 0.027959 0.100224 0.029032 hargrave 2021-02-09 17:57:14 
TT 674 292.9  39.8 292.9  39.8 1.77E-05 001.7 165.9  59.1 0.027053 0.041299 0.032096 hargrave 2021-02-11 17:43:03 
TT 676 305.0  15.6 305.0  15.6 1.83E-05 002.4 107.2  68.3 0.060665 0.037390 0.036529 hargrave 2021-02-12 11:28:43 
TT 678 295.2  42.2 295.2  42.2 1.40E-05 001.9 164.4  56.3 0.019289 0.025347 0.041575 hargrave 2021-02-13 11:27:04 
TT 680 303.5  05.8 303.5  05.8 1.34E-05 001.6 079.6  69.8 0.009961 0.026554 0.038246 hargrave 2021-02-13 16:21:08 
TT 682 282.9  44.6 282.9  44.6 1.21E-05 003.4 180.8  55.4 0.017121 0.069318 0.028152 hargrave 2021-02-16 10:55:02 
TT 684 303.5 -03.0 303.5 -03.0 3.65E-06 031.8 057.8  66.2 0.084412 0.133077 0.355734 hargrave 2021-02-16 17:13:15 
TT 684 303.3 -00.2 303.3 -00.2 7.31E-06 003.7 063.7  67.8 0.029360 0.034901 0.010698 hargrave 2021-02-16 18:17:55 
