CF- 177a mag compass orientation (IGRF corrected)
     88   1.5  89.0               1.0
NRM    273.1  52.3 273.1  52.3 1.64E-04 003.1 178.8  38.7 0.137966 0.864437 0.095905 hargrave 2021-01-09 13:48:15 
TT 100 276.6  49.8 276.6  49.8 1.50E-04 001.1 175.6  41.0 0.072041 0.264426 0.065266 hargrave 2021-01-09 17:44:19 
TT 200 281.0  48.5 281.0  48.5 1.34E-04 002.6 171.6  41.8 0.364550 0.362973 0.326768 hargrave 2021-01-10 13:44:34 
TT 300 283.8  48.1 283.8  48.1 8.36E-05 002.1 169.0  41.7 0.183746 0.151416 0.193630 hargrave 2021-01-10 18:02:12 
TT 400 280.5  49.8 280.5  49.8 5.20E-05 002.8 172.4  40.6 0.115388 0.230699 0.036697 hargrave 2021-01-11 14:37:59 
TT 450 289.9  47.2 289.9  47.2 5.06E-05 002.1 163.4  41.1 0.143263 0.117066 0.077954 hargrave 2021-01-11 19:20:47 
TT 500 285.8  46.1 285.8  46.1 4.83E-05 002.2 166.4  43.2 0.093302 0.171800 0.031339 hargrave 2021-01-12 15:54:30 
TT 525 289.5  41.2 289.5  41.2 4.48E-05 002.8 160.2  46.6 0.140719 0.165948 0.063855 hargrave 2021-01-13 09:49:12 
TT 550 298.6  42.4 298.6  42.4 3.95E-05 001.7 153.1  41.9 0.098191 0.084652 0.021412 hargrave 2021-01-13 17:33:22 
TT 560 298.8  45.5 298.8  45.5 3.56E-05 002.4 155.4  39.4 0.068857 0.137178 0.020759 hargrave 2021-01-24 10:21:05 
TT 570 306.1  44.7 306.1  44.7 3.49E-05 004.9 149.8  36.7 0.168049 0.252491 0.049487 hargrave 2021-01-24 17:52:31 
TT 570 305.7  44.8 305.7  44.8 3.49E-05 005.2 150.1  36.8 0.169369 0.269245 0.045815 hargrave 2021-01-24 19:08:21 
TT 580 305.3  44.7 305.3  44.7 3.36E-05 002.9 150.3  37.1 0.098882 0.149138 0.014850 hargrave 2021-01-28 15:57:24 
TT 590 304.6  44.1 304.6  44.1 3.41E-05 001.8 150.3  37.8 0.082369 0.084713 0.032274 hargrave 2021-01-29 14:03:22 
TT 600 306.6  41.2 306.6  41.2 3.10E-05 002.4 146.3  38.9 0.097073 0.097766 0.019322 hargrave 2021-01-31 12:38:00 
TT 610 315.5  32.6 315.5  32.6 2.87E-05 005.5 132.1  38.0 0.155542 0.230165 0.027893 hargrave 2021-01-31 20:38:32 
TT 620 311.6  35.2 311.6  35.2 2.62E-05 003.5 137.1  39.4 0.137472 0.089007 0.020453 hargrave 2021-02-02 14:20:33 
TT 630 309.5  39.8 309.5  39.8 2.65E-05 003.2 143.1  38.0 0.093113 0.123708 0.019773 hargrave 2021-02-03 20:57:45 
TT 640 309.5  36.2 309.5  36.2 2.42E-05 001.4 139.3  40.3 0.060837 0.039498 0.011601 hargrave 2021-02-04 14:59:53 
TT 650 315.7  31.4 315.7  31.4 2.11E-05 001.5 130.6  38.4 0.033171 0.051731 0.012114 hargrave 2021-02-05 09:41:30 
TT 660 317.0  19.8 317.0  19.8 1.77E-05 002.9 116.1  41.7 0.071264 0.058261 0.011522 hargrave 2021-02-05 17:46:18 
TT 664 305.1  32.1 305.1  32.1 1.22E-05 001.5 138.0  45.6 0.020417 0.025600 0.017962 hargrave 2021-02-06 11:24:26 
TT 668 303.6  29.5 303.6  29.5 1.14E-05 001.6 135.9  48.2 0.027172 0.018397 0.012906 hargrave 2021-02-07 14:01:52 
TT 672 322.4  16.7 322.4  16.7 1.32E-05 001.9 110.4  37.5 0.046153 0.012142 0.012178 hargrave 2021-02-09 18:32:38 
TT 674 300.3  25.7 300.3  25.7 9.14E-06 001.3 134.1  52.8 0.018380 0.008427 0.022591 hargrave 2021-02-11 18:18:12 
TT 676 312.7  33.2 312.7  33.2 1.31E-05 003.7 134.2  39.8 0.069017 0.046715 0.023434 hargrave 2021-02-12 12:07:55 
TT 678 335.0  08.8 335.0  08.8 1.27E-05 002.9 099.4  26.4 0.048848 0.046071 0.017239 hargrave 2021-02-13 11:54:41 
