CF- 143a sun compass orientation
   66.2 348.7  69.0               1.0
NRM    321.5  46.1 321.5  46.1 2.44E-04 001.3 132.2  33.6 0.216743 0.466843 0.235439 hargrave 2021-01-09 12:59:41 
TT 100 320.0  47.6 320.0  47.6 2.40E-04 001.1 134.1  34.5 0.374320 0.172125 0.227050 hargrave 2021-01-09 16:54:41 
TT 200 316.6  44.2 316.6  44.2 2.23E-04 001.7 130.3  37.3 0.346096 0.526960 0.184499 hargrave 2021-01-10 12:46:26 
TT 300 307.1  37.6 307.1  37.6 1.67E-04 001.8 122.8  45.2 0.496229 0.160624 0.112666 hargrave 2021-01-10 17:03:15 
TT 400 306.3  33.7 306.3  33.7 1.22E-04 004.3 117.2  46.3 0.751684 0.534193 0.069326 hargrave 2021-01-11 13:28:55 
TT 450 306.3  29.1 306.3  29.1 1.07E-04 002.4 110.6  46.4 0.364028 0.257249 0.077220 hargrave 2021-01-11 18:35:38 
TT 500 306.0  29.5 306.0  29.5 9.46E-05 000.8 111.2  46.7 0.105948 0.069407 0.061146 hargrave 2021-01-12 15:07:39 
TT 525 305.5  31.6 305.5  31.6 8.86E-05 000.9 114.3  47.1 0.103320 0.082865 0.041151 hargrave 2021-01-13 09:00:57 
TT 550 305.8  29.8 305.8  29.8 7.91E-05 001.2 111.6  46.8 0.159073 0.035205 0.044871 hargrave 2021-01-13 16:45:03 
TT 560 303.7  29.8 303.7  29.8 7.41E-05 001.1 111.7  48.6 0.113505 0.054267 0.066624 hargrave 2021-01-23 15:30:10 
TT 570 304.0  28.1 304.0  28.1 6.82E-05 001.5 109.2  48.4 0.155223 0.045144 0.083401 hargrave 2021-01-24 16:56:06 
TT 570 304.0  28.2 304.0  28.2 6.82E-05 001.6 109.3  48.5 0.169034 0.041022 0.080867 hargrave 2021-01-24 18:11:57 
TT 580 306.3  32.8 306.3  32.8 6.51E-05 004.0 116.0  46.4 0.379308 0.243802 0.074026 hargrave 2021-01-28 15:00:42 
TT 590 304.4  29.4 304.4  29.4 5.83E-05 001.4 111.1  48.1 0.085142 0.098905 0.065052 hargrave 2021-01-29 13:07:19 
TT 600 303.2  27.1 303.2  27.1 5.61E-05 003.3 107.6  49.1 0.271296 0.157251 0.066320 hargrave 2021-01-31 11:50:07 
TT 610 301.8  26.7 301.8  26.7 5.32E-05 002.2 106.9  50.4 0.166693 0.078853 0.096916 hargrave 2021-01-31 19:51:54 
TT 620 299.1  22.9 299.1  22.9 4.39E-05 002.4 100.6  52.6 0.163390 0.085870 0.030266 hargrave 2021-02-02 13:34:16 
TT 630 306.7  18.1 306.7  18.1 4.33E-05 001.0 095.0  44.9 0.068274 0.023231 0.046538 hargrave 2021-02-03 20:01:31 
TT 640 302.8  25.1 302.8  25.1 3.43E-05 001.2 104.5  49.4 0.056912 0.043383 0.027822 hargrave 2021-02-04 14:04:16 
TT 650 310.3  17.1 310.3  17.1 3.11E-05 000.9 094.7  41.3 0.035662 0.030057 0.036147 hargrave 2021-02-05 08:46:09 
TT 660 304.6  19.2 304.6  19.2 2.22E-05 001.8 096.0  47.0 0.061878 0.032847 0.011666 hargrave 2021-02-05 16:50:43 
TT 664 307.5  07.0 307.5  07.0 1.85E-05 002.2 080.9  40.8 0.070176 0.021426 0.011313 hargrave 2021-02-06 10:29:29 
TT 668 303.0  25.7 303.0  25.7 1.29E-05 002.7 105.4  49.3 0.054867 0.025214 0.011346 hargrave 2021-02-07 13:14:26 
TT 672 324.8  27.7 324.8  27.7 1.18E-05 002.1 110.7  30.1 0.043006 0.016246 0.011736 hargrave 2021-02-09 17:48:29 
TT 674 271.6 -04.5 271.6 -04.5 7.73E-06 001.0 027.8  61.5 0.009416 0.010549 0.004426 hargrave 2021-02-11 17:34:22 
TT 676 316.8 -17.3 316.8 -17.3 9.66E-06 002.6 060.5  21.4 0.037833 0.026632 0.008224 hargrave 2021-02-12 11:18:14 
