CF- 169a mag compass orientation (IGRF corrected)
   82.4 356.5  85.0               1.0
NRM    306.7  43.3 306.7  43.3 1.85E-04 004.4 143.4  37.8 1.165710 0.598397 0.594330 hargrave 2021-01-09 13:37:18 
TT 100 304.5  38.3 304.5  38.3 9.02E-05 061.7 139.5  42.1 5.438971 4.653402 6.460189 hargrave 2021-01-09 17:32:21 
TT 100 307.7  38.4 307.7  38.4 1.80E-04 005.6 137.8  39.9 1.391660 0.922272 0.589150 hargrave 2021-01-09 18:18:35 
TT 200 299.6  40.4 299.6  40.4 1.68E-04 002.5 144.9  43.8 0.534692 0.079998 0.493064 hargrave 2021-01-10 13:30:54 
TT 300 297.0  34.9 297.0  34.9 1.39E-04 002.4 140.7  49.0 0.416647 0.187649 0.383483 hargrave 2021-01-10 17:48:31 
TT 400 297.2  36.3 297.2  36.3 9.45E-05 003.5 142.2  47.9 0.440697 0.095508 0.376731 hargrave 2021-01-11 14:03:46 
TT 450 296.8  31.1 296.8  31.1 8.35E-05 003.0 136.1  51.4 0.390776 0.118204 0.173559 hargrave 2021-01-11 19:10:16 
TT 500 295.5  32.5 295.5  32.5 6.71E-05 002.8 139.1  51.4 0.272271 0.136677 0.137423 hargrave 2021-01-12 15:43:42 
TT 525 298.2  30.1 298.2  30.1 6.31E-05 003.0 133.7  51.0 0.289865 0.125908 0.128430 hargrave 2021-01-13 09:37:31 
TT 550 297.5  29.9 297.5  29.9 5.48E-05 003.1 134.1  51.6 0.271204 0.053196 0.112982 hargrave 2021-01-13 17:21:45 
TT 560 299.0  30.3 299.0  30.3 4.96E-05 001.6 133.4  50.3 0.080125 0.096349 0.065983 hargrave 2021-01-24 10:09:23 
TT 570 296.6  29.2 296.6  29.2 4.70E-05 001.5 133.8  52.6 0.080813 0.090880 0.042764 hargrave 2021-01-24 17:39:18 
TT 570 296.5  29.3 296.5  29.3 4.71E-05 001.5 134.1  52.6 0.073488 0.097939 0.042990 hargrave 2021-01-24 18:55:05 
TT 580 299.5  30.6 299.5  30.6 4.43E-05 002.1 133.4  49.8 0.133936 0.063394 0.070958 hargrave 2021-01-28 15:43:38 
TT 590 295.0  29.6 295.0  29.6 4.12E-05 002.1 135.7  53.6 0.121483 0.080390 0.054712 hargrave 2021-01-29 13:50:27 
TT 600 298.2  30.8 298.2  30.8 3.74E-05 003.0 134.8  50.6 0.175930 0.094261 0.046410 hargrave 2021-01-31 12:25:58 
TT 610 302.5  27.1 302.5  27.1 3.44E-05 002.5 126.8  49.2 0.108253 0.144305 0.021049 hargrave 2021-01-31 20:28:18 
TT 620 299.8  29.8 299.8  29.8 3.12E-05 004.2 132.2  50.0 0.208853 0.087152 0.048390 hargrave 2021-02-02 14:10:00 
TT 630 302.9  27.7 302.9  27.7 3.19E-05 006.2 127.4  48.6 0.326530 0.109571 0.048655 hargrave 2021-02-03 20:44:51 
TT 640 300.8  32.5 300.8  32.5 2.37E-05 002.8 135.0  47.8 0.106265 0.033080 0.049543 hargrave 2021-02-04 14:46:44 
TT 650 304.5  21.9 304.5  21.9 2.14E-05 004.1 118.3  49.5 0.148489 0.023781 0.037848 hargrave 2021-02-05 09:28:28 
TT 660 293.8  29.1 293.8  29.1 1.66E-05 004.3 136.1  54.7 0.118747 0.035756 0.025500 hargrave 2021-02-05 17:33:13 
TT 664 308.6  34.2 308.6  34.2 1.46E-05 005.0 132.4  41.3 0.117166 0.049366 0.022383 hargrave 2021-02-06 11:11:17 
TT 668 291.5  25.1 291.5  25.1 1.22E-05 002.5 132.5  58.7 0.037240 0.031458 0.021134 hargrave 2021-02-07 13:50:14 
TT 672 294.5  31.2 294.5  31.2 1.15E-05 003.6 138.3  52.9 0.069532 0.011393 0.021662 hargrave 2021-02-09 18:23:24 
TT 674 295.1  27.6 295.1  27.6 8.97E-06 002.0 132.8  54.7 0.035460 0.014527 0.013496 hargrave 2021-02-11 18:08:42 
TT 676 307.6  07.0 307.6  07.0 1.01E-05 002.7 094.9  49.1 0.046868 0.017497 0.012720 hargrave 2021-02-12 11:58:55 
TT 678 295.9  42.7 295.9  42.7 8.58E-06 005.3 149.8  44.2 0.057382 0.058978 0.013659 hargrave 2021-02-13 11:47:09 
TT 680 299.8  03.1 299.8  03.1 7.81E-06 002.8 088.0  56.7 0.037806 0.017475 0.021304 hargrave 2021-02-13 16:41:22 
TT 682 300.2  50.5 300.2  50.5 3.75E-06 051.9 154.0  36.5 0.289697 0.142136 0.238298 hargrave 2021-02-16 11:19:13 
TT 682 305.7  47.4 305.7  47.4 7.38E-06 001.6 148.1  35.9 0.017361 0.009739 0.010876 hargrave 2021-02-16 12:17:02 
TT 684 298.8  42.4 298.8  42.4 4.88E-06 003.4 147.5  42.9 0.025095 0.015008 0.005971 hargrave 2021-02-16 17:35:34 
