CF- 155a mag compass orientation (IGRF corrected)
   73.5  17.5  89.0               1.0
NRM    302.8  51.0 302.8  51.0 5.01E-04 003.1 167.8  38.4 1.070522 2.449320 0.565993 hargrave 2021-01-09 13:17:51 
TT 100 300.8  49.1 300.8  49.1 4.50E-04 002.5 168.6  40.5 0.840217 1.683366 0.558126 hargrave 2021-01-09 17:12:03 
TT 200 298.4  42.0 298.4  42.0 3.68E-04 001.4 167.9  47.8 0.489938 0.718753 0.311761 hargrave 2021-01-10 13:06:55 
TT 300 293.3  35.1 293.3  35.1 2.56E-04 001.9 171.6  55.4 0.422128 0.710406 0.211530 hargrave 2021-01-10 17:24:32 
TT 400 166.2  87.9 166.2  87.9 8.97E-05 060.3 181.8 -00.1 0.111391 0.940948 15.95805 hargrave 2021-01-11 13:44:54 
TT 400 292.6  32.2 292.6  32.2 1.75E-04 002.4 171.7  58.4 0.547589 0.460985 0.189956 hargrave 2021-01-11 15:10:02 
TT 450 294.2  31.5 294.2  31.5 1.57E-04 002.6 168.9  58.8 0.271798 0.627136 0.164558 hargrave 2021-01-11 18:51:29 
TT 500 289.0  33.0 289.0  33.0 1.32E-04 002.5 177.6  58.0 0.210350 0.527067 0.105255 hargrave 2021-01-12 15:24:10 
TT 525 293.0  31.9 293.0  31.9 1.21E-04 001.9 170.9  58.7 0.282950 0.238439 0.140545 hargrave 2021-01-13 09:18:05 
TT 550 291.6  31.7 291.6  31.7 9.90E-05 001.9 173.2  59.1 0.237081 0.215768 0.090356 hargrave 2021-01-13 17:01:39 
TT 560 292.6  33.0 292.6  33.0 9.14E-05 000.7 172.0  57.7 0.099393 0.074458 0.027666 hargrave 2021-01-23 15:49:59 
TT 570 289.2  32.8 289.2  32.8 8.20E-05 001.1 177.2  58.2 0.077735 0.133850 0.069828 hargrave 2021-01-24 17:15:53 
TT 570 290.0  32.7 290.0  32.7 8.20E-05 001.7 176.0  58.2 0.079734 0.230030 0.064222 hargrave 2021-01-24 18:31:42 
TT 580 293.2  32.5 293.2  32.5 7.67E-05 001.4 170.9  58.1 0.071968 0.181275 0.024204 hargrave 2021-01-28 15:20:21 
TT 590 287.4  34.5 287.4  34.5 7.11E-05 002.1 180.2  56.5 0.063760 0.255143 0.025440 hargrave 2021-01-29 13:27:11 
TT 600 287.2  33.7 287.2  33.7 5.94E-05 000.9 180.5  57.3 0.080944 0.062090 0.017456 hargrave 2021-01-31 12:06:43 
TT 610 296.6  31.5 296.6  31.5 5.19E-05 004.3 165.2  58.3 0.136499 0.368191 0.030400 hargrave 2021-01-31 20:09:48 
TT 620 284.1  30.9 284.1  30.9 4.26E-05 001.7 185.8  60.0 0.111008 0.076165 0.019760 hargrave 2021-02-02 13:51:05 
TT 630 298.0  34.7 298.0  34.7 3.87E-05 001.4 164.8  54.9 0.091768 0.051772 0.018063 hargrave 2021-02-03 20:21:33 
TT 640 283.7  39.4 283.7  39.4 3.15E-05 001.3 184.8  51.5 0.066553 0.040522 0.017935 hargrave 2021-02-04 14:23:43 
TT 650 296.4  23.2 296.4  23.2 2.03E-05 002.0 159.3  66.1 0.053546 0.048747 0.007307 hargrave 2021-02-05 09:05:34 
TT 660 276.0  43.2 276.0  43.2 1.88E-05 002.4 192.2  46.6 0.048319 0.054520 0.036674 hargrave 2021-02-05 17:10:11 
TT 664 283.0  49.0 283.0  49.0 1.66E-05 001.4 184.0  41.9 0.034229 0.022863 0.019844 hargrave 2021-02-06 10:49:39 
TT 668 306.7  45.6 306.7  45.6 1.27E-05 003.1 161.9  42.3 0.015424 0.066250 0.017147 hargrave 2021-02-07 13:31:25 
TT 672 261.2  27.8 261.2  27.8 9.81E-06 001.8 220.8  53.2 0.012203 0.027163 0.011482 hargrave 2021-02-09 18:04:41 
TT 674 289.8  65.8 289.8  65.8 8.68E-06 001.8 178.9  25.2 0.017249 0.023911 0.007462 hargrave 2021-02-11 17:50:21 
TT 676 272.9  59.2 272.9  59.2 8.09E-06 005.3 188.6  30.7 0.019090 0.073945 0.005373 hargrave 2021-02-12 11:37:49 
